0 0 0
10 2.070590754524496e-19 0.5
20 3.533179743784101e-14 1
30 2.34364368190132e-11 1.5
40 9.605164441595093e-10 2
50 1.446452841946666e-07 2.5
60 2.057812480416032e-06 3
70 1.940979200298898e-05 3.5
80 8.749973494559526e-05 4
90 0.00021737179486081 4.5
100 0.0003949896490667015 5
110 0.0004938220954500139 5.5
120 0.0005399130750447512 6
130 0.0006581660709343851 6.5
140 0.0006521342438645661 7
150 0.0006286894204095006 7.5
160 0.0006060695741325617 8
170 0.0006967561203055084 8.5
180 0.001212449395097792 9
190 0.002228260040283203 9.5
200 0.003255844349041581 10
210 0.004636024590581656 10.5
220 0.005626922938972712 11
230 0.006247222889214754 11.5
240 0.006390344817191362 12
250 0.00620734179392457 12.5
260 0.006988454144448042 13
270 0.009221713058650494 13.5
280 0.01088581793010235 14
290 0.01183076854795218 14.5
300 0.01388141419738531 15
310 0.01573186554014683 15.5
320 0.01656397245824337 16
330 0.01784467324614525 16.5
340 0.01818576827645302 17
350 0.01805653236806393 17.5
360 0.018016142770648 18
370 0.0181090347468853 18.5
380 0.01828191243112087 19
390 0.01857323572039604 19.5
400 0.0189598836004734 20
410 0.01939589530229568 20.5
420 0.01981975883245468 21
430 0.02015448361635208 21.5
440 0.02047246322035789 22
450 0.0207603108137846 22.5
460 0.02096358127892017 23
470 0.02105632610619068 23.5
480 0.02106877043843269 24
490 0.02103843539953232 24.5
500 0.02150237187743187 25
510 0.02155415341258049 25.5
520 0.02140399813652039 26
530 0.02121796458959579 26.5
540 0.02104124240577221 27
550 0.02088172174990177 27.5
560 0.02073952741920948 28
570 0.02061145007610321 28.5
580 0.0204886682331562 29
590 0.02051329053938389 29.5
600 0.02058392576873302 30
610 0.02064468897879124 30.5
620 0.02067980915307999 31
630 0.02070215530693531 31.5
640 0.02072222530841827 32
650 0.02073734812438488 32.5
660 0.02075708843767643 33
670 0.0207767877727747 33.5
680 0.02080222591757774 34
690 0.02086924761533737 34.5
700 0.02102212235331535 35
710 0.02115844562649727 35.5
720 0.02126121148467064 36
730 0.02132816985249519 36.5
740 0.02134670875966549 37
750 0.02131497487425804 37.5
760 0.02138088084757328 38
770 0.02156904153525829 38.5
780 0.02151775173842907 39
790 0.02136823348701 39.5
800 0.02121410332620144 40
810 0.02120289206504822 40.5
820 0.0211603008210659 41
830 0.0211067833006382 41.5
840 0.02107123471796513 42
850 0.02107395604252815 42.5
860 0.02114796079695225 43
870 0.0213001873344183 43.5
880 0.02149255573749542 44
890 0.02167502790689468 44.5
900 0.02181649394333363 45
910 0.02191230468451977 45.5
920 0.0219463724642992 46
930 0.02192920818924904 46.5
940 0.02189129777252674 47
950 0.02181514911353588 47.5
960 0.02167057059705257 48
970 0.02150183729827404 48.5
980 0.02154280990362167 49
990 0.02155764028429985 49.5
1000 0.02152535505592823 50
1010 0.02142447605729103 50.5
1020 0.02121858485043049 51
1030 0.02108594961464405 51.5
1040 0.02122071944177151 52
1050 0.02131328359246254 52.5
1060 0.02135802432894707 53
1070 0.02146769687533379 53.5
1080 0.02158700302243233 54
1090 0.02169103547930717 54.5
1100 0.02177468314766884 55
1110 0.02190611697733402 55.5
1120 0.02207146212458611 56
1130 0.0222313217818737 56.5
1140 0.02237645722925663 57
1150 0.02249565348029137 57.5
1160 0.0225734505802393 58
1170 0.02259975858032703 58.5
1180 0.02257447503507137 59
1190 0.02250286750495434 59.5
1200 0.0223956722766161 60
1210 0.02226374298334122 60.5
1220 0.02211564406752586 61
1230 0.02196146175265312 61.5
1240 0.02180417813360691 62
1250 0.02164742909371853 62.5
1260 0.02149481698870659 63
1270 0.0213494673371315 63.5
1280 0.02121609635651112 64
1290 0.02109704725444317 64.5
1300 0.02099204063415527 65
1310 0.02089154720306396 65.5
1320 0.02078112214803696 66
1330 0.02066719718277454 66.5
1340 0.02054884284734726 67
1350 0.02042579278349876 67.5
1360 0.02030349150300026 68
1370 0.02027978003025055 68.5
1380 0.02026180550456047 69
1390 0.02025843597948551 69.5
1400 0.02024312503635883 70
1410 0.0202172826975584 70.5
1420 0.02032836154103279 71
1430 0.02044568210840225 71.5
1440 0.02055303938686848 72
1450 0.02064656279981136 72.5
1460 0.02072420157492161 73
1470 0.02078524045646191 73.5
1480 0.02083011902868748 74
1490 0.0208596121519804 74.5
1500 0.02087336219847202 75
1510 0.02087190560996532 75.5
1520 0.02085741423070431 76
1530 0.02083089388906956 76.5
1540 0.02083582989871502 77
1550 0.02095643617212772 77.5
1560 0.02106947265565395 78
1570 0.02118214033544064 78.5
1580 0.02128754928708076 79
1590 0.02136534452438354 79.5
1600 0.02140414342284203 80
1610 0.02140478789806366 80.5
1620 0.02140034548938274 81
1630 0.02135869674384594 81.5
1640 0.02128098346292973 82
1650 0.02117869444191456 82.5
1660 0.02106376737356186 83
1670 0.02093599364161491 83.5
1680 0.02079571597278118 84
1690 0.02068746834993362 84.5
1700 0.02063718438148499 85
1710 0.02057213149964809 85.5
1720 0.02050561457872391 86
1730 0.02044123969972134 86.5
1740 0.0203775055706501 87
1750 0.02031001262366772 87.5
1760 0.02023529633879662 88
1770 0.02015026472508907 88.5
1780 0.02005424536764622 89
1790 0.01994126290082932 89.5
1800 0.01978518627583981 90
1810 0.01957166381180286 90.5
1820 0.01933017745614052 91
1830 0.01928235404193401 91.5
1840 0.01944728754460812 92
1850 0.01964950934052467 92.5
1860 0.0198796521872282 93
1870 0.02012529969215393 93.5
1880 0.02036841213703156 94
1890 0.02058349922299385 94.5
1900 0.02075307630002499 95
1910 0.02087053842842579 95.5
1920 0.0209343247115612 96
1930 0.02094817906618118 96.5
1940 0.02092402428388596 97
1950 0.02087900601327419 97.5
1960 0.02084115520119667 98
1970 0.02083955146372318 98.5
1980 0.02084373869001865 99
1990 0.02086701430380344 99.5
2000 0.02091686613857746 100
2010 0.02099752426147461 100.5
2020 0.02110880985856056 101
2030 0.02124734781682491 101.5
2040 0.0214071050286293 102
2050 0.02158023416996002 102.5
2060 0.02175674960017204 103
2070 0.02192500233650208 103.5
2080 0.02206813357770443 104
2090 0.0221865251660347 104.5
2100 0.02238046377897263 105
2110 0.02257260121405125 105.5
2120 0.02269964665174484 106
2130 0.02273574285209179 106.5
2140 0.02270829863846302 107
2150 0.02267556823790073 107.5
2160 0.02263780497014523 108
2170 0.02256789989769459 108.5
2180 0.02245372347533703 109
2190 0.02229749411344528 109.5
2200 0.02213827148079872 110
2210 0.02199435047805309 110.5
2220 0.02186864614486694 111
2230 0.02175881899893284 111.5
2240 0.02166002057492733 112
2250 0.02156791463494301 112.5
2260 0.02147769555449486 113
2270 0.02138712629675865 113.5
2280 0.02129621990025043 114
2290 0.02120630256831646 114.5
2300 0.02111943624913692 115
2310 0.02103807590901852 115.5
2320 0.0209664311259985 116
2330 0.02090856246650219 116.5
2340 0.02086690440773964 117
2350 0.02084184810519218 117.5
2360 0.02083155326545238 118
2370 0.02083264105021954 118.5
2380 0.02084040641784668 119
2390 0.02085051313042641 119.5
2400 0.0208577923476696 120
2410 0.02085825800895691 120.5
2420 0.0208489503711462 121
2430 0.02082677930593491 121.5
2440 0.02080019749701023 122
2450 0.02077505178749561 122.5
2460 0.0207387451082468 123
2470 0.02069347351789474 123.5
2480 0.02072539366781712 124
2490 0.02077743783593178 124.5
2500 0.02082018740475178 125
2510 0.0208570770919323 125.5
2520 0.02089142426848412 126
2530 0.02092630974948406 126.5
2540 0.02095744945108891 127
2550 0.0209809485822916 127.5
2560 0.02099722065031528 128
2570 0.02100640535354614 128.5
2580 0.02100869826972485 129
2590 0.02100356109440327 129.5
2600 0.02098848298192024 130
2610 0.02096077613532543 130.5
2620 0.02091860584914684 131
2630 0.02086137048900127 131.5
2640 0.02079001441597939 132
2650 0.02070422470569611 132.5
2660 0.02060897834599018 133
2670 0.02050301991403103 133.5
2680 0.02038523741066456 134
2690 0.02025673352181911 134.5
2700 0.02012303099036217 135
2710 0.0199903417378664 135.5
2720 0.01986383460462093 136
2730 0.01974662020802498 136.5
2740 0.01963960006833076 137
2750 0.01954013854265213 137.5
2760 0.01944722048938274 138
2770 0.01940351538360119 138.5
2780 0.01945450529456139 139
2790 0.01950617134571075 139.5
2800 0.01954980939626694 140
2810 0.01957982406020164 140.5
2820 0.01959587074816227 141
2830 0.01959418319165707 141.5
2840 0.0195742528885603 142
2850 0.01953809149563313 142.5
2860 0.01949206367135048 143
2870 0.01944551803171635 143.5
2880 0.0194045826792717 144
2890 0.01937077194452286 144.5
2900 0.01934467069804668 145
2910 0.01932769641280174 145.5
2920 0.01932326890528202 146
2930 0.01933363452553749 146.5
2940 0.01935382373631001 147
2950 0.01938267797231674 147.5
2960 0.01942005567252636 148
2970 0.01945847645401955 148.5
2980 0.01949458383023739 149
2990 0.01953052543103695 149.5
3000 0.01956694386899471 150
3010 0.01960261911153793 150.5
3020 0.01963601820170879 151
3030 0.01966620981693268 151.5
3040 0.01969321817159653 152
3050 0.01971791125833988 152.5
3060 0.01974146626889706 153
3070 0.01976408436894417 153.5
3080 0.01978451386094093 154
3090 0.01980020478367805 154.5
3100 0.0198099073022604 155
3110 0.01981089450418949 155.5
3120 0.01980065740644932 156
3130 0.01977773010730743 156.5
3140 0.01974307931959629 157
3150 0.01969946548342705 157.5
3160 0.01965277083218098 158
3170 0.01960498653352261 158.5
3180 0.01958324015140533 159
3190 0.01958208531141281 159.5
3200 0.01957263238728046 160
3210 0.01955433376133442 160.5
3220 0.01952702179551125 161
3230 0.01949134841561317 161.5
3240 0.01944826357066631 162
3250 0.0193987563252449 162.5
3260 0.01934368722140789 163
3270 0.0192841961979866 163.5
3280 0.01921848207712173 164
3290 0.0191463902592659 164.5
3300 0.01906909793615341 165
3310 0.01903028786182404 165.5
3320 0.01900171488523483 166
3330 0.01896916516125202 166.5
3340 0.01892841793596745 167
3350 0.01888066716492176 167.5
3360 0.01882713660597801 168
3370 0.01876905001699924 168.5
3380 0.01870862953364849 169
3390 0.01865080185234547 169.5
3400 0.01859841495752335 170
3410 0.01855128072202206 170.5
3420 0.01850917376577854 171
3430 0.01847182773053646 171.5
3440 0.01843918114900589 172
3450 0.01841060817241669 172.5
3460 0.01838487759232521 173
3470 0.01836116425693035 173.5
3480 0.01833970658481121 174
3490 0.0183220561593771 174.5
3500 0.01830950193107128 175
3510 0.01830158568918705 175.5
3520 0.0183570422232151 176
3530 0.01842048019170761 176.5
3540 0.0184765700250864 177
3550 0.01852628402411938 177.5
3560 0.01857076771557331 178
3570 0.01861179247498512 178.5
3580 0.01865034177899361 179
3590 0.01868677884340286 179.5
3600 0.01872142031788826 180
3610 0.01875476352870464 180.5
3620 0.0187868420034647 181
3630 0.01881732419133186 181.5
3640 0.01884598098695278 182
3650 0.01887298189103603 182.5
3660 0.01889900490641594 183
3670 0.01892366819083691 183.5
3680 0.0189436562359333 184
3690 0.01895857788622379 184.5
3700 0.01897118799388409 185
3710 0.01898402161896229 185.5
3720 0.01899828016757965 186
3730 0.0190148688852787 186.5
3740 0.01903411373496056 187
3750 0.01904934085905552 187.5
3760 0.01904585957527161 188
3770 0.01902825757861137 188.5
3780 0.01901247352361679 189
3790 0.01900796219706535 189.5
3800 0.01901342160999775 190
3810 0.01902558468282223 190.5
3820 0.0190429799258709 191
3830 0.01906449347734451 191.5
3840 0.01908889040350914 192
3850 0.01911449991166592 192.5
3860 0.01914030127227306 193
3870 0.01916592009365559 193.5
3880 0.01919098198413849 194
3890 0.01921495236456394 194.5
3900 0.01923682540655136 195
3910 0.01925514079630375 195.5
3920 0.01926841214299202 196
3930 0.01927527040243149 196.5
3940 0.01927470043301582 197
3950 0.01926618628203869 197.5
3960 0.0192496832460165 198
3970 0.01922554150223732 198.5
3980 0.01919418573379517 199
3990 0.01915629208087921 199.5
4000 0.01911218464374542 200
4010 0.01906123757362366 200.5
4020 0.01900358870625496 201
4030 0.01893967762589455 201.5
4040 0.01887206546962261 202
4050 0.01879893615841866 202.5
4060 0.01871629990637302 203
4070 0.01862192898988724 203.5
4080 0.01851468905806541 204
4090 0.01839331351220608 204.5
4100 0.01825826428830624 205
4110 0.01810882613062859 205.5
4120 0.01794474199414253 206
4130 0.01776610128581524 206.5
4140 0.01757362671196461 207
4150 0.01760949566960335 207.5
4160 0.01768485084176064 208
4170 0.01775188557803631 208.5
4180 0.01781410351395607 209
4190 0.01787560805678368 209.5
4200 0.01793747767806053 210
4210 0.01799878291785717 210.5
4220 0.0180589035153389 211
4230 0.01817623525857925 211.5
4240 0.01832972280681133 212
4250 0.01849561557173729 212.5
4260 0.01867519691586494 213
4270 0.01886535435914993 213.5
4280 0.01905983127653599 214
4290 0.01925139501690865 214.5
4300 0.01943304948508739 215
4310 0.01960140652954578 215.5
4320 0.01975378207862377 216
4330 0.02007637917995453 216.5
4340 0.02036495320498943 217
4350 0.02060403116047382 217.5
4360 0.0207923986017704 218
4370 0.02093801833689213 218.5
4380 0.02104143798351288 219
4390 0.02111833542585373 219.5
4400 0.02118609100580215 220
4410 0.02121887356042862 220.5
4420 0.02118629030883312 221
4430 0.02103057317435741 221.5
4440 0.02072044461965561 222
4450 0.02031011134386063 222.5
4460 0.01988358981907368 223
4470 0.0194723829627037 223.5
4480 0.01926139183342457 224
4490 0.01939186081290245 224.5
4500 0.01947586238384247 225
4510 0.01953115127980709 225.5
4520 0.01956771500408649 226
4530 0.01959224417805672 226.5
4540 0.01960611902177334 227
4550 0.01960894651710987 227.5
4560 0.01960078068077564 228
4570 0.01962069794535637 228.5
4580 0.01965754106640816 229
4590 0.01966182515025139 229.5
4600 0.01964402012526989 230
4610 0.01961178705096245 230.5
4620 0.01957021281123161 231
4630 0.01952311955392361 231.5
4640 0.01947315596044064 232
4650 0.01942042820155621 232.5
4660 0.01936427317559719 233
4670 0.01930392719805241 233.5
4680 0.01923585496842861 234
4690 0.01915624924004078 234.5
4700 0.01906168460845947 235
4710 0.01895108446478844 235.5
4720 0.01890169270336628 236
4730 0.01884683407843113 236.5
4740 0.01878489553928375 237
4750 0.01871744729578495 237.5
4760 0.01863067597150803 238
4770 0.01849998161196709 238.5
4780 0.01837224699556828 239
4790 0.01830454915761948 239.5
4800 0.01832807809114456 240
4810 0.01834750734269619 240.5
4820 0.01836065016686916 241
4830 0.01837133802473545 241.5
4840 0.01839035749435425 242
4850 0.01842766813933849 242.5
4860 0.01846986636519432 243
4870 0.0185101330280304 243.5
4880 0.01854724995791912 244
4890 0.01857386715710163 244.5
4900 0.01858416199684143 245
4910 0.01857377961277962 245.5
4920 0.01854901388287544 246
4930 0.01850882358849049 246.5
4940 0.01845575496554375 247
4950 0.01840837299823761 247.5
4960 0.01837503165006638 248
4970 0.01835090853273869 248.5
4980 0.01832987181842327 249
4990 0.01830719783902168 249.5
5000 0.01828445494174957 250
