0 0 0
10 5.274692776073353e-21 0.5
20 1.476598507413039e-15 1
30 1.053285862940038e-12 1.5
40 5.543456318303025e-11 2
50 4.659286897880655e-09 2.5
60 1.361900843104174e-07 3
70 1.553774513814926e-06 3.5
80 8.642320149742941e-06 4
90 2.822806838192056e-05 4.5
100 6.303927993094255e-05 5
110 0.0001071949707216365 5.5
120 0.000148620977046853 6
130 0.000179616935326709 6.5
140 0.0001977901287486365 7
150 0.0002063785159115063 7.5
160 0.0002117512621772342 8
170 0.0002314452883541906 8.5
180 0.0002909791368563093 9
190 0.0004112020350376069 9.5
200 0.0006030684195746294 10
210 0.0008662431747938289 10.5
220 0.001200420984908242 11
230 0.001605708783785639 11.5
240 0.002096809950667816 12
250 0.002694377124963876 12.5
260 0.003401174983590542 13
270 0.004184136695407855 13.5
280 0.00498677708220992 14
290 0.005771459481716501 14.5
300 0.006507148937685444 15
310 0.007176505999129092 15.5
320 0.007768096625343151 16
330 0.008275372689139887 16.5
340 0.008708802415876831 17
350 0.009086936456319453 17.5
360 0.00945091956066128 18
370 0.009836746917456653 18.5
380 0.01026018536328493 19
390 0.0107295309743656 19.5
400 0.0112593751920343 20
410 0.01183057286057456 20.5
420 0.01241957281738147 21
430 0.01301273842162692 21.5
440 0.01361275472627158 22
450 0.01422356917077188 22.5
460 0.01483900166025507 23
470 0.01544356236335315 23.5
480 0.01603728419932431 24
490 0.01661033608192321 24.5
500 0.01713467940975939 25
510 0.01760274525600576 25.5
520 0.01800366038575025 26
530 0.01833710549118343 26.5
540 0.01860991375685788 27
550 0.0188348383057049 27.5
560 0.01903629740902494 28
570 0.01925339334589894 28.5
580 0.01951192538657379 29
590 0.01982366449909668 29.5
600 0.02018707478996924 30
610 0.02058465595288543 30.5
620 0.02099728608906568 31
630 0.02140744847897231 31.5
640 0.02179892384993632 32
650 0.02216946363291191 32.5
660 0.02251101133704571 33
670 0.02281613659700946 33.5
680 0.02308263540511793 34
690 0.02330995164581217 34.5
700 0.0235024509760408 35
710 0.02366381486972768 35.5
720 0.02379764541107159 36
730 0.02390996993152377 36.5
740 0.02400298130135428 37
750 0.02408201329953423 37.5
760 0.02415663439086323 38
770 0.02422700107221909 38.5
780 0.02429407465492453 39
790 0.02435787710467865 39.5
800 0.02442068645455598 40
810 0.0244870313433752 40.5
820 0.02456450852423593 41
830 0.0246608068595131 41.5
840 0.02477907391221156 42
850 0.02492362786514363 42.5
860 0.02509105205796399 43
870 0.02527585503716243 43.5
880 0.02547703644084375 44
890 0.02569089001477144 44.5
900 0.02591107507181257 45
910 0.02612609020926406 45.5
920 0.02632429322366723 46
930 0.02650219051071843 46.5
940 0.02666428043651916 47
950 0.02681598512231699 47.5
960 0.0269632903886052 48
970 0.02709665347327029 48.5
980 0.02724746928274894 49
990 0.0274055357077572 49.5
1000 0.02757708042907309 50
1010 0.02776454430931087 50.5
1020 0.02796803760885916 51
1030 0.02818815235653457 51.5
1040 0.02842171912032947 52
1050 0.02866421851528273 52.5
1060 0.02891431129128241 53
1070 0.02916859079771724 53.5
1080 0.02942159426001236 54
1090 0.02966904764932314 54.5
1100 0.02990772555970323 55
1110 0.03013552752178178 55.5
1120 0.03035260428712417 56
1130 0.03055968622420667 56.5
1140 0.03075782022408518 57
1150 0.03094618704564219 57.5
1160 0.03112033624838386 58
1170 0.03127731109933786 58.5
1180 0.03141360209027009 59
1190 0.03152776829334502 59.5
1200 0.03161874145960545 60
1210 0.0316866869841963 60.5
1220 0.03173444047984817 61
1230 0.03176636916654878 61.5
1240 0.03178642455307383 62
1250 0.0317978196203733 62.5
1260 0.03180313579747442 63
1270 0.03180414863546401 63.5
1280 0.03180267662509854 64
1290 0.03179992155044841 64.5
1300 0.03179658955293729 65
1310 0.03179394755417683 65.5
1320 0.03179390911696824 66
1330 0.0317983512472222 66.5
1340 0.03180840759085088 67
1350 0.0318248351807689 67.5
1360 0.03184815603188539 68
1370 0.03187841752407167 68.5
1380 0.03191537647022494 69
1390 0.03195859834307441 69.5
1400 0.0320061928507596 70
1410 0.03205605979012428 70.5
1420 0.03210614936584146 71
1430 0.03215948735153688 71.5
1440 0.0322182415009773 72
1450 0.03228125961764463 72.5
1460 0.032345479269655 73
1470 0.03240935925242545 73.5
1480 0.03247119573696971 74
1490 0.03252915487970849 74.5
1500 0.03258270424269242 75
1510 0.03263185397045645 75.5
1520 0.03267731043230568 76
1530 0.03271981133989049 76.5
1540 0.03275985371514562 77
1550 0.03279676420506316 77.5
1560 0.03283100217830492 78
1570 0.03286358843147646 78.5
1580 0.03289456898434297 79
1590 0.03292400393350115 79.5
1600 0.03295003928565202 80
1610 0.0329725729554373 80.5
1620 0.03299255697861138 81
1630 0.03301104918515365 81.5
1640 0.03302988814318535 82
1650 0.03305157559109506 82.5
1660 0.033078195099587 83
1670 0.03310824552089184 83.5
1680 0.03313962199351948 84
1690 0.03317189777078862 84.5
1700 0.0332058568708702 85
1710 0.03324281728721983 85.5
1720 0.03328334217430139 86
1730 0.03332773248470966 86.5
1740 0.03337592716033264 87
1750 0.03342772795957652 87.5
1760 0.03348268997917565 88
1770 0.03354018727047006 88.5
1780 0.03360013806153518 89
1790 0.03366275270079655 89.5
1800 0.03372807199413607 90
1810 0.03379592748501115 90.5
1820 0.03386627500292998 91
1830 0.03393817112032121 91.5
1840 0.03401095165099996 92
1850 0.0340839871162802 92.5
1860 0.0341566763577321 93
1870 0.03422868635147317 93.5
1880 0.0342991088680232 94
1890 0.03436691180570624 94.5
1900 0.03443187396266861 95
1910 0.03449328793957776 95.5
1920 0.03455028137469513 96
1930 0.03460209903679173 96.5
1940 0.03464816511468471 97
1950 0.03468885110448834 97.5
1960 0.03472537961319377 98
1970 0.03475887207105169 98.5
1980 0.03478977268801264 99
1990 0.03481903247761432 99.5
2000 0.03484736134338626 100
2010 0.03487525693771093 100.5
2020 0.03490262498316468 101
2030 0.03492958359644516 101.5
2040 0.03495623597683184 102
2050 0.0349827529460786 102.5
2060 0.03500986615243203 103
2070 0.03503830737097636 103.5
2080 0.03506830772350469 104
2090 0.03509981640210055 104.5
2100 0.03513237629137004 105
2110 0.03516651941988978 105.5
2120 0.03520249455617593 106
2130 0.03523986366780516 106.5
2140 0.03527673367630561 107
2150 0.03531400645072699 107.5
2160 0.03535135716911934 108
2170 0.03538802439857405 108.5
2180 0.03542355947288952 109
2190 0.03545789616931321 109.5
2200 0.03549084000833905 110
2210 0.03552213953438859 110.5
2220 0.0355516748850907 111
2230 0.03557924883785438 111.5
2240 0.03560480366310217 112
2250 0.03562832821347071 112.5
2260 0.03564998603384033 113
2270 0.03567040727711152 113.5
2280 0.03569038435124203 114
2290 0.03571026565283858 114.5
2300 0.03572998311437305 115
2310 0.03574946227396343 115.5
2320 0.03576873420770303 116
2330 0.03578812920334976 116.5
2340 0.03580800735303957 117
2350 0.03582809276864739 117.5
2360 0.03584839625423328 118
2370 0.0358686134329855 118.5
2380 0.03588841933925729 119
2390 0.03590761224358771 119.5
2400 0.03592652471139503 120
2410 0.03594579105188362 120.5
2420 0.03596594128848566 121
2430 0.03598755705227161 121.5
2440 0.03601104226461258 122
2450 0.03603672098930143 122.5
2460 0.03606431273760321 123
2470 0.03609339618193812 123.5
2480 0.03612333492494806 124
2490 0.03615352384764716 124.5
2500 0.03618342487793787 125
2510 0.03621245048299215 125.5
2520 0.03623959847954755 126
2530 0.03626411232432612 126.5
2540 0.0362857189639303 127
2550 0.03630399967667782 127.5
2560 0.03631832042041132 128
2570 0.03632851835417995 128.5
2580 0.03633455293517251 129
2590 0.03633615237284973 129.5
2600 0.03633281372259693 130
2610 0.03632499628097088 130.5
2620 0.03631347363538342 131
2630 0.03629915130374762 131.5
2640 0.03628324909266438 132
2650 0.03626656441942048 132.5
2660 0.0362494348943301 133
2670 0.0362321862667287 133.5
2680 0.0362143547306005 134
2690 0.03619496524463096 134.5
2700 0.03617249965203909 135
2710 0.03614679452479034 135.5
2720 0.03611959297633506 136
2730 0.03609326212890982 136.5
2740 0.03606995849939362 137
2750 0.03605133652540691 137.5
2760 0.03603830155199733 138
2770 0.03603115004416938 138.5
2780 0.03602974393226707 139
2790 0.03603358555664495 139.5
2800 0.03604260083224448 140
2810 0.03605612990843632 140.5
2820 0.03607313592261311 141
2830 0.03609257499381045 141.5
2840 0.03611427452949371 142
2850 0.03613752212640162 142.5
2860 0.03616107297869826 143
2870 0.03618353381762379 143.5
2880 0.03620434604055854 144
2890 0.03622447391286802 144.5
2900 0.03624588420709786 145
2910 0.03626859575153235 145.5
2920 0.03629143198861716 146
2930 0.03631295660009213 146.5
2940 0.03633156128844732 147
2950 0.036347073690349 147.5
2960 0.03635930202482909 148
2970 0.03636783824264957 148.5
2980 0.03637263621661998 149
2990 0.03637410743555184 149.5
3000 0.03637292842854906 150
3010 0.03636981838265713 150.5
3020 0.03636500881900344 151
3030 0.03635885831764944 151.5
3040 0.03635134222904442 152
3050 0.03634247201170059 152.5
3060 0.03633247073982567 153
3070 0.03632150339073922 153.5
3080 0.03630971603487262 154
3090 0.03629785719989024 154.5
3100 0.03628670157469476 155
3110 0.03627659766572123 155.5
3120 0.03626794902374181 156
3130 0.03626058249416003 156.5
3140 0.03625407072715227 157
3150 0.03624810709104514 157.5
3160 0.03624261735490671 158
3170 0.03623716728401883 158.5
3180 0.03623100789390434 159
3190 0.03622377247388871 159.5
3200 0.03621527527578238 160
3210 0.03620508332615897 160.5
3220 0.03619292764918201 161
3230 0.03617921556041657 161.5
3240 0.036163911965619 162
3250 0.03614704539996323 162.5
3260 0.03612917452412435 163
3270 0.03611086710489298 163.5
3280 0.03609217157643025 164
3290 0.03607306026049434 164.5
3300 0.03605350885058749 165
3310 0.0360334364586713 165.5
3320 0.03601301905874687 166
3330 0.0359923858690461 166.5
3340 0.03597211873664753 167
3350 0.03595315217121728 167.5
3360 0.03593640202826072 168
3370 0.03592261327024254 168.5
3380 0.03591259938281045 169
3390 0.03590684675127978 169.5
3400 0.03590543024239178 170
3410 0.03590787487380554 170.5
3420 0.03591346784331615 171
3430 0.03592187051965305 171.5
3440 0.03593317689041856 172
3450 0.03594713248287459 172.5
3460 0.03596324575501435 173
3470 0.03598082913664755 173.5
3480 0.03599915465629457 174
3490 0.03601752941138486 174.5
3500 0.03603548236561643 175
3510 0.03605250415759908 175.5
3520 0.0360686694147636 176
3530 0.03608394165771654 176.5
3540 0.03609822190937822 177
3550 0.03611148756036284 177.5
3560 0.0361235755217521 178
3570 0.03613419402337777 178.5
3580 0.03614307284214315 179
3590 0.03615002036369785 179.5
3600 0.03615510423978293 180
3610 0.0361584219067756 180.5
3620 0.0361596904361612 181
3630 0.03615872376269092 181.5
3640 0.0361551767376538 182
3650 0.03614881783514654 182.5
3660 0.03613935139554206 183
3670 0.03612537455321094 183.5
3680 0.03610647862138018 184
3690 0.03608402444040046 184.5
3700 0.03605879003185009 185
3710 0.03603051007115392 185.5
3720 0.03599889772483123 186
3730 0.03596263171971247 186.5
3740 0.03592225699804479 187
3750 0.03588022742905509 187.5
3760 0.03584127312098423 188
3770 0.03580713459191486 188.5
3780 0.03577417368385399 189
3790 0.03574323864528912 189.5
3800 0.03571560710937304 190
3810 0.03568996171263797 190.5
3820 0.03566457934651698 191
3830 0.03563932988857605 191.5
3840 0.03561487755539219 192
3850 0.03559169780027493 192.5
3860 0.03557050272928854 193
3870 0.03555210364204404 193.5
3880 0.03553721392058909 194
3890 0.03552691376428037 194.5
3900 0.03552202166443705 195
3910 0.03552255111560366 195.5
3920 0.03552790573996715 196
3930 0.03553713965453165 196.5
3940 0.03554886146582949 197
3950 0.03556240598002058 197.5
3960 0.03557754603593148 198
3970 0.0355935881358234 198.5
3980 0.03560971090796271 199
3990 0.03562485898904563 199.5
4000 0.03563752956443807 200
4010 0.03564647960491758 200.5
4020 0.03565077262739493 201
4030 0.03565015063172284 201.5
4040 0.03564483082988235 202
4050 0.03563514684654789 202.5
4060 0.03562079543890776 203
4070 0.03560187632759736 203.5
4080 0.03557934318223011 204
4090 0.03555433764027122 204.5
4100 0.03552658618667685 205
4110 0.03549632834545361 205.5
4120 0.0354647862669327 206
4130 0.0354335340392377 206.5
4140 0.03540326639883889 207
4150 0.0353752683340416 207.5
4160 0.03535091193305656 208
4170 0.03533221193445655 208.5
4180 0.03532150662610981 209
4190 0.03532007363030764 209.5
4200 0.0353287523686243 210
4210 0.03534928898107411 210.5
4220 0.03538250923929723 211
4230 0.03542666696584006 211.5
4240 0.03547903961473869 212
4250 0.03553610852172884 212.5
4260 0.03559659963662702 213
4270 0.03566204894714345 213.5
4280 0.03573269634727947 214
4290 0.03580684928334565 214.5
4300 0.03588144672381143 215
4310 0.03595311693862607 215.5
4320 0.03602011973270154 216
4330 0.03607902473197572 216.5
4340 0.03612683139378361 217
4350 0.03616228734149434 217.5
4360 0.03618472497868364 218
4370 0.03619432428940901 218.5
4380 0.0361875332876996 219
4390 0.03616465927747323 219.5
4400 0.03612945351663225 220
4410 0.03608571178167352 220.5
4420 0.03603859599877352 221
4430 0.03599253167804983 221.5
4440 0.03594887733452803 222
4450 0.03591259517386073 222.5
4460 0.03588883595375105 223
4470 0.03587808861423225 223.5
4480 0.03587896274833091 224
4490 0.03589131293725101 224.5
4500 0.03591339504301858 225
4510 0.0359432136400307 225.5
4520 0.03597908308231289 226
4530 0.03601761202507141 226.5
4540 0.03605625330122144 227
4550 0.03609383129624786 227.5
4560 0.03613004105175655 228
4570 0.03616399917578302 228.5
4580 0.03619535818225222 229
4590 0.03622393172551581 229.5
4600 0.03625022056635131 230
4610 0.03627515954364557 230.5
4620 0.03629938583808263 231
4630 0.03632281639703774 231.5
4640 0.03634492861495119 232
4650 0.03636514581636268 232.5
4660 0.03638293914682291 233
4670 0.03639804341220343 233.5
4680 0.03641054561884779 234
4690 0.03642003674978668 234.5
4700 0.03642618362102823 235
4710 0.03642840749663494 235.5
4720 0.03642620038009585 236
4730 0.03641964685745301 236.5
4740 0.03640861751193758 237
4750 0.03639300862208408 237.5
4760 0.03637248557266807 238
4770 0.03634626657790782 238.5
4780 0.0363139013594619 239
4790 0.03627537682803759 239.5
4800 0.03623122592600857 240
4810 0.03618195770039188 240.5
4820 0.03612786742604714 241
4830 0.03606973491908861 241.5
4840 0.03600802395010917 242
4850 0.03594305910799269 242.5
4860 0.03587695874674772 243
4870 0.03581131056669852 243.5
4880 0.03574716768175881 244
4890 0.03568547742637362 244.5
4900 0.03562709352930121 245
4910 0.03557268918087652 245.5
4920 0.03552249044824041 246
4930 0.0354763007657187 246.5
4940 0.03543469647095322 247
4950 0.03539767338402947 247.5
4960 0.03536452868308881 248
4970 0.03533414207496072 248.5
4980 0.03530617464227728 249
4990 0.03528057318193786 249.5
5000 0.03525746678318585 250
