0 0 0
10 6.361536724839716e-42 0.5
20 4.93520594329379e-36 1
30 6.707770314784963e-32 1.5
40 1.122247970620798e-28 2
50 1.472988949628899e-26 2.5
60 9.707913634307785e-24 3
70 5.950549362212835e-22 3.5
80 1.020730372693832e-21 4
90 1.904257606917049e-20 4.5
100 4.044967749013725e-19 5
110 3.567376719074419e-17 5.5
120 6.952927667315976e-16 6
130 3.481655399248543e-15 6.5
140 1.369634869181883e-14 7
150 4.041179430924084e-14 7.5
160 7.878048734144528e-14 8
170 1.489148042942672e-13 8.5
180 3.268910009837063e-13 9
190 6.521714753574397e-13 9.5
200 1.201062679020729e-12 10
210 1.981754026444992e-12 10.5
220 2.87819273708027e-12 11
230 3.700332885769971e-12 11.5
240 4.372167492661791e-12 12
250 4.897836711486509e-12 12.5
260 5.089589556244652e-12 13
270 5.026790106382426e-12 13.5
280 5.171798060388856e-12 14
290 9.585516734002633e-12 14.5
300 3.918384435081364e-11 15
310 1.833832099444693e-10 15.5
320 8.700587339491186e-10 16
330 4.207835301529758e-09 16.5
340 2.238792344705308e-08 17
350 1.389834426807043e-07 17.5
360 7.151608865535346e-07 18
370 2.380651031848815e-06 18.5
380 5.456719062329727e-06 19
390 9.157433750179814e-06 19.5
400 1.131937849481687e-05 20
410 1.04237668854251e-05 20.5
420 7.513806440928789e-06 21
430 5.215193430560824e-06 21.5
440 5.188706494295453e-06 22
450 7.547896744320413e-06 22.5
460 1.100824767821284e-05 23
470 1.332876259842988e-05 23.5
480 1.339814926187547e-05 24
490 1.150523636126008e-05 24.5
500 8.458651717524529e-06 25
510 5.567624156112562e-06 25.5
520 3.372897514098181e-06 26
530 2.039994546941655e-06 26.5
540 1.485543601625255e-06 27
550 1.428964117264593e-06 27.5
560 1.686873621333344e-06 28
570 2.313863236081674e-06 28.5
580 3.524766502149826e-06 29
590 5.761178599998255e-06 29.5
600 9.801667202398976e-06 30
610 1.630820776162302e-05 30.5
620 2.464585232703172e-05 31
630 3.265745768035969e-05 31.5
640 3.767220252237986e-05 32
650 3.727455055891274e-05 32.5
660 3.216912480515826e-05 33
670 2.473796661263432e-05 33.5
680 1.850378716229548e-05 34
690 1.510375940107612e-05 34.5
700 1.444915229943048e-05 35
710 1.546895554570062e-05 35.5
720 1.67936063335336e-05 36
730 1.73026631281368e-05 36.5
740 1.688265284157996e-05 37
750 1.573399187324629e-05 37.5
760 1.425208464830771e-05 38
770 1.281805548188891e-05 38.5
780 1.22772486903465e-05 39
790 1.287609689261209e-05 39.5
800 1.410871034805524e-05 40
810 1.515300338608844e-05 40.5
820 1.581451327830487e-05 41
830 1.598046530273403e-05 41.5
840 1.614923382251025e-05 42
850 1.730899452091217e-05 42.5
860 2.099712613089353e-05 43
870 2.659149242067075e-05 43.5
880 2.956728981793144e-05 44
890 2.500885648113726e-05 44.5
900 1.769168759247406e-05 45
910 1.446526743983432e-05 45.5
920 1.863028359358636e-05 46
930 2.973137929442273e-05 46.5
940 4.765211105953328e-05 47
950 7.025401632995821e-05 47.5
960 9.271779233346143e-05 48
970 0.0001152075195206186 48.5
980 0.0001326471121397524 49
990 0.0001366558555010072 49.5
1000 0.0001312806164734166 50
1010 0.0001334218839589892 50.5
1020 0.0001510358183995199 51
1030 0.0001758703156273223 51.5
1040 0.0001977235602928419 52
1050 0.0002130841953962643 52.5
1060 0.0002119011652518109 53
1070 0.0001905579653852398 53.5
1080 0.0001566894143752433 54
1090 0.0001250625621330747 54.5
1100 9.861840509454071e-05 55
1110 7.704288440394947e-05 55.5
1120 6.105627068150245e-05 56
1130 5.120191132149507e-05 56.5
1140 4.663377454961107e-05 57
1150 4.617863944031712e-05 57.5
1160 4.90197461478733e-05 58
1170 5.375716011664339e-05 58.5
1180 5.785003391627954e-05 59
1190 5.930854818051315e-05 59.5
1200 5.765489138063015e-05 60
1210 5.363105161299272e-05 60.5
1220 4.855997521142898e-05 61
1230 4.328442801516498e-05 61.5
1240 3.827138451234884e-05 62
1250 3.401915169563696e-05 62.5
1260 3.063191185043544e-05 63
1270 2.766397590510785e-05 63.5
1280 2.46280524825955e-05 64
1290 2.136118248855841e-05 64.5
1300 1.800902741573882e-05 65
1310 1.509771499482369e-05 65.5
1320 1.309254728948426e-05 66
1330 1.177372794169051e-05 66.5
1340 1.083536107368332e-05 67
1350 1.006353383547793e-05 67.5
1360 9.567318987818839e-06 68
1370 9.727587964899663e-06 68.5
1380 1.149054896146006e-05 69
1390 1.620401183623178e-05 69.5
1400 2.559926382477679e-05 70
1410 4.267897967928049e-05 70.5
1420 7.241603276451558e-05 71
1430 0.0001195491302017754 71.5
1440 0.0001828253360586765 72
1450 0.0002556745129214162 72.5
1460 0.000335509085344082 73
1470 0.0004241107827782069 73.5
1480 0.0005208337246113854 74
1490 0.0006172300269903854 74.5
1500 0.0006961322016725632 75
1510 0.0007436567205564846 75.5
1520 0.000763737999414558 76
1530 0.000768770987141405 76.5
1540 0.0007639704085625885 77
1550 0.0007500207985496599 77.5
1560 0.0007280186041460025 78
1570 0.0006959363159857936 78.5
1580 0.0006528750738000542 79
1590 0.0005946220624468346 79.5
1600 0.0005178865428847322 80
1610 0.0004283103611819718 80.5
1620 0.000339578817894772 81
1630 0.0002704713322952633 81.5
1640 0.0002497810086882541 82
1650 0.0003008410813726373 82.5
1660 0.0004293750039401658 83
1670 0.000610053410519104 83.5
1680 0.0008036347172934029 84
1690 0.0009913242478405508 84.5
1700 0.001157467310630695 85
1710 0.001282773276024854 85.5
1720 0.001357160991125463 86
1730 0.001385931781207037 86.5
1740 0.001381353842638153 87
1750 0.001363122201301556 87.5
1760 0.001347411875351689 88
1770 0.001332331900775362 88.5
1780 0.001330162190420525 89
1790 0.001358849217339943 89.5
1800 0.001403598772106034 90
1810 0.001446543062381363 90.5
1820 0.001461241920690394 91
1830 0.001443711962621499 91.5
1840 0.00139337346790435 92
1850 0.001323690334807184 92.5
1860 0.001245327648092462 93
1870 0.001183058628693702 93.5
1880 0.001134930569770471 94
1890 0.001089256365976849 94.5
1900 0.001050249092710845 95
1910 0.001015106826372065 95.5
1920 0.0009950082501345896 96
1930 0.001025696266525401 96.5
1940 0.001141649250882927 97
1950 0.001319148927216881 97.5
1960 0.001500405055610838 98
1970 0.001648129977889685 98.5
1980 0.001752844492994751 99
1990 0.00182304151010626 99.5
2000 0.001871948079580159 100
2010 0.001921955045024234 100.5
2020 0.001954507290145957 101
2030 0.001957785771589186 101.5
2040 0.001921955238561449 102
2050 0.00186649225482427 102.5
2060 0.001782784434308784 103
2070 0.001670234598070609 103.5
2080 0.001543423269373101 104
2090 0.001407201327081281 104.5
2100 0.001288947153035732 105
2110 0.001195782104297376 105.5
2120 0.001097854202048512 106
2130 0.0009843823174789438 106.5
2140 0.0008623996032226219 107
2150 0.0007368594017362641 107.5
2160 0.0006125215112685227 108
2170 0.0004961529460013654 108.5
2180 0.0003966424189862178 109
2190 0.0003190262528040506 109.5
2200 0.0002620391723814891 110
2210 0.0002235981839181086 110.5
2220 0.0001978857159087627 111
2230 0.0001784624393864426 111.5
2240 0.000164038779085341 112
2250 0.000156188583855709 112.5
2260 0.0001512325143161657 113
2270 0.0001442655190109885 113.5
2280 0.0001341094381311741 114
2290 0.0001217735197423238 114.5
2300 0.0001077207595647951 115
2310 9.29691958779332e-05 115.5
2320 7.886148521545262e-05 116
2330 6.718365152250544e-05 116.5
2340 6.838367019748492e-05 117
2350 0.000127847577804378 117.5
2360 0.0003387987904650871 118
2370 0.000764334020170041 118.5
2380 0.001306151047121368 119
2390 0.001789332917610601 119.5
2400 0.00214339881217927 120
2410 0.002377747973284812 120.5
2420 0.002522823398541166 121
2430 0.002618756488444986 121.5
2440 0.002677233266367899 122
2450 0.002681428465111598 122.5
2460 0.002625539579934197 123
2470 0.002529589038876417 123.5
2480 0.002394741107269637 124
2490 0.00223394259465623 124.5
2500 0.002056413475516084 125
2510 0.001885604293724533 125.5
2520 0.001730226880864166 126
2530 0.001574328737143614 126.5
2540 0.001392533360763106 127
2550 0.001188860194405152 127.5
2560 0.0009937211518873945 128
2570 0.0008297623639100794 128.5
2580 0.0007149435994950586 129
2590 0.0006467599538960487 129.5
2600 0.0006189636458010262 130
2610 0.0006164752514211676 130.5
2620 0.0006198307689465153 131
2630 0.0006107011229139086 131.5
2640 0.0005865053031736232 132
2650 0.0005517442963393266 132.5
2660 0.000507411857762814 133
2670 0.0004430624273533015 133.5
2680 0.0003570381243320122 134
2690 0.0002744663345537974 134.5
2700 0.0002140803025278529 135
2710 0.0001794895049206988 135.5
2720 0.0001652006145215065 136
2730 0.0001637115099384204 136.5
2740 0.0001653860367485305 137
2750 0.0001707066070915776 137.5
2760 0.0001914872489243779 138
2770 0.000246297803265599 138.5
2780 0.0003458548799083532 139
2790 0.0005028755272908486 139.5
2800 0.0007231218255956905 140
2810 0.0009864077405304505 140.5
2820 0.001244286494306444 141
2830 0.001469086959424054 141.5
2840 0.001633836463361143 142
2850 0.001741765008530151 142.5
2860 0.001811164644984556 143
2870 0.00185347671942695 143.5
2880 0.001850625599955625 144
2890 0.001796740637839223 144.5
2900 0.001678456792670111 145
2910 0.001504821183574606 145.5
2920 0.0013057617886585 146
2930 0.001114938963413285 146.5
2940 0.0009431032742538461 147
2950 0.000790997703855201 147.5
2960 0.0006683047350182005 148
2970 0.0005637816124485642 148.5
2980 0.0004695045659437652 149
2990 0.0004120932192360252 149.5
3000 0.0004622859076644765 150
3010 0.0006465410545492352 150.5
3020 0.000908148930971859 151
3030 0.001157059026327122 151.5
3040 0.001359732809343918 152
3050 0.001512106312617667 152.5
3060 0.001633810136066402 153
3070 0.001715310920931217 153.5
3080 0.001739149562228119 154
3090 0.001695227549340208 154.5
3100 0.001602644607540377 155
3110 0.001478421745424903 155.5
3120 0.001334549038425802 156
3130 0.001196022326981554 156.5
3140 0.001071605674629651 157
3150 0.000956293405061396 157.5
3160 0.0008461846604880986 158
3170 0.0007380195116228272 158.5
3180 0.0006105165983046829 159
3190 0.0004737742366606429 159.5
3200 0.0003479169097261179 160
3210 0.0002473976946950662 160.5
3220 0.0001829339611493059 161
3230 0.000148956237254025 161.5
3240 0.0001348975427453109 162
3250 0.0001274645465894974 162.5
3260 0.0001162407026010924 163
3270 0.0001008113853003125 163.5
3280 8.387740578928574e-05 164
3290 6.981064322850462e-05 164.5
3300 6.114028134220352e-05 165
3310 5.634809267830916e-05 165.5
3320 5.427289368497955e-05 166
3330 5.166438308514198e-05 166.5
3340 4.620480387248189e-05 167
3350 3.838351978037888e-05 167.5
3360 3.027252911022431e-05 168
3370 2.26776677538614e-05 168.5
3380 1.651552377457059e-05 169
3390 1.194535118873183e-05 169.5
3400 8.83111646963803e-06 170
3410 6.869714776985792e-06 170.5
3420 5.872102158279752e-06 171
3430 5.671572142310452e-06 171.5
3440 6.065927612852222e-06 172
3450 6.819922781175914e-06 172.5
3460 7.609752130777947e-06 173
3470 8.066040188607806e-06 173.5
3480 8.284741448481063e-06 174
3490 8.469321969702166e-06 174.5
3500 8.847078206401306e-06 175
3510 9.510888972493744e-06 175.5
3520 1.024578514601417e-05 176
3530 1.084377599332872e-05 176.5
3540 1.095914702011662e-05 177
3550 1.043987369904581e-05 177.5
3560 9.292166792899852e-06 178
3570 7.849662625577896e-06 178.5
3580 6.442142514990083e-06 179
3590 5.317119141520075e-06 179.5
3600 4.587382830396024e-06 180
3610 4.164407595368298e-06 180.5
3620 4.041195455246211e-06 181
3630 4.339365019812374e-06 181.5
3640 5.118313302609914e-06 182
3650 6.321016105272828e-06 182.5
3660 7.775155908417716e-06 183
3670 9.18168010934365e-06 183.5
3680 1.007366331222157e-05 184
3690 1.02068652559954e-05 184.5
3700 9.900639384315721e-06 185
3710 9.535429365879664e-06 185.5
3720 9.182024485361614e-06 186
3730 8.849770014131472e-06 186.5
3740 8.535480314056058e-06 187
3750 8.235299131090918e-06 187.5
3760 7.862915940825678e-06 188
3770 7.52159234578576e-06 188.5
3780 7.219259138333406e-06 189
3790 6.887317684602026e-06 189.5
3800 6.6274231859617e-06 190
3810 6.4980222420096e-06 190.5
3820 6.494355623284967e-06 191
3830 6.629664919164208e-06 191.5
3840 6.886410486652291e-06 192
3850 7.257806259914564e-06 192.5
3860 7.790166982935168e-06 193
3870 8.501252809217984e-06 193.5
3880 9.473963483056969e-06 194
3890 1.084828399137368e-05 194.5
3900 1.283946453938766e-05 195
3910 1.56387653746638e-05 195.5
3920 1.949926002256501e-05 196
3930 2.442499079758045e-05 196.5
3940 3.007552350400753e-05 197
3950 3.610496621783768e-05 197.5
3960 4.280075284052529e-05 198
3970 4.924970839720636e-05 198.5
3980 5.320173662764674e-05 199
3990 5.36814992934403e-05 199.5
4000 5.039606734051405e-05 200
4010 4.371025045936626e-05 200.5
4020 3.545077191123604e-05 201
4030 2.799957103062642e-05 201.5
4040 2.301949342183111e-05 202
4050 2.078515735227597e-05 202.5
4060 2.10310355101774e-05 203
4070 2.308934629369151e-05 203.5
4080 2.604748158082047e-05 204
4090 2.893128227564604e-05 204.5
4100 3.163664410316073e-05 205
4110 3.431614001131096e-05 205.5
4120 3.690577605462296e-05 206
4130 3.915437485748893e-05 206.5
4140 4.15621737611997e-05 207
4150 4.297284544029893e-05 207.5
4160 4.253465756921937e-05 208
4170 4.018287757900584e-05 208.5
4180 3.696748300493402e-05 209
4190 3.584550336255925e-05 209.5
4200 4.576868696239474e-05 210
4210 8.407970395335925e-05 210.5
4220 0.0001698706434593675 211
4230 0.0002958368816934187 211.5
4240 0.0004325046194466648 212
4250 0.0005672267922883427 212.5
4260 0.0007236066720848996 213
4270 0.0009042304588258837 213.5
4280 0.001080654928562275 214
4290 0.001224330948874584 214.5
4300 0.001341427433854418 215
4310 0.001418020225712285 215.5
4320 0.001432153593626159 216
4330 0.001405312921838483 216.5
4340 0.001367369333184291 217
4350 0.00133036232719309 217.5
4360 0.001287049847959153 218
4370 0.00122449700297223 218.5
4380 0.001134189354455107 219
4390 0.001017619827807932 219.5
4400 0.0008796686821984949 220
4410 0.0007255390896532469 220.5
4420 0.0005651499532390405 221
4430 0.0004173675387643703 221.5
4440 0.0002996631710236965 222
4450 0.0002175471835880792 222.5
4460 0.0001652615670819141 223
4470 0.0001339825903940335 223.5
4480 0.0001150515567686378 224
4490 0.0001049004831571295 224.5
4500 0.0001013120483671297 225
4510 0.0001036422899841261 225.5
4520 0.0001137156867491499 226
4530 0.0001336011176402485 226.5
4540 0.000165184175330031 227
4550 0.0002095197135406981 227.5
4560 0.0002661562873380746 228
4570 0.0003238605960430745 228.5
4580 0.0003727321536964379 229
4590 0.0004080465587870815 229.5
4600 0.0004309123028146037 230
4610 0.0004405528405214065 230.5
4620 0.0004367455885856407 231
4630 0.0004241550655305458 231.5
4640 0.0004058354311828567 232
4650 0.0003865430834854722 232.5
4660 0.0003696820356922512 233
4670 0.0003525785865985553 233.5
4680 0.0003340790145795237 234
4690 0.0003250646289628345 234.5
4700 0.000343919307954687 235
4710 0.0003935243843110806 235.5
4720 0.0004471197149117308 236
4730 0.0004752056187630239 236.5
4740 0.0004785174835812702 237
4750 0.0004811594346768478 237.5
4760 0.0004880816456483458 238
4770 0.0004971123437218733 238.5
4780 0.0005042424299767113 239
4790 0.0005056664351948854 239.5
4800 0.000507194824811821 240
4810 0.0005048450504030479 240.5
4820 0.0004969603789164376 241
4830 0.0004702647284157136 241.5
4840 0.0004225125668451672 242
4850 0.000369261941537646 242.5
4860 0.0003195410657809405 243
4870 0.0002745258451942908 243.5
4880 0.0002332844617809522 244
4890 0.000195568521070668 244.5
4900 0.0001605229984769004 245
4910 0.0001275343753645698 245.5
4920 9.930794498959023e-05 246
4930 7.684636656759167e-05 246.5
4940 5.981178113320349e-05 247
4950 4.813142281676537e-05 247.5
4960 4.209628380394519e-05 248
4970 4.546499299955828e-05 248.5
4980 6.877587868601749e-05 249
4990 0.0001202817150053491 249.5
5000 0.0001916618319847365 250
