0 0 0
10 1.636187245628773e-41 0.5
20 1.269334968615161e-35 1
30 1.72523852496269e-31 1.5
40 2.886421780436689e-28 2
50 3.788527578445524e-26 2.5
60 2.496875386743959e-23 3
70 1.530481295961139e-21 3.5
80 2.625318518568533e-21 4
90 4.897750564990644e-20 4.5
100 1.040365705046329e-18 5
110 9.175292921459393e-17 5.5
120 1.788292996033667e-15 6
130 8.95481768686724e-15 6.5
140 3.522700883535798e-14 7
150 1.039391349633673e-13 7.5
160 2.02623413442197e-13 8
170 3.830088766448547e-13 8.5
180 8.407636545300915e-13 9
190 1.677385034619333e-12 9.5
200 3.08913321044131e-12 10
210 5.097071356016513e-12 10.5
220 7.402711719770445e-12 11
230 9.517256182200354e-12 11.5
240 1.124521479112611e-11 12
250 1.259723602194329e-11 12.5
260 1.309042433866123e-11 13
270 1.292890415361558e-11 13.5
280 1.330186461132012e-11 14
290 2.465394903985474e-11 14.5
300 1.007808476702925e-10 15
310 4.716616159771745e-10 15.5
320 2.23779106371713e-09 16
330 1.082255239553452e-08 16.5
340 5.758173910582043e-08 17
350 3.574654145747709e-07 17.5
360 1.839393800215689e-06 18
370 6.123034453915143e-06 18.5
380 1.403468142831204e-05 19
390 2.355291960546245e-05 19.5
400 2.911344148866895e-05 20
410 2.680992842931332e-05 20.5
420 1.932551016606882e-05 21
430 1.341347750340242e-05 21.5
440 1.334535310332789e-05 22
450 1.941319042639208e-05 22.5
460 2.831321302836338e-05 23
470 3.428157740316161e-05 23.5
480 3.446003990154366e-05 24
490 2.959146792116089e-05 24.5
500 2.175565221747306e-05 25
510 1.431992932952149e-05 25.5
520 8.675092406260511e-06 26
530 5.24686597473393e-06 26.5
540 3.820818143380152e-06 27
550 3.675295709604527e-06 27.5
560 4.338638954069356e-06 28
570 5.951256243202057e-06 28.5
580 9.065699443529341e-06 29
590 1.481775135919549e-05 29.5
600 2.520988804457013e-05 30
610 4.194471036289436e-05 30.5
620 6.338913218512549e-05 31
630 8.399498115388499e-05 31.5
640 9.689290488756086e-05 32
650 9.587014403752343e-05 32.5
660 8.273898899886694e-05 33
670 6.362605012769539e-05 33.5
680 4.75917405814239e-05 34
690 3.884686917956773e-05 34.5
700 3.716321971413515e-05 35
710 3.978615366354193e-05 35.5
720 4.319315548984836e-05 36
730 4.450244956556779e-05 36.5
740 4.342218310854361e-05 37
750 4.046782709798941e-05 37.5
760 3.665636171544739e-05 38
770 3.296803869941824e-05 38.5
780 3.157708363157116e-05 39
790 3.311732120779825e-05 39.5
800 3.628760301519803e-05 40
810 3.897352470901942e-05 40.5
820 4.067492815180008e-05 41
830 4.110175675863187e-05 41.5
840 4.153582939149631e-05 42
850 4.451873390778603e-05 42.5
860 5.400460840865808e-05 43
870 6.839331850596507e-05 43.5
880 7.604706941171956e-05 44
890 6.432277886948494e-05 44.5
900 4.550302048784321e-05 45
910 3.720466785525382e-05 45.5
920 4.791708940270407e-05 46
930 7.646910754525516e-05 46.5
940 0.0001225612296451194 47
950 0.0001806933300006523 47.5
960 0.0002384701618816625 48
970 0.0002963137402070307 48.5
980 0.0003411683724234426 49
990 0.00035147886034859 49.5
1000 0.0003376537455696271 50
1010 0.0003431610855425197 50.5
1020 0.0003884641249235646 51
1030 0.0004523384517934724 51.5
1040 0.0005085449970731888 52
1050 0.0005480525505591909 52.5
1060 0.000545009797027657 53
1070 0.0004901150869708361 53.5
1080 0.0004030051737731252 54
1090 0.0003216609098062676 54.5
1100 0.0002536465379031584 55
1110 0.0001981542986869578 55.5
1120 0.0001570367281928241 56
1130 0.0001316913159188852 56.5
1140 0.0001199420681415995 57
1150 0.0001187714606404955 57.5
1160 0.00012607878709233 58
1170 0.0001382634158200066 58.5
1180 0.0001487902872326708 59
1190 0.0001525415859202796 59.5
1200 0.0001482883806309805 60
1210 0.0001379390647486171 60.5
1220 0.0001248962562437952 61
1230 0.0001113275488550042 61.5
1240 9.843400096576108e-05 62
1250 8.749725816117815e-05 62.5
1260 7.878527727931984e-05 63
1270 7.115174602793729e-05 63.5
1280 6.334335098523555e-05 64
1290 5.494096136057216e-05 64.5
1300 4.631921851328018e-05 65
1310 3.883132296668649e-05 65.5
1320 3.367403162855347e-05 66
1330 3.028202826602796e-05 66.5
1340 2.786854868151346e-05 67
1350 2.58834090248492e-05 67.5
1360 2.460714443667002e-05 68
1370 2.50193562457219e-05 68.5
1380 2.955369192887523e-05 69
1390 4.167671844278809e-05 69.5
1400 6.584130655732582e-05 70
1410 0.0001097703357351093 70.5
1420 0.0001862540362703338 71
1430 0.000307480362878966 71.5
1440 0.0004702267643429152 72
1450 0.0006575948472338816 72.5
1460 0.0008629293675049776 73
1470 0.001090812933305547 73.5
1480 0.001339584339700481 74
1490 0.001587515629419269 74.5
1500 0.00179045202270183 75
1510 0.001912685085271276 75.5
1520 0.00196433413449424 76
1530 0.001977278978927691 76.5
1540 0.001964931890822975 77
1550 0.001929053493869722 77.5
1560 0.001872463849863516 78
1570 0.001789948204715459 78.5
1580 0.001679194689813737 79
1590 0.001529367944613257 79.5
1600 0.00133200418829953 80
1610 0.00110161424896003 80.5
1620 0.0008733967196253525 81
1630 0.0006956522666634164 81.5
1640 0.0006424367543461886 82
1650 0.0007737632612904223 82.5
1660 0.001104352510134105 83
1670 0.001569057371855133 83.5
1680 0.002066948492878629 84
1690 0.002549685965445893 84.5
1700 0.002977005922942143 85
1710 0.003299292865935919 85.5
1720 0.003490618069174685 86
1730 0.003564616541264494 86.5
1740 0.003552842083265324 87
1750 0.003505950301747597 87.5
1760 0.003465543343404539 88
1770 0.003426757648794226 88.5
1780 0.003421177153761586 89
1790 0.003494960186998327 89.5
1800 0.003610056041856714 90
1810 0.003720508756444861 90.5
1820 0.003758314220015687 91
1830 0.00371322716786249 91.5
1840 0.003583756559449983 92
1850 0.003404531541124073 92.5
1860 0.003202982710893809 93
1870 0.003042826793000198 93.5
1880 0.002919041425449647 94
1890 0.002801567373292451 94.5
1900 0.002701240666452289 95
1910 0.002610854757428949 95.5
1920 0.002559161219346161 96
1930 0.002638090797503327 96.5
1940 0.002936321873270885 97
1950 0.003392851040801812 97.5
1960 0.003859041803031071 98
1970 0.004238990303132264 98.5
1980 0.004508316035982494 99
1990 0.004688862763993294 99.5
2000 0.004814650460680163 100
2010 0.004943268375802322 100.5
2020 0.005026992750255395 101
2030 0.005035425004527379 101.5
2040 0.004943268873580041 102
2050 0.004800618079408015 102.5
2060 0.004585321565042185 103
2070 0.0042958433862376 103.5
2080 0.00396968464882761 104
2090 0.003619321813253051 104.5
2100 0.003315172077607899 105
2110 0.003075551572252847 105.5
2120 0.002823681007668768 106
2130 0.00253183132055584 106.5
2140 0.002218091779488581 107
2150 0.001895202381265669 107.5
2160 0.001575405326982638 108
2170 0.00127610537711551 108.5
2180 0.001020164301632551 109
2190 0.0008205355222120171 109.5
2200 0.0006739647513651891 110
2210 0.0005750945290373746 110.5
2220 0.0005089620613173369 111
2230 0.0004590053941019297 111.5
2240 0.0004219077398074965 112
2250 0.000401717037676883 112.5
2260 0.0003889700268211776 113
2270 0.0003710509148962619 113.5
2280 0.0003449294748733793 114
2290 0.0003132014927772564 114.5
2300 0.0002770577936006525 115
2310 0.0002391167717980439 115.5
2320 0.0002028317399741439 116
2330 0.0001727963517158838 116.5
2340 0.000175882799747931 117
2350 0.0003288239701128599 117.5
2360 0.0008713904890762029 118
2370 0.001965867099877343 118.5
2380 0.003359420493196153 119
2390 0.00460216426409446 119.5
2400 0.005512821744925076 120
2410 0.006115567787288528 120.5
2420 0.006488701781047869 121
2430 0.006735441688280495 121.5
2440 0.006885843961098228 122
2450 0.006896634012267021 122.5
2460 0.006752887799590746 123
2470 0.006506103007990136 123.5
2480 0.006159274127897499 124
2490 0.005745700353455816 124.5
2500 0.00528909545902736 125
2510 0.004849774243459492 125.5
2520 0.00445014353758263 126
2530 0.00404917351193337 126.5
2540 0.003581595803882705 127
2550 0.003057748420010046 127.5
2560 0.002555850802654375 128
2570 0.002134148799976721 128.5
2580 0.001838834937901288 129
2590 0.001663466601420635 129.5
2600 0.001591974497000237 130
2610 0.001585574346655241 130.5
2620 0.001594204737730435 131
2630 0.001570723288134571 131.5
2640 0.001508491639762557 132
2650 0.001419086330184746 132.5
2660 0.001305063298165956 133
2670 0.00113955656315269 133.5
2680 0.000918302055781934 134
2690 0.000705927412472366 134.5
2700 0.0005506145381016369 135
2710 0.0004616470066560366 135.5
2720 0.0004248959805493143 136
2730 0.0004210660035616168 136.5
2740 0.00042537288651722 137
2750 0.000439057393439537 137.5
2760 0.0004925052042334994 138
2770 0.0006334779499991198 138.5
2780 0.0008895387511242832 139
2790 0.001293395856192061 139.5
2800 0.001859869335432113 140
2810 0.002537040708644315 140.5
2820 0.00320030486335617 141
2830 0.003778491659638661 141.5
2840 0.004202227383764854 142
2850 0.004479819601939543 142.5
2860 0.004658315466900272 143
2870 0.004767142122366108 143.5
2880 0.004759809043085862 144
2890 0.004621216920522476 144.5
2900 0.004316990870747521 145
2910 0.003870400084153882 145.5
2920 0.003358419320429658 146
2930 0.002867623013898965 146.5
2940 0.002425661621380889 147
2950 0.002034446094315574 147.5
2960 0.001718879778466809 148
2970 0.001450046307217705 148.5
2980 0.001207565743607363 149
2990 0.001059903759875055 149.5
3000 0.001188999354513032 150
3010 0.001662903592300631 150.5
3020 0.002335759050459618 151
3030 0.002975955815713354 151.5
3040 0.003497232785632551 152
3050 0.003889137436052635 152.5
3060 0.00420215966996278 153
3070 0.004411779688635083 153.5
3080 0.004473092674050715 154
3090 0.004360125256903009 154.5
3100 0.004122001930593844 155
3110 0.003802500729232844 155.5
3120 0.003432460126831158 156
3130 0.003076169424996552 156.5
3140 0.002756169795147458 157
3150 0.002459586637817907 157.5
3160 0.002176386946775387 158
3170 0.001898186183893909 158.5
3180 0.001570248690839642 159
3190 0.001218547336691172 159.5
3200 0.0008948422918155741 160
3210 0.0006363068707557094 160.5
3220 0.0004705061480760141 161
3230 0.0003831154422173517 161.5
3240 0.0003469564799409392 162
3250 0.000327838813828187 162.5
3260 0.0002989710870900092 163
3270 0.0002592868829924034 163.5
3280 0.0002157326876900426 164
3290 0.0001795529743837136 164.5
3300 0.0001572528036121473 165
3310 0.000144927294368611 165.5
3320 0.0001395898825577672 166
3330 0.000132880793294985 166.5
3340 0.0001188387555600233 167
3350 9.872241287513433e-05 167.5
3360 7.786094487149683e-05 168
3370 5.832696146293146e-05 168.5
3380 4.24779271481955e-05 169
3390 3.072344325741822e-05 169.5
3400 2.271363155990898e-05 170
3410 1.766890640640743e-05 170.5
3420 1.51030467510955e-05 171
3430 1.458728355002246e-05 171.5
3440 1.56015658202559e-05 172
3450 1.754084139318443e-05 172.5
3460 1.957228248036085e-05 173
3470 2.074585536509925e-05 173.5
3480 2.130835500549327e-05 174
3490 2.178309610607394e-05 174.5
3500 2.275468514686413e-05 175
3510 2.446200643725388e-05 175.5
3520 2.635215939554841e-05 176
3530 2.789019185484144e-05 176.5
3540 2.818692613573991e-05 177
3550 2.685135515394578e-05 177.5
3560 2.389945299133839e-05 178
3570 2.018933227298632e-05 178.5
3580 1.656919054855447e-05 179
3590 1.367563043198961e-05 179.5
3600 1.179874863977856e-05 180
3610 1.071085633528725e-05 180.5
3620 1.039395471089324e-05 181
3630 1.116084683095741e-05 181.5
3640 1.316430181431268e-05 182
3650 1.625765342276169e-05 182.5
3660 1.999770099645034e-05 183
3670 2.361528124123183e-05 183.5
3680 2.590946203903385e-05 184
3690 2.625205743842015e-05 184.5
3700 2.546444449646e-05 185
3710 2.452512432904246e-05 185.5
3720 2.361616697635004e-05 186
3730 2.276160847634612e-05 186.5
3740 2.195325536775215e-05 187
3750 2.118118936516581e-05 187.5
3760 2.022341979980362e-05 188
3770 1.934553551336095e-05 188.5
3780 1.856793450379349e-05 189
3790 1.771418108479639e-05 189.5
3800 1.704573243429347e-05 190
3810 1.671291320644867e-05 190.5
3820 1.670348266308891e-05 191
3830 1.705149817209032e-05 191.5
3840 1.771184777166967e-05 192
3850 1.866707770050023e-05 192.5
3860 2.003630948010922e-05 193
3870 2.186522222530862e-05 193.5
3880 2.436703407842249e-05 194
3890 2.790178642581306e-05 194.5
3900 3.302310279530502e-05 195
3910 4.022290454363524e-05 195.5
3920 5.015209677803715e-05 196
3930 6.282107633137683e-05 196.5
3940 7.735424645230726e-05 197
3950 9.286197311227838e-05 197.5
3960 0.0001100835363058309 198
3970 0.0001266702499976146 198.5
3980 0.0001368348666063072 199
3990 0.0001380688161827283 199.5
4000 0.000129618685199802 200
4010 0.0001124227641814899 200.5
4020 9.117938535569897e-05 201
4030 7.201489669077105e-05 201.5
4040 5.920613708094955e-05 202
4050 5.345942471005371e-05 202.5
4060 5.40918233321762e-05 203
4070 5.938579866737448e-05 203.5
4080 6.699412262587017e-05 204
4090 7.441125801296152e-05 204.5
4100 8.13694486333293e-05 205
4110 8.826111210909168e-05 205.5
4120 9.492165601249012e-05 206
4130 0.0001007050521334614 206.5
4140 0.0001068979109138055 207
4150 0.0001105261584724487 207.5
4160 0.0001093991392680321 208
4170 0.0001033503611332029 208.5
4180 9.508036628869017e-05 209
4190 9.219463464850227e-05 209.5
4200 0.0001177170628672791 210
4210 0.0002162529985680397 210.5
4220 0.0004369072949774926 211
4230 0.0007608924597154718 211.5
4240 0.00111240188121682 212
4250 0.001458907309765615 212.5
4260 0.001861116360602359 213
4270 0.00232568074010017 213.5
4280 0.002779444476262168 214
4290 0.003148979200505427 214.5
4300 0.003450151359873559 215
4310 0.003647148020531993 215.5
4320 0.003683499042806476 216
4330 0.003614464834968573 216.5
4340 0.003516873924949992 217
4350 0.003421691905540624 217.5
4360 0.003310292208950936 218
4370 0.00314940629164457 218.5
4380 0.002917135019658532 219
4390 0.002617318197121998 219.5
4400 0.002262507850614526 220
4410 0.001866086538588149 220.5
4420 0.00145356567973081 221
4430 0.001073469309701959 221.5
4440 0.0007707336758729463 222
4450 0.0005595313561885389 222.5
4460 0.0004250527505346825 223
4470 0.0003446032224934537 223.5
4480 0.000295912604008936 224
4490 0.0002698040426801367 224.5
4500 0.0002605745884002572 225
4510 0.000266567969839172 225.5
4520 0.0002924767463188131 226
4530 0.0003436220745707188 226.5
4540 0.0004248536989488391 227
4550 0.0005388847032266748 227.5
4560 0.0006845539710335271 228
4570 0.0008329694530227865 228.5
4580 0.0009586670993072369 229
4590 0.001049495749200372 229.5
4600 0.001108306442839159 230
4610 0.001133101905821056 230.5
4620 0.001123309653842266 231
4630 0.001090926828544562 231.5
4640 0.001043808729002306 232
4650 0.0009941888107246331 232.5
4660 0.0009508221958004689 233
4670 0.0009068321247314829 233.5
4680 0.0008592512254985338 234
4690 0.0008360662256924092 234.5
4700 0.0008845604600594538 235
4710 0.001012144716448098 235.5
4720 0.00114999190675297 236
4730 0.001222228851458496 236.5
4740 0.001230746967771025 237
4750 0.001237542065988851 237.5
4760 0.001255345992607544 238
4770 0.001278572948052656 238.5
4780 0.001296911529900099 239
4790 0.001300574071321244 239.5
4800 0.001304505089416002 240
4810 0.001298461469636637 240.5
4820 0.001278182094573076 241
4830 0.001209520881485214 241.5
4840 0.001086702321925769 242
4850 0.0009497417136348241 242.5
4860 0.0008218596211885779 243
4870 0.000706080473839715 243.5
4880 0.0006000076357006081 244
4890 0.0005030022361937574 244.5
4900 0.0004128651520825872 245
4910 0.000328018413437673 245.5
4920 0.0002554200345132257 246
4930 0.0001976488548118455 246.5
4940 0.0001538359010745992 247
4950 0.0001237940194847204 247.5
4960 0.0001082716419437469 248
4970 0.0001169359619948637 248.5
4980 0.0001768915599804368 249
4990 0.0003093645709937574 249.5
5000 0.0004929542318647417 250
