0 0 0
10 8.91758193689285e-06 0.5
20 1.78778500447104e-05 1
30 2.683782885363755e-05 1.5
40 3.57880627381372e-05 2
50 4.47301926864948e-05 2.5
60 5.366452454390592e-05 3
70 6.258707189182871e-05 3.5
80 7.149755221170648e-05 4
90 8.039858033547829e-05 4.5
100 8.92919667017438e-05 5
110 9.818035853316809e-05 5.5
120 0.0001070619367380933 6
130 0.0001159347727249606 6.5
140 0.0001247993853943674 7
150 0.0001336486590879703 7.5
160 0.000142483043977725 8
170 0.0001513075409887158 8.5
180 0.0001601166159139124 9
190 0.0001689087225011267 9.5
200 0.0001776690250474162 10
210 0.0001863774866566736 10.5
220 0.0001950178288729611 11
230 0.0002035752952484375 11.5
240 0.0002120339955881879 12
250 0.0002203878627577929 12.5
260 0.0002286351927725171 13
270 0.0002367751216444412 13.5
280 0.0002448109117197527 14
290 0.000252745661735366 14.5
300 0.000260581830869454 15
310 0.0002683231065843757 15.5
320 0.0002759762963651791 16
330 0.0002835526623067197 16.5
340 0.0002910647889039307 17
350 0.0002985214977473331 17.5
360 0.0003059233737996622 18
370 0.0003132631144472695 18.5
380 0.0003205300555334945 19
390 0.0003277080319692949 19.5
400 0.0003347780650172433 20
410 0.0003417218486730237 20.5
420 0.0003485172677889439 21
430 0.0003551394582390718 21.5
440 0.0003615708259854801 22
450 0.0003678056939464811 22.5
460 0.000373842675821928 23
470 0.0003797063179742191 23.5
480 0.0003854551982280291 24
490 0.0003911666414565519 24.5
500 0.0003968978975268312 25
510 0.0004026694751015464 25.5
520 0.0004084889082178854 26
530 0.0004143622558294735 26.5
540 0.0004202921194689781 27
550 0.0004262794433915154 27.5
560 0.0004323115608041178 28
570 0.0004383675623007384 28.5
580 0.0004444268993201495 29
590 0.0004504688839001556 29.5
600 0.0004564784850707815 30
610 0.0004624431511018432 30.5
620 0.0004683637791405781 31
630 0.0004742516756693186 31.5
640 0.0004801199353923883 32
650 0.0004859781517400918 32.5
660 0.0004918247332057143 33
670 0.0004976520724113559 33.5
680 0.0005034399567763577 34
690 0.0005091632124668988 34.5
700 0.0005147988206893962 35
710 0.000520321389007199 35.5
720 0.0005257198503092658 36
730 0.0005309851302097559 36.5
740 0.0005361171108607548 37
750 0.0005411327549623323 37.5
760 0.0005460573476918015 38
770 0.0005509204017155718 38.5
780 0.0005557468835442731 39
790 0.0005605596732726491 39.5
800 0.0005653714470382564 40
810 0.0005701753605245098 40.5
820 0.0005749465454878818 41
830 0.0005796613796654486 41.5
840 0.0005843097490574 42
850 0.0005888899561070466 42.5
860 0.0005934011732928531 43
870 0.0005978405883290127 43.5
880 0.0006022002928212102 44
890 0.0006064707576774906 44.5
900 0.0006106483875854149 45
910 0.0006147251072713122 45.5
920 0.0006186796202717207 46
930 0.0006224925499262208 46.5
940 0.0006261587202570171 47
950 0.0006296845911330466 47.5
960 0.0006330836650819133 48
970 0.0006363623253464668 48.5
980 0.000639522773980818 49
990 0.0006425651635119497 49.5
1000 0.0006455043110677409 50
1010 0.0006484202900827175 50.5
1020 0.0006514094832843763 51
1030 0.0006544571572845732 51.5
1040 0.0006574654708592027 52
1050 0.0006603497724751602 52.5
1060 0.0006630630352407429 53
1070 0.0006655816825407627 53.5
1080 0.0006679057903046765 54
1090 0.0006700508790431348 54.5
1100 0.000672045199919215 55
1110 0.0006739233890736007 55.5
1120 0.0006757294652798322 56
1130 0.0006775117227711595 56.5
1140 0.0006793080647000158 57
1150 0.0006811353282173363 57.5
1160 0.0006830034089064343 58
1170 0.0006849118762255884 58.5
1180 0.0006868541818836111 59
1190 0.000688816153611612 59.5
1200 0.0006907839732036513 60
1210 0.0006927466725311957 60.5
1220 0.0006946855966510667 61
1230 0.0006965770482536511 61.5
1240 0.0006984056007093665 62
1250 0.0007001614816116925 62.5
1260 0.0007018394358024783 63
1270 0.0007034305492558834 63.5
1280 0.0007049297595127359 64
1290 0.0007063313259892815 64.5
1300 0.0007076428509705876 65
1310 0.000708878863103315 65.5
1320 0.0007100541803423423 66
1330 0.0007111876982832707 66.5
1340 0.000712296567242599 67
1350 0.0007133807653422383 67.5
1360 0.0007144436744921062 68
1370 0.0007155181906778835 68.5
1380 0.0007166572762153263 69
1390 0.0007179001522894549 69.5
1400 0.0007192222859623633 70
1410 0.0007206044121918064 70.5
1420 0.0007220383745310824 71
1430 0.000723526935475041 71.5
1440 0.0007250850718090821 72
1450 0.0007267146772308746 72.5
1460 0.0007283819526752236 73
1470 0.0007300377633696933 73.5
1480 0.0007316365598513412 74
1490 0.0007331510894480258 74.5
1500 0.0007345705780895253 75
1510 0.0007358925007162529 75.5
1520 0.0007371264915326208 76
1530 0.000738276256655521 76.5
1540 0.0007393347140448419 77
1550 0.0007402936754951892 77.5
1560 0.0007411575313235032 78
1570 0.0007419321772589519 78.5
1580 0.0007426386662798656 79
1590 0.0007433114991541957 79.5
1600 0.0007439767415596575 80
1610 0.0007446527509108748 80.5
1620 0.0007453456120232557 81
1630 0.0007460571404610126 81.5
1640 0.0007467820986662239 82
1650 0.0007475201199548958 82.5
1660 0.0007482870487170659 83
1670 0.0007490961814335961 83.5
1680 0.0007499447513136693 84
1690 0.0007508091882890463 84.5
1700 0.0007516626495647707 85
1710 0.0007524878731561652 85.5
1720 0.0007532931169686723 86
1730 0.0007540958223563655 86.5
1740 0.0007549133507075868 87
1750 0.0007557605487026396 87.5
1760 0.0007566408509329854 88
1770 0.0007575380893100566 88.5
1780 0.0007584285675132234 89
1790 0.0007592930301712729 89.5
1800 0.0007601136349029474 90
1810 0.0007608528378495354 90.5
1820 0.0007614647599374565 91
1830 0.0007619166664073716 91.5
1840 0.0007622030260569587 92
1850 0.0007623276678067308 92.5
1860 0.0007623058653377808 93
1870 0.0007621702743999515 93.5
1880 0.0007619586274566372 94
1890 0.0007617057062817642 94.5
1900 0.000761432522216758 95
1910 0.0007611468973145675 95.5
1920 0.0007608566770479731 96
1930 0.0007605579751574279 96.5
1940 0.0007602301840297539 97
1950 0.0007598601801685363 97.5
1960 0.0007594612847644321 98
1970 0.0007590698620006461 98.5
1980 0.0007587253344000669 99
1990 0.0007584444817390932 99.5
2000 0.0007582215945147607 100
2010 0.0007580426100380295 100.5
2020 0.0007578979376631317 101
2030 0.0007577875410581176 101.5
2040 0.0007577121601320184 102
2050 0.0007576607484012113 102.5
2060 0.0007576125256854589 103
2070 0.00075753153626811 103.5
2080 0.0007573885514934769 104
2090 0.0007571724287209386 104.5
2100 0.000756903198173956 105
2110 0.0007566076565118226 105.5
2120 0.0007562874192557073 106
2130 0.0007559211552147566 106.5
2140 0.0007554792806325732 107
2150 0.0007549406280369036 107.5
2160 0.0007543069434514472 108
2170 0.0007535905903126583 108.5
2180 0.0007528164956117775 109
2190 0.0007520269506763677 109.5
2200 0.0007512593170881707 110
2210 0.0007505497168654358 110.5
2220 0.0007499085268492225 111
2230 0.0007493150632265962 111.5
2240 0.0007487506626174441 112
2250 0.0007482035304632606 112.5
2260 0.0007476656706543798 113
2270 0.0007471414794068291 113.5
2280 0.0007466240399382924 114
2290 0.0007461216241975049 114.5
2300 0.0007456775190885079 115
2310 0.0007453538594379752 115.5
2320 0.0007451826055284708 116
2330 0.0007451524918375698 116.5
2340 0.0007452473042615995 117
2350 0.000745461487322984 117.5
2360 0.0007457815906524518 118
2370 0.000746192703335585 118.5
2380 0.0007466922258626931 119
2390 0.0007472703077511254 119.5
2400 0.0007479136052724996 120
2410 0.0007486056819588784 120.5
2420 0.0007493427123680582 121
2430 0.0007501331372603442 121.5
2440 0.0007509432767821441 122
2450 0.0007517163401108728 122.5
2460 0.0007524362761926433 123
2470 0.0007531305631142701 123.5
2480 0.0007538217254508447 124
2490 0.0007544862752311437 124.5
2500 0.0007550890081095386 125
2510 0.0007556185664095596 125.5
2520 0.0007560744812936085 126
2530 0.0007564533084517508 126.5
2540 0.0007567442754736048 127
2550 0.0007569417002139745 127.5
2560 0.0007570486954438676 128
2570 0.0007570817275299387 128.5
2580 0.0007570665285957477 129
2590 0.0007570220434163156 129.5
2600 0.0007569559552633034 130
2610 0.0007568610902596556 130.5
2620 0.0007567102998192624 131
2630 0.0007564801973922401 131.5
2640 0.0007561632682422796 132
2650 0.0007557480750053952 132.5
2660 0.0007552270210118276 133
2670 0.000754620886480415 133.5
2680 0.0007539736505936453 134
2690 0.00075334758610892 134.5
2700 0.0007528163978055949 135
2710 0.0007524210929910581 135.5
2720 0.0007521461575714896 136
2730 0.0007519395575832847 136.5
2740 0.0007517540343118816 137
2750 0.0007515574929127772 137.5
2760 0.0007513437146358719 138
2770 0.0007511223173227938 138.5
2780 0.0007509203464844917 139
2790 0.0007507683523743806 139.5
2800 0.0007506872511958351 140
2810 0.0007506672057731547 140.5
2820 0.0007506816335385009 141
2830 0.0007507003177478543 141.5
2840 0.000750691697363895 142
2850 0.0007506299664513651 142.5
2860 0.0007505072385996532 143
2870 0.0007503250830667767 143.5
2880 0.000750088148571254 144
2890 0.000749793406927422 144.5
2900 0.0007494373129911848 145
2910 0.0007490265255633236 145.5
2920 0.0007485897137787331 146
2930 0.0007481655871649339 146.5
2940 0.0007477988847040867 147
2950 0.0007475113524109657 147.5
2960 0.0007472851756221194 148
2970 0.0007470712510764701 148.5
2980 0.0007468382616117454 149
2990 0.0007465797320748904 149.5
3000 0.0007463174681882629 150
3010 0.0007461001610787022 150.5
3020 0.0007459745765181426 151
3030 0.0007459677686941612 151.5
3040 0.0007460907476483265 152
3050 0.0007463248855631365 152.5
3060 0.000746631918026626 153
3070 0.0007469770525403551 153.5
3080 0.0007473347692293248 154
3090 0.0007476985650220921 154.5
3100 0.0007480618465171919 155
3110 0.0007484073389706119 155.5
3120 0.0007487092220814289 156
3130 0.0007489184908096682 156.5
3140 0.0007489734912801102 157
3150 0.0007488417010321532 157.5
3160 0.0007485217093862648 158
3170 0.0007480164943668679 158.5
3180 0.0007473190553590704 159
3190 0.0007464168627806162 159.5
3200 0.0007453352713735476 160
3210 0.0007441458330195995 160.5
3220 0.0007429448240859746 161
3230 0.000741839323502518 161.5
3240 0.0007409241548604354 162
3250 0.0007402531304820044 162.5
3260 0.0007398276364716748 163
3270 0.0007395983981879694 163.5
3280 0.0007394939225790409 164
3290 0.0007394486835602155 164.5
3300 0.0007394057019755836 165
3310 0.0007393231553320101 165.5
3320 0.0007391897552393507 166
3330 0.0007390348107769195 166.5
3340 0.0007389227665356682 167
3350 0.0007389244154734509 167.5
3360 0.000739049932531108 168
3370 0.0007392466546996569 168.5
3380 0.0007394616448965386 169
3390 0.0007396833981987852 169.5
3400 0.000739922475263393 170
3410 0.0007401947585032266 170.5
3420 0.0007405248949555779 171
3430 0.0007409422432895056 171.5
3440 0.0007414670612741603 172
3450 0.0007421065108716624 172.5
3460 0.0007428487713176716 173
3470 0.0007436699958398703 173.5
3480 0.0007445417799996013 174
3490 0.0007454450685863149 174.5
3500 0.0007463689987089851 175
3510 0.0007472988734702393 175.5
3520 0.0007482216905167718 176
3530 0.000749131598226683 176.5
3540 0.0007500281390930289 177
3550 0.0007509071674868258 177.5
3560 0.0007517589585858152 178
3570 0.0007525680865727562 178.5
3580 0.0007533274356233014 179
3590 0.0007540571192765999 179.5
3600 0.0007548172133624631 180
3610 0.0007556844874543842 180.5
3620 0.0007566783209552783 181
3630 0.0007577524279483185 181.5
3640 0.0007588537897816409 182
3650 0.0007599467748753131 182.5
3660 0.0007610086617103193 183
3670 0.0007620283472780609 183.5
3680 0.0007630217470633667 184
3690 0.0007640159710515675 184.5
3700 0.0007650411771155482 185
3710 0.000766130887548799 185.5
3720 0.000767308947498266 186
3730 0.0007685708629530736 186.5
3740 0.0007698849155921404 187
3750 0.0007712140871141554 187.5
3760 0.0007725248905994707 188
3770 0.0007738011292551615 188.5
3780 0.0007750322710030114 189
3790 0.0007762143936065241 189.5
3800 0.0007773457373154137 190
3810 0.0007784267252637599 190.5
3820 0.0007794553629584911 191
3830 0.000780434144049424 191.5
3840 0.0007813689235052766 192
3850 0.0007822736139573285 192.5
3860 0.0007831573072609297 193
3870 0.0007840212291456512 193.5
3880 0.0007848695826366101 194
3890 0.0007857230554953031 194.5
3900 0.0007866069173243829 195
3910 0.0007875370275737627 195.5
3920 0.0007885021159024713 196
3930 0.0007894567950471098 196.5
3940 0.0007903638681987288 197
3950 0.0007911899294739639 197.5
3960 0.0007919109007654679 198
3970 0.0007925144794619936 198.5
3980 0.0007930112277150999 199
3990 0.00079340742836403 199.5
4000 0.0007937032379323291 200
4010 0.0007939059028932925 200.5
4020 0.0007940325917872062 201
4030 0.0007941013901446209 201.5
4040 0.0007941271136750329 202
4050 0.0007941167043915992 202.5
4060 0.0007940768366315871 203
4070 0.0007940335453747226 203.5
4080 0.0007940401331928304 204
4090 0.0007941319296158311 204.5
4100 0.000794314573083246 205
4110 0.0007945688838576429 205.5
4120 0.0007948711079622726 206
4130 0.0007951948517640619 206.5
4140 0.0007955175699667538 207
4150 0.0007958237855798962 207.5
4160 0.0007961067347683121 208
4170 0.0007963658260082836 208.5
4180 0.0007965990598740841 209
4190 0.0007968102415879889 209.5
4200 0.0007970131278189701 210
4210 0.000797231630598279 210.5
4220 0.0007974861664703007 211
4230 0.0007977817758262117 211.5
4240 0.0007981001288009844 212
4250 0.0007984123507238668 212.5
4260 0.0007986950243813102 213
4270 0.0007989354689150449 213.5
4280 0.0007991129459368278 214
4290 0.0007992056963787397 214.5
4300 0.0007991974483074826 215
4310 0.0007990770579947479 215.5
4320 0.0007988468076989545 216
4330 0.000798519257421248 216.5
4340 0.0007981187886199146 217
4350 0.0007976654202978764 217.5
4360 0.0007971797138281111 218
4370 0.000796680930664769 218.5
4380 0.0007961797838845786 219
4390 0.0007956807182904436 219.5
4400 0.0007951647390124966 220
4410 0.0007945983579498514 220.5
4420 0.0007939420226191544 221
4430 0.000793164789435955 221.5
4440 0.0007922647827673386 222
4450 0.0007913104978111988 222.5
4460 0.0007904072804100283 223
4470 0.0007896353358265775 223.5
4480 0.0007889849390892928 224
4490 0.0007883810868214412 224.5
4500 0.0007877437153077816 225
4510 0.0007870532333064592 225.5
4520 0.0007863657830803852 226
4530 0.0007857902110219122 226.5
4540 0.0007854573075932595 227
4550 0.0007853925430518958 227.5
4560 0.0007854834987082721 228
4570 0.0007855990777412261 228.5
4580 0.0007856468068320355 229
4590 0.0007855766283648605 229.5
4600 0.0007853568558921152 230
4610 0.0007849930511505493 230.5
4620 0.0007845272517252137 231
4630 0.0007840139940058465 231.5
4640 0.0007835183135257935 232
4650 0.0007830996764659631 232.5
4660 0.0007827876842334762 233
4670 0.000782591265937553 233.5
4680 0.0007825080488774666 234
4690 0.0007825297534825316 234.5
4700 0.0007826324818550679 235
4710 0.0007827911868037667 235.5
4720 0.000782983205346488 236
4730 0.0007831892954600668 236.5
4740 0.0007833973879063112 237
4750 0.0007835954111175303 237.5
4760 0.0007837894849916307 238
4770 0.000783993885574369 238.5
4780 0.000784230716164148 239
4790 0.0007845209859479371 239.5
4800 0.0007848652166442629 240
4810 0.0007852478626931345 240.5
4820 0.0007856492974786494 241
4830 0.0007860524649490524 241.5
4840 0.0007864503965024919 242
4850 0.0007868447113112414 242.5
4860 0.0007872469686024033 243
4870 0.0007876570917756718 243.5
4880 0.0007880550912175938 244
4890 0.0007884187150213798 244.5
4900 0.0007887276728401804 245
4910 0.0007889744560874304 245.5
4920 0.0007891587038917288 246
4930 0.0007892855617841018 246.5
4940 0.0007893638847683269 247
4950 0.000789412371172008 247.5
4960 0.0007894570760091858 248
4970 0.0007895152781413978 248.5
4980 0.0007895985473253054 249
4990 0.0007897158370493788 249.5
5000 0.0007898716095040222 250
