0 0 0
10 0.08878179208040279 0.5
20 0.09183448250768271 1
30 0.09198383553283287 1.5
40 0.09200169030697598 2
50 0.09212535127747491 2.5
60 0.09210959348061802 3
70 0.09210029198639344 3.5
80 0.09215297002034287 4
90 0.09242903165771942 4.5
100 0.09255510237924584 5
110 0.09228057671272516 5.5
120 0.09226710983255987 6
130 0.09256341847791245 6.5
140 0.09265735854216645 7
150 0.09352139697895215 7.5
160 0.09286923688140877 8
170 0.094629275064378 8.5
180 0.09309319998173295 9
190 0.09391761264647172 9.5
200 0.09202889930766865 10
210 0.09203306849640858 10.5
220 0.09213432888302867 11
230 0.09202425961211917 11.5
240 0.09202765079387142 12
250 0.09202618586462029 12.5
260 0.09203321285605585 13
270 0.09205237658779038 13.5
280 0.09201943371420239 14
290 0.09203218956130892 14.5
300 0.09240690232712093 15
310 0.09224469927920995 15.5
320 0.09247552461241663 16
330 0.09254838360943965 16.5
340 0.09261806570774611 17
350 0.09260250064669862 17.5
360 0.09212996477300125 18
370 0.09226275963899414 18.5
380 0.09239425273403971 19
390 0.09249301566916412 19.5
400 0.09249560476914044 20
410 0.0923930113863413 20.5
420 0.0922790231233485 21
430 0.09213457750583533 21.5
440 0.09216250877098876 22
450 0.09216651403651159 22.5
460 0.09212128105549884 23
470 0.0920694027942114 23.5
480 0.09203261701839725 24
490 0.09202170466536139 24.5
500 0.09206398998389542 25
510 0.09216674240566068 25.5
520 0.09202555771167072 26
530 0.09204806937464165 26.5
540 0.09299341861982732 27
550 0.09410121651152795 27.5
560 0.09449793687879632 28
570 0.09361048480997101 28.5
580 0.09258271807366081 29
590 0.09380562587561288 29.5
600 0.09699190950093556 30
610 0.09672669696650116 30.5
620 0.09234803334684226 31
630 0.09218709186868169 31.5
640 0.09218251759148909 32
650 0.09209485795494021 32.5
660 0.09203229903231026 33
670 0.09204388536917492 33.5
680 0.09205968303846886 34
690 0.09210417335140293 34.5
700 0.09216420559807831 35
710 0.09219942183262957 35.5
720 0.09301261937986872 36
730 0.09317537006297354 36.5
740 0.09211531293769862 37
750 0.09208762018172383 37.5
760 0.09208827735113852 38
770 0.09214616488056364 38.5
780 0.09681634410119745 39
790 0.09574833421311012 39.5
800 0.09234086589799553 40
810 0.09242037992653694 40.5
820 0.09249308467168016 41
830 0.09252804387621894 41.5
840 0.09226691238365714 42
850 0.09202649857934267 42.5
860 0.09205337227663803 43
870 0.09206217473861367 43.5
880 0.09206380104423371 44
890 0.09209512885994775 44.5
900 0.09206546625660021 45
910 0.09207668643819616 45.5
920 0.09205306425135537 46
930 0.09211388638844231 46.5
940 0.09208930537789345 47
950 0.09217138884536497 47.5
960 0.0920343417812568 48
970 0.09210264531866981 48.5
980 0.09241882199476442 49
990 0.09317417283918103 49.5
1000 0.09308901583162557 50
1010 0.09207938115938 50.5
1020 0.0920730013280497 51
1030 0.0922684046531507 51.5
1040 0.09335707136185609 52
1050 0.09208195944635242 52.5
1060 0.09210166936128031 53
1070 0.09207098833369146 53.5
1080 0.09219898943323283 54
1090 0.09212576582231158 54.5
1100 0.09207315001096272 55
1110 0.09204033825600953 55.5
1120 0.09202488475362514 56
1130 0.09203415844900725 56.5
1140 0.09202197417096063 57
1150 0.09203694872819915 57.5
1160 0.09205621304070179 58
1170 0.09206323459179075 58.5
1180 0.09208097958399404 59
1190 0.09210846681536525 59.5
1200 0.09218414086622313 60
1210 0.09219830244207707 60.5
1220 0.09259212626078388 61
1230 0.09217001735713687 61.5
1240 0.09233246572693006 62
1250 0.09281457317446688 62.5
1260 0.09235788529449457 63
1270 0.09219793982901923 63.5
1280 0.0922222038104295 64
1290 0.0921970656035985 64.5
1300 0.09212703170566189 65
1310 0.09212194244238599 65.5
1320 0.09217862582509091 66
1330 0.09204013610352715 66.5
1340 0.09209813971806968 67
1350 0.09211004458521768 67.5
1360 0.09208195650203434 68
1370 0.09206540257704592 68.5
1380 0.09202770619967619 69
1390 0.09267876638227585 69.5
1400 0.09509617903318339 70
1410 0.09615864991279609 70.5
1420 0.09598170788622165 71
1430 0.09540659642383711 71.5
1440 0.09472818973558501 72
1450 0.09423117658744477 72.5
1460 0.09443238866481568 73
1470 0.09696790293430535 73.5
1480 0.09850645582312133 74
1490 0.09204870801158227 74.5
1500 0.09204843262681857 75
1510 0.09206069292487983 75.5
1520 0.09209598880990055 76
1530 0.09223695652081781 76.5
1540 0.09219745910396773 77
1550 0.09205963180816708 77.5
1560 0.09215267105799695 78
1570 0.09212923209768922 78.5
1580 0.09204457965057415 79
1590 0.09202062533293107 79.5
1600 0.09235465331786077 80
1610 0.0933296994113289 80.5
1620 0.09241198046609114 81
1630 0.09255801369614909 81.5
1640 0.09258860257092758 82
1650 0.09250756046962975 82.5
1660 0.09236069149310994 83
1670 0.09225527086756484 83.5
1680 0.09221755226226619 84
1690 0.09231318931154599 84.5
1700 0.09234252711722549 85
1710 0.09204185871692347 85.5
1720 0.09203696125158112 86
1730 0.09204051783174519 86.5
1740 0.09379395147609625 87
1750 0.09427422397287308 87.5
1760 0.09212491000683877 88
1770 0.09205500483726788 88.5
1780 0.09202241251223936 89
1790 0.09205956518894766 89.5
1800 0.09208082732932668 90
1810 0.09208159008343399 90.5
1820 0.09241088339273633 91
1830 0.09407314259530195 91.5
1840 0.09702005253153873 92
1850 0.0975489162264989 92.5
1860 0.09464496685274862 93
1870 0.09301060800617617 93.5
1880 0.09295651987938769 94
1890 0.09279835293476861 94.5
1900 0.09236960920864914 95
1910 0.09255370832771719 95.5
1920 0.09384486424979463 96
1930 0.09212546711524841 96.5
1940 0.09204151950573537 97
1950 0.09235990088599953 97.5
1960 0.09310497558861336 98
1970 0.09251239565749161 98.5
1980 0.09350820613023533 99
1990 0.0921325312670055 99.5
2000 0.09206576080931514 100
2010 0.09212630659155047 100.5
2020 0.09204332936286461 101
2030 0.09228623352750076 101.5
2040 0.09278167875114697 102
2050 0.09269805164493396 102.5
2060 0.09350215801929961 103
2070 0.09401283766529932 103.5
2080 0.0941758253498578 104
2090 0.09384680612573199 104.5
2100 0.09367850866434925 105
2110 0.09201864535417953 105.5
2120 0.09205237582761341 106
2130 0.0920137924956745 106.5
2140 0.09203438783950239 107
2150 0.09203412728059454 107.5
2160 0.09205084928719598 108
2170 0.09209120321175965 108.5
2180 0.092275836821009 109
2190 0.09235779926590044 109.5
2200 0.09225694349898583 110
2210 0.09213992651911392 110.5
2220 0.09222949385010286 111
2230 0.09205647673987892 111.5
2240 0.09205953178990608 112
2250 0.09235060484616987 112.5
2260 0.09293148527800763 113
2270 0.09204154050205574 113.5
2280 0.09208764264098029 114
2290 0.09211192895460463 114.5
2300 0.09211202219296458 115
2310 0.09213597221843786 115.5
2320 0.09209135448968252 116
2330 0.09206800676496037 116.5
2340 0.09357042776228768 117
2350 0.09381721067139787 117.5
2360 0.09208107750047538 118
2370 0.0921220200758527 118.5
2380 0.09214400514399321 119
2390 0.09213805540218366 119.5
2400 0.09280966528001953 120
2410 0.09345330319234703 120.5
2420 0.09345241398958164 121
2430 0.09384243176196398 121.5
2440 0.09504819332540036 122
2450 0.09579808023981726 122.5
2460 0.0954166117657602 123
2470 0.09448554975104555 123.5
2480 0.09464979514853665 124
2490 0.09373980728417333 124.5
2500 0.09308760521641099 125
2510 0.09211129997210461 125.5
2520 0.09210163132608865 126
2530 0.09208184788509292 126.5
2540 0.09211441530336731 127
2550 0.09204941090699585 127.5
2560 0.09221681666006086 128
2570 0.09236852301543839 128.5
2580 0.09251572312939982 129
2590 0.0930914921242435 129.5
2600 0.09365919114853564 130
2610 0.09360335461340133 130.5
2620 0.09287004236681053 131
2630 0.09386787965386373 131.5
2640 0.09263854008946441 132
2650 0.09588056191090495 132.5
2660 0.09847553403239358 133
2670 0.09528647643146036 133.5
2680 0.09207286519201498 134
2690 0.09209170698956883 134.5
2700 0.09423042043806004 135
2710 0.09211700294601134 135.5
2720 0.09212611375286854 136
2730 0.09232545513434007 136.5
2740 0.09263436602903356 137
2750 0.09344502432297226 137.5
2760 0.09382301931504533 138
2770 0.09339264364062715 138.5
2780 0.09271007112210468 139
2790 0.09253418485822471 139.5
2800 0.09241462716757728 140
2810 0.09238120292299498 140.5
2820 0.09238868875855315 141
2830 0.0923870028923733 141.5
2840 0.09253117304877582 142
2850 0.09238869181330066 142.5
2860 0.09222769820977704 143
2870 0.09599906762437013 143.5
2880 0.09404458853912083 144
2890 0.09318573899693151 144.5
2900 0.09282733355363346 145
2910 0.09336497326405098 145.5
2920 0.09490112916192253 146
2930 0.09580650900303839 146.5
2940 0.09543669689380009 147
2950 0.09382338410546046 147.5
2960 0.09283442156366274 148
2970 0.09209475006017384 148.5
2980 0.09208294037467959 149
2990 0.09224478156391971 149.5
3000 0.09373063823348024 150
3010 0.09400932199981653 150.5
3020 0.09428816876086055 151
3030 0.09439818663367947 151.5
3040 0.09360454949700223 152
3050 0.09254148472507065 152.5
3060 0.09233287815527792 153
3070 0.09233165194770127 153.5
3080 0.09240488588649953 154
3090 0.09240759398864069 154.5
3100 0.09225205369937411 155
3110 0.09270495735376545 155.5
3120 0.09279426013101871 156
3130 0.09259902974557278 156.5
3140 0.09238122999119482 157
3150 0.09221037633457253 157.5
3160 0.09210111753522371 158
3170 0.09219338852068497 158.5
3180 0.09209602254766092 159
3190 0.0921092196154179 159.5
3200 0.09222797192960125 160
3210 0.0920665255147306 160.5
3220 0.09207410789733314 161
3230 0.09202281648322096 161.5
3240 0.09201907017959804 162
3250 0.0920530909434235 162.5
3260 0.09204802501886652 163
3270 0.09207015044049065 163.5
3280 0.09210283380477438 164
3290 0.09212086304687471 164.5
3300 0.09209986176427418 165
3310 0.09252018779427641 165.5
3320 0.09222503216034568 166
3330 0.09214967449091395 166.5
3340 0.09203426759974011 167
3350 0.09203867731327411 167.5
3360 0.09207582648358953 168
3370 0.09207369479580811 168.5
3380 0.0921376124367361 169
3390 0.09214225608216858 169.5
3400 0.0920898342807082 170
3410 0.09212421490959868 170.5
3420 0.09217903043037046 171
3430 0.09207577741312027 171.5
3440 0.09209092119345208 172
3450 0.09209292872295069 172.5
3460 0.09210006745030633 173
3470 0.09216659696116225 173.5
3480 0.09236472552065944 174
3490 0.09205471388006808 174.5
3500 0.09206835940443547 175
3510 0.09209673885348225 175.5
3520 0.09209275301497122 176
3530 0.0921269205326747 176.5
3540 0.09210401960434342 177
3550 0.09212030746110868 177.5
3560 0.09210894963228647 178
3570 0.09212048686161967 178.5
3580 0.09221410109086642 179
3590 0.09207600577629037 179.5
3600 0.09209215536481988 180
3610 0.09204483665821601 180.5
3620 0.09210733365418089 181
3630 0.09216843850444943 181.5
3640 0.09247287095397022 182
3650 0.09296557369228456 182.5
3660 0.09208887014908676 183
3670 0.09219142938217104 183.5
3680 0.09236186482394024 184
3690 0.09230227372675806 184.5
3700 0.0923219748518367 185
3710 0.09237756078352839 185.5
3720 0.09211289416975807 186
3730 0.09208285294865309 186.5
3740 0.09202234052449587 187
3750 0.09201735639389107 187.5
3760 0.09204069714990669 188
3770 0.09218487506698356 188.5
3780 0.09225811047117248 189
3790 0.0920400657924498 189.5
3800 0.09211348585042382 190
3810 0.09218841219380804 190.5
3820 0.09494660269796926 191
3830 0.09205305258521819 191.5
3840 0.09204353495027187 192
3850 0.09204789733091369 192.5
3860 0.09203787442178317 193
3870 0.09203539170843665 193.5
3880 0.09309790667408278 194
3890 0.09221241412718072 194.5
3900 0.09211978798293492 195
3910 0.09233040547967451 195.5
3920 0.09264620339154063 196
3930 0.09208839347897411 196.5
3940 0.0920668735885895 197
3950 0.09209378194721117 197.5
3960 0.0920574606095291 198
3970 0.09206105180034348 198.5
3980 0.09334070502660473 199
3990 0.09580130669411502 199.5
4000 0.09534916387018474 200
4010 0.09230210083620714 200.5
4020 0.09232208557060173 201
4030 0.09229134925365211 201.5
4040 0.09229902481951645 202
4050 0.09221048030120481 202.5
4060 0.09204706404026476 203
4070 0.09203904479118026 203.5
4080 0.0920467961311352 204
4090 0.09261127707144282 204.5
4100 0.09289826962717758 205
4110 0.09348317122397122 205.5
4120 0.09297491418448868 206
4130 0.0923205091239911 206.5
4140 0.09214497348424824 207
4150 0.09341667301373716 207.5
4160 0.09216278349382612 208
4170 0.09208267375721688 208.5
4180 0.09250249031526027 209
4190 0.09211341890248304 209.5
4200 0.09214574951923049 210
4210 0.09211504743030638 210.5
4220 0.0921627892025195 211
4230 0.09215371933005272 211.5
4240 0.09207455476243201 212
4250 0.09210720149478448 212.5
4260 0.09206499510303909 213
4270 0.09206486934464042 213.5
4280 0.09206682089065216 214
4290 0.09207140417252155 214.5
4300 0.09422636723914141 215
4310 0.09437652523807491 215.5
4320 0.09204380608231266 216
4330 0.09203459017694712 216.5
4340 0.09204942330123488 217
4350 0.09208626957375178 217.5
4360 0.09208802388475029 218
4370 0.09211371910139261 218.5
4380 0.09211354327841943 219
4390 0.092064268126309 219.5
4400 0.09204449402100219 220
4410 0.09212821520652818 220.5
4420 0.09204467889589313 221
4430 0.09337810099554393 221.5
4440 0.09447425075180489 222
4450 0.0951229026565991 222.5
4460 0.09587038380471138 223
4470 0.09652248155760038 223.5
4480 0.09656671778029681 224
4490 0.09555100744785448 224.5
4500 0.09300605292684054 225
4510 0.09341276266266292 225.5
4520 0.09351247239769202 226
4530 0.09358672495486932 226.5
4540 0.09407951216656946 227
4550 0.09346089796761031 227.5
4560 0.09366110969554531 228
4570 0.0936058387580801 228.5
4580 0.09522999421466816 229
4590 0.09286800551303138 229.5
4600 0.09277651135363191 230
4610 0.09225322464150709 230.5
4620 0.09282144657938028 231
4630 0.09417281797171108 231.5
4640 0.09442892820129735 232
4650 0.09444967051968138 232.5
4660 0.09362809133436858 233
4670 0.09205805986623067 233.5
4680 0.09214463861659794 234
4690 0.09225351858423698 234.5
4700 0.09228884268889247 235
4710 0.09219376593343769 235.5
4720 0.09203578393079213 236
4730 0.09204163286890159 236.5
4740 0.0920794678931918 237
4750 0.0920997460280099 237.5
4760 0.0920867394814848 238
4770 0.09254159759572465 238.5
4780 0.09204747930182133 239
4790 0.09206221671832865 239.5
4800 0.09206947199037603 240
4810 0.09203182631836282 240.5
4820 0.09203243581590212 241
4830 0.09204631331881098 241.5
4840 0.09205163849084314 242
4850 0.09205318257864736 242.5
4860 0.09223204675286364 243
4870 0.09230199592667668 243.5
4880 0.09211671625924911 244
4890 0.09207833293100377 244.5
4900 0.09209177944230633 245
4910 0.09209889663673856 245.5
4920 0.09213844015959419 246
4930 0.09220205650523677 246.5
4940 0.09221495561211987 247
4950 0.09217391596499201 247.5
4960 0.09213296335719054 248
4970 0.09212566081557014 248.5
4980 0.09212765973623024 249
4990 0.09217042121773776 249.5
5000 0.09219896685171135 250
