0 0 0
10 2.178181402562749e-19 0.5
20 4.588896464754205e-15 1
30 7.043052153128372e-12 1.5
40 7.063706870124567e-10 2
50 1.912783640044479e-08 2.5
60 2.557689078601482e-07 3
70 1.930308948189628e-06 3.5
80 8.584464799862542e-06 4
90 2.572788167976519e-05 4.5
100 5.980065425078245e-05 5
110 0.0001180630304430897 5.5
120 0.0002116569228222574 6
130 0.0003617550786566785 6.5
140 0.0005791236705310964 7
150 0.000854792793058334 7.5
160 0.001148193989557608 8
170 0.001424590812122086 8.5
180 0.001677840362562394 9
190 0.001925736936616205 9.5
200 0.002186934094107253 10
210 0.002467382982132379 10.5
220 0.002759949390934807 11
230 0.003074140671852294 11.5
240 0.003399091289511864 12
250 0.00367376533934875 12.5
260 0.003876666420026723 13
270 0.004009985818545613 13.5
280 0.00406740422379902 14
290 0.004076490252914686 14.5
300 0.004073438520524675 15
310 0.004072592303126403 15.5
320 0.004098596130617667 16
330 0.004180753743199343 16.5
340 0.004312515014119651 17
350 0.004481532283687842 17.5
360 0.004700971799883255 18
370 0.004978455102291555 18.5
380 0.005319041123568585 19
390 0.00569371668076106 19.5
400 0.006061521358673406 20
410 0.006391080397242756 20.5
420 0.006648121069680449 21
430 0.006822698752908142 21.5
440 0.006928551269143855 22
450 0.006986928639160586 22.5
460 0.007048230374867705 23
470 0.007137548145763685 23.5
480 0.007242154765738518 24
490 0.007343561769072768 24.5
500 0.007444300518690015 25
510 0.007553194859054698 25.5
520 0.007680181263462616 26
530 0.00783446609383328 26.5
540 0.008018748698480013 27
550 0.00821674408824819 27.5
560 0.008399393346560657 28
570 0.008549931405515677 28.5
580 0.008680755939117496 29
590 0.008826433484388276 29.5
600 0.009017697542941691 30
610 0.009242500778252056 30.5
620 0.00945611002727968 31
630 0.009623168478084393 31.5
640 0.009726820659765042 32
650 0.009780963930103132 32.5
660 0.00979306587866644 33
670 0.009778698213364039 33.5
680 0.009744573940069994 34
690 0.009700028173731173 34.5
700 0.009661090353941582 35
710 0.009617292884074487 35.5
720 0.009563883766884974 36
730 0.009503331068156068 36.5
740 0.00944589547172818 37
750 0.009398768253768062 37.5
760 0.009354994739910217 38
770 0.009319173812742561 38.5
780 0.009291538398631201 39
790 0.009267908416756343 39.5
800 0.00924144129997922 40
810 0.009202586085940833 40.5
820 0.009136496038047698 41
830 0.009049714101826067 41.5
840 0.008983317397626535 42
850 0.008965914128705925 42.5
860 0.008978761451306464 43
870 0.008963364749628304 43.5
880 0.008877771262356724 44
890 0.008719661784898291 44.5
900 0.008520544339401203 45
910 0.008321021282442902 45.5
920 0.008157592487425289 46
930 0.008064904869593449 46.5
940 0.008047938857511434 47
950 0.008068265822070649 47.5
960 0.008073054424146731 48
970 0.008044023276692186 48.5
980 0.007992578803464176 49
990 0.007942226546919904 49.5
1000 0.007906128779314478 50
1010 0.00790621403577021 50.5
1020 0.00792564515444903 51
1030 0.007920656356975479 51.5
1040 0.007906173567349637 52
1050 0.0079141199902974 52.5
1060 0.007981269185171743 53
1070 0.008089102131845336 53.5
1080 0.008204527556722819 54
1090 0.008299020292560038 54.5
1100 0.008378163248974014 55
1110 0.008475423593445651 55.5
1120 0.0086064761804163 56
1130 0.008749898413765713 56.5
1140 0.008864216480404939 57
1150 0.008900703938008741 57.5
1160 0.008850694879540768 58
1170 0.008735606330644723 58.5
1180 0.008584876485468398 59
1190 0.008430848756244683 59.5
1200 0.008315296403872212 60
1210 0.008244278416541783 60.5
1220 0.008198331081752136 61
1230 0.008152773748426394 61.5
1240 0.008107149004117645 62
1250 0.008073000170578843 62.5
1260 0.008049259567225055 63
1270 0.008025224150091151 63.5
1280 0.008022052728236272 64
1290 0.008051961550284394 64.5
1300 0.008109621393751829 65
1310 0.008178715132316468 65.5
1320 0.008260226616974684 66
1330 0.008361779571667522 66.5
1340 0.008484395093199712 67
1350 0.008613955834277239 67.5
1360 0.008724978484103802 68
1370 0.008781771678979779 68.5
1380 0.008766740413281014 69
1390 0.008686530930467944 69.5
1400 0.008559468140268081 70
1410 0.008410889417683878 70.5
1420 0.008263518569348764 71
1430 0.008128546986745451 71.5
1440 0.008008131892513391 72
1450 0.007911106430590141 72.5
1460 0.007845905210580198 73
1470 0.007822466902100133 73.5
1480 0.007827910139955922 74
1490 0.007834706025214083 74.5
1500 0.007818706355139147 75
1510 0.007775149644376041 75.5
1520 0.007714763988649186 76
1530 0.007644794133791466 76.5
1540 0.007567449341620143 77
1550 0.007494145038726647 77.5
1560 0.007442646044506196 78
1570 0.007425100989411947 78.5
1580 0.007443297093804901 79
1590 0.00749601857617192 79.5
1600 0.0075836292993791 80
1610 0.007709680899566747 80.5
1620 0.007874930207582703 81
1630 0.008062518590001821 81.5
1640 0.008249256353303579 82
1650 0.008422086208708138 82.5
1660 0.008563142876252495 83
1670 0.008665110778790341 83.5
1680 0.008727837972485466 84
1690 0.008757493554613317 84.5
1700 0.008764459158615878 85
1710 0.008761371087694038 85.5
1720 0.008734095585487552 86
1730 0.008655598142477246 86.5
1740 0.008519023408555501 87
1750 0.008334749045701808 87.5
1760 0.008135425116075857 88
1770 0.007961191897592342 88.5
1780 0.007835439951232832 89
1790 0.007786274780956881 89.5
1800 0.007815491049171815 90
1810 0.007904144349672997 90.5
1820 0.008026442670912674 91
1830 0.008172066511134267 91.5
1840 0.008332465976738371 92
1850 0.008492525594371076 92.5
1860 0.008621524201549642 93
1870 0.008700423341889767 93.5
1880 0.008722946549256743 94
1890 0.008704634213172054 94.5
1900 0.008668274284974282 95
1910 0.008605939724683117 95.5
1920 0.008533704451144942 96
1930 0.00846543831182426 96.5
1940 0.008415127309594983 97
1950 0.008362321839944297 97.5
1960 0.008306108916207124 98
1970 0.008253792295156983 98.5
1980 0.008229426122550546 99
1990 0.0082697659249878 99.5
2000 0.008354389304022556 100
2010 0.008439172769941215 100.5
2020 0.008512097342076613 101
2030 0.00858531128529632 101.5
2040 0.008667605521106344 102
2050 0.00874192407378278 102.5
2060 0.008805117270966058 103
2070 0.008846795303840652 103.5
2080 0.008869404494579642 104
2090 0.008869744105702564 104.5
2100 0.008841122140679379 105
2110 0.008787152628242397 105.5
2120 0.008717703039804164 106
2130 0.00865409876863016 106.5
2140 0.008611884902952694 107
2150 0.008600044331791682 107.5
2160 0.008610266483294521 108
2170 0.00863216407579818 108.5
2180 0.008657542226845821 109
2190 0.008677240959058603 109.5
2200 0.008689652123015106 110
2210 0.008692513810582702 110.5
2220 0.008681900424470732 111
2230 0.008653405284256101 111.5
2240 0.008599349391214211 112
2250 0.008521028761379843 112.5
2260 0.008430148373353458 113
2270 0.008340713361435203 113.5
2280 0.008258589324508004 114
2290 0.008207458383325778 114.5
2300 0.008220403784864442 115
2310 0.008325379654718131 115.5
2320 0.008532741146034863 116
2330 0.008800332749364202 116.5
2340 0.009035516165566547 117
2350 0.009166835384552508 117.5
2360 0.009201761343959751 118
2370 0.009158046049445673 118.5
2380 0.009055067752260469 119
2390 0.008904355450966347 119.5
2400 0.008736697189228723 120
2410 0.008582073158809869 120.5
2420 0.008448813156000372 121
2430 0.008336155018268511 121.5
2440 0.008235530450835924 122
2450 0.008134328166339255 122.5
2460 0.008037759611621167 123
2470 0.007951522256628056 123.5
2480 0.007884033338557734 124
2490 0.007839932070110116 124.5
2500 0.007820742964094593 125
2510 0.007820985032923337 125.5
2520 0.007822334869205914 126
2530 0.00781243531010509 126.5
2540 0.007790986467763459 127
2550 0.007773685724459065 127.5
2560 0.007786410839639824 128
2570 0.007844380262093354 128.5
2580 0.007946410713729885 129
2590 0.00807491681022259 129.5
2600 0.008211800234899182 130
2610 0.008355686326043605 130.5
2620 0.008513552273599448 131
2630 0.00869536051427016 131.5
2640 0.008902419830532551 132
2650 0.00912823756824018 132.5
2660 0.009352084060556164 133
2670 0.009537938127757517 133.5
2680 0.009670054365482869 134
2690 0.009753927248105034 134.5
2700 0.009798116552840771 135
2710 0.009792102561100736 135.5
2720 0.009697130488628365 136
2730 0.009554897021189987 136.5
2740 0.009416140008354276 137
2750 0.009302488507381431 137.5
2760 0.009207788842653221 138
2770 0.009140837790045828 138.5
2780 0.009099701535706942 139
2790 0.009054068503271992 139.5
2800 0.008966753218608505 140
2810 0.008860269099306104 140.5
2820 0.008765953736439035 141
2830 0.008691642884349203 141.5
2840 0.008633052953144956 142
2850 0.008585984984901937 142.5
2860 0.008551546177307478 143
2870 0.008538970237492793 143.5
2880 0.008567667956055521 144
2890 0.008664160544639579 144.5
2900 0.008824144376950675 145
2910 0.009025548460148247 145.5
2920 0.009237440595950216 146
2930 0.0094222750304789 146.5
2940 0.009558179653620142 147
2950 0.009602820255995077 147.5
2960 0.00953030059403696 148
2970 0.009381428728231786 148.5
2980 0.009195869048083106 149
2990 0.008994822165378433 149.5
3000 0.008839313146823298 150
3010 0.008756889093334835 150.5
3020 0.008745513612023144 151
3030 0.008781817949811074 151.5
3040 0.008849780760728163 152
3050 0.008931529366858865 152.5
3060 0.00901999319552821 153
3070 0.009107096795805411 153.5
3080 0.009178659622260051 154
3090 0.009223423873742281 154.5
3100 0.009247012637453233 155
3110 0.009255078170393784 155.5
3120 0.009252222374761599 156
3130 0.009255149664956436 156.5
3140 0.009271872758052335 157
3150 0.009302026790711146 157.5
3160 0.009341580971235618 158
3170 0.009379798458533329 158.5
3180 0.009401239573952684 159
3190 0.009398909608381656 159.5
3200 0.009378923178682011 160
3210 0.009359594608580164 160.5
3220 0.009360056579332272 161
3230 0.009391936229717712 161.5
3240 0.009469089340213482 162
3250 0.009594614687866527 162.5
3260 0.009737120798732997 163
3270 0.009851580069296682 163.5
3280 0.009918465419431895 164
3290 0.0099372583324857 164.5
3300 0.009894403333314455 165
3310 0.009786979739345603 165.5
3320 0.009619707856090108 166
3330 0.009425209695346343 166.5
3340 0.009236575969404989 167
3350 0.009074039901037129 167.5
3360 0.008953244917024936 168
3370 0.008862502926762708 168.5
3380 0.008807977741400283 169
3390 0.008795492204732943 169.5
3400 0.008824317159759253 170
3410 0.008893769024671894 170.5
3420 0.008979486741389559 171
3430 0.009051757921177409 171.5
3440 0.009075355475140247 172
3450 0.009053496338615371 172.5
3460 0.009026994192766554 173
3470 0.009028780335057357 173.5
3480 0.009048344643769466 174
3490 0.009069840789593693 174.5
3500 0.009101196730131163 175
3510 0.009135124598657847 175.5
3520 0.009151688530287463 176
3530 0.009144726168889851 176.5
3540 0.009109382959707623 177
3550 0.009052209581137099 177.5
3560 0.008987358501359049 178
3570 0.008915715444728307 178.5
3580 0.008816761390001824 179
3590 0.008692132441096834 179.5
3600 0.008560991427617744 180
3610 0.008441290027800918 180.5
3620 0.00834420310465679 181
3630 0.008271339757547794 181.5
3640 0.00821710508243138 182
3650 0.008177096379925157 182.5
3660 0.008154344985983216 183
3670 0.008147702041108146 183.5
3680 0.008162034270328397 184
3690 0.008197116785108384 184.5
3700 0.008247318741017298 185
3710 0.008296132503208516 185.5
3720 0.008335445800049133 186
3730 0.008361237327666948 186.5
3740 0.008374932988591214 187
3750 0.008379329508164869 187.5
3760 0.008373107033782051 188
3770 0.008363232563151007 188.5
3780 0.008357494181400357 189
3790 0.008355891718234686 189.5
3800 0.008353190510884134 190
3810 0.008345295897836042 190.5
3820 0.00833134808859878 191
3830 0.008311484327513309 191.5
3840 0.00828684863018552 192
3850 0.008261293576204391 192.5
3860 0.008233339530805552 193
3870 0.008199520498231092 193.5
3880 0.008161416793532623 194
3890 0.008122163636291991 194.5
3900 0.008085900072434841 195
3910 0.008051095708725255 195.5
3920 0.008012032960370863 196
3930 0.007962639815199462 196.5
3940 0.007899244488345848 197
3950 0.007821123853167609 197.5
3960 0.007730058687768873 198
3970 0.007631736452991872 198.5
3980 0.007530082881671724 199
3990 0.007435830620093191 199.5
4000 0.007360900183989891 200
4010 0.007317155857445542 200.5
4020 0.007315074793792261 201
4030 0.007369014259387483 201.5
4040 0.007488036277428588 202
4050 0.00767084293923004 202.5
4060 0.007916168163650376 203
4070 0.008206951020373948 203.5
4080 0.008530374239529893 204
4090 0.008876490410112623 204.5
4100 0.009226427836876258 205
4110 0.009585549116752896 205.5
4120 0.009948552989036952 206
4130 0.01030887592568286 206.5
4140 0.01064235305492104 207
4150 0.01089738658691119 207.5
4160 0.01109838910832709 208
4170 0.01128536075421092 208.5
4180 0.0114612949451217 209
4190 0.01161747789839749 209.5
4200 0.01172592074252315 210
4210 0.0117719666209118 210.5
4220 0.01177478753311347 211
4230 0.01177041419780354 211.5
4240 0.01177161195732432 212
4250 0.01174904229778491 212.5
4260 0.01168563920379845 213
4270 0.01157744773386656 213.5
4280 0.0114305429027316 214
4290 0.01123115434011769 214.5
4300 0.01096822463819752 215
4310 0.01065657399899913 215.5
4320 0.01031568677034569 216
4330 0.009950479069568479 216.5
4340 0.009572909934235367 217
4350 0.009213166808671555 217.5
4360 0.008890648889509517 218
4370 0.008610635737849313 218.5
4380 0.008383521072030832 219
4390 0.008205597435818175 219.5
4400 0.008063000078372337 220
4410 0.007952768029475973 220.5
4420 0.007885078838951161 221
4430 0.007851496786125007 221.5
4440 0.007843019380493921 222
4450 0.007850008019483138 222.5
4460 0.007855983677994673 223
4470 0.007868373657156877 223.5
4480 0.007890405776108512 224
4490 0.007918016886988987 224.5
4500 0.007939235483803195 225
4510 0.007938752738185674 225.5
4520 0.007924711343124986 226
4530 0.007921731640822259 226.5
4540 0.007949182491734503 227
4550 0.00799404621300117 227.5
4560 0.008034204297497287 228
4570 0.008070803147034252 228.5
4580 0.008134843811427052 229
4590 0.008252692328621608 229.5
4600 0.00839841907235136 230
4610 0.008539399233558021 230.5
4620 0.008646353721373052 231
4630 0.008697243688115266 231.5
4640 0.008693348802419749 232
4650 0.008641415214972806 232.5
4660 0.008564236048068588 233
4670 0.008483879108106971 233.5
4680 0.008421255179523565 234
4690 0.008377571193829878 234.5
4700 0.008344306996508446 235
4710 0.008325817202500422 235.5
4720 0.008323090564295388 236
4730 0.008330408170264232 236.5
4740 0.008338406751051708 237
4750 0.008336623901050505 237.5
4760 0.008321811680198712 238
4770 0.008296887477263181 238.5
4780 0.008267341158302566 239
4790 0.008237485028469169 239.5
4800 0.008213066456584794 240
4810 0.008198539669131895 240.5
4820 0.008199225812534639 241
4830 0.008217999262002557 241.5
4840 0.008256431545304036 242
4850 0.008312690733597141 242.5
4860 0.008383988290299514 243
4870 0.008467461712901929 243.5
4880 0.008557250804864426 244
4890 0.008646641327473023 244.5
4900 0.008728795526155395 245
4910 0.008796542561331311 245.5
4920 0.008842325214701581 246
4930 0.008863171956957202 246.5
4940 0.00886041317071138 247
4950 0.008832086935981155 247.5
4960 0.00877392625262933 248
4970 0.008701159241023822 248.5
4980 0.008630090161910299 249
4990 0.008572339552131306 249.5
5000 0.008549202267248512 250
