0 0 0
5 4.724642226562174e-44 0.5
10 4.792097915071015e-43 1
15 7.752174117071399e-43 1.5
20 2.323065576083143e-41 2
25 1.38699770009806e-40 2.5
30 2.404377163272499e-27 3
35 8.646636694554271e-26 3.5
40 1.242509312241862e-24 4
45 7.527505431391216e-23 4.5
50 7.1090508583849e-20 5
55 3.78639878485109e-18 5.500000000000001
60 4.114256208339461e-17 6.000000000000001
65 2.793248386922861e-16 6.500000000000001
70 1.440253905354806e-15 7.000000000000001
75 5.889167854035052e-15 7.500000000000001
80 2.007897946382487e-14 8
85 5.783306765622028e-14 8.5
90 1.459316156375792e-13 9
95 3.286079292532606e-13 9.5
100 6.716841587370333e-13 10
105 1.265376220667516e-12 10.5
110 2.224198528838147e-12 11
115 3.676865436942375e-12 11.5
120 5.753773272178394e-12 12
125 8.595000465626543e-12 12.5
130 1.238986593718557e-11 13
135 1.743240205905453e-11 13.5
140 2.423530074231654e-11 14
145 3.364401023481976e-11 14.5
150 4.72616617193854e-11 15
155 6.859491499497663e-11 15.5
160 1.071998433731108e-10 16
165 1.953576542455271e-10 16.5
170 4.606911192008451e-10 17
175 1.467767886390827e-09 17.5
180 5.731999827160219e-09 18
185 2.388483459567179e-08 18.5
190 9.749053150730638e-08 19
195 3.759457391811977e-07 19.5
200 1.335047866445849e-06 20
205 4.210358349286608e-06 20.5
210 1.151248966729531e-05 21
215 2.7281283609128e-05 21.5
220 5.664507730491425e-05 22
225 0.0001045039409911563 22.5
230 0.0001736209115337396 23
235 0.00026313466225468 23.5
240 0.0003694677778670987 24
245 0.0004883636575699033 24.5
250 0.0006156689373848577 25
255 0.0007473295767213838 25.5
260 0.0008790106203060249 26
265 0.001006844155730787 26.5
270 0.001127935381984561 27
275 0.001240343267148325 27.5
280 0.001342899116587794 28
285 0.001435333549590371 28.5
290 0.00151809935103374 29
295 0.001592249514610541 29.5
300 0.001658500142515245 30
305 0.001717641337078303 30.5
310 0.001770533791621211 31
315 0.001817817901957374 31.5
320 0.001859688081923379 32
325 0.001895758259771352 32.5
330 0.001924958377183101 33.00000000000001
335 0.001945763637872173 33.50000000000001
340 0.001956154406022388 34.00000000000001
345 0.001954961084845538 34.50000000000001
350 0.001942226050392721 35.00000000000001
355 0.001921340572312292 35.50000000000001
360 0.001898830597069634 36.00000000000001
365 0.001882536295615776 36.50000000000001
370 0.00187712149316002 37.00000000000001
375 0.001884483042598103 37.50000000000001
380 0.00190677615973278 38.00000000000001
385 0.001946739587824346 38.50000000000001
390 0.002005628518962913 39.00000000000001
395 0.002081430713624289 39.50000000000001
400 0.002169299023068413 40.00000000000001
405 0.002263817927605327 40.50000000000001
410 0.002360581270203862 41.00000000000001
415 0.002455672195724917 41.50000000000001
420 0.002545001068203379 42.00000000000001
425 0.002624968634850279 42.50000000000001
430 0.002692980098953466 43.00000000000001
435 0.002748289124544538 43.50000000000001
440 0.002792004771829855 44.00000000000001
445 0.002826903123260881 44.50000000000001
450 0.002856994222255571 45.00000000000001
455 0.002886310805234513 45.50000000000001
460 0.00291767198480389 46.00000000000001
465 0.002952418281291608 46.50000000000001
470 0.002990730296286482 47.00000000000001
475 0.003032173859787009 47.50000000000001
480 0.0030758242934888 48.00000000000001
485 0.003120309432220594 48.50000000000001
490 0.003164494782151072 49.00000000000001
495 0.003207321702139531 49.50000000000001
500 0.003247708943560907 50.00000000000001
505 0.003284793131084244 50.50000000000001
510 0.003317779558339217 51.00000000000001
515 0.003346082985382598 51.50000000000001
520 0.003369475592936742 52.00000000000001
525 0.003388056353412868 52.50000000000001
530 0.003402110985727408 53.00000000000001
535 0.003412254959608387 53.50000000000001
540 0.003419289595511276 54.00000000000001
545 0.003424076216375312 54.50000000000001
550 0.0034273628819163 55.00000000000001
555 0.003429834171601229 55.50000000000001
560 0.00343213546883538 56.00000000000001
565 0.003434823691588005 56.50000000000001
570 0.003438379946623619 57.00000000000001
575 0.003443187472097919 57.50000000000001
580 0.003449465076845953 58.00000000000001
585 0.003457368131537115 58.50000000000001
590 0.003467103907573636 59.00000000000001
595 0.003478776708167549 59.50000000000001
600 0.003492385304459565 60.00000000000001
605 0.003507937395904204 60.50000000000001
610 0.003525426842174805 61.00000000000001
615 0.003544783558082268 61.50000000000001
620 0.003565828579999872 62.00000000000001
625 0.003588373629192525 62.50000000000001
630 0.003612119970845373 63.00000000000001
635 0.00363689686502984 63.50000000000001
640 0.003662517294355191 64
645 0.003688451430384509 64.5
650 0.003713909477613049 65
655 0.003737976022277301 65.5
660 0.003759674818181094 66
665 0.003778060008873922 66.5
670 0.003792322851762918 67
675 0.003801986678134806 67.5
680 0.003806796715374742 68
685 0.003806630114784239 68.5
690 0.003801636480477621 69
695 0.003792214525641455 69.5
700 0.00377894225345869 70
705 0.003762427599516794 70.5
710 0.003743263744262502 71
715 0.003722226581173851 71.5
720 0.003700113140515112 72
725 0.003677920998453918 72.5
730 0.003656827746919466 73
735 0.003637991082635529 73.5
740 0.003622292548814917 74
745 0.003610321328607268 74.5
750 0.003602422996360112 75
755 0.003598759846051402 75.5
760 0.003599322915208404 76
765 0.003603941882850323 76.5
770 0.003612418117400857 77
775 0.003624580743676134 77.50000000000001
780 0.003640109210008671 78.00000000000001
785 0.0036584092473769 78.50000000000001
790 0.003678665218737122 79.00000000000001
795 0.003699767997198806 79.50000000000001
800 0.003720467719197614 80.00000000000001
805 0.003739707944889042 80.50000000000001
810 0.003756594511560878 81.00000000000001
815 0.00377041752580072 81.50000000000001
820 0.003780715191287671 82.00000000000001
825 0.003787224555514134 82.50000000000001
830 0.003789803089631058 83.00000000000001
835 0.00378847056169804 83.50000000000001
840 0.003783429294527138 84.00000000000001
845 0.003775106821860341 84.50000000000001
850 0.003764062092345115 85.00000000000001
855 0.003750974604216941 85.50000000000001
860 0.003736574638329662 86.00000000000001
865 0.003721640812396096 86.50000000000001
870 0.003706821196638326 87.00000000000001
875 0.003692731421541669 87.50000000000001
880 0.003680198715151181 88.00000000000001
885 0.003670020573372416 88.50000000000001
890 0.003662771011020808 89.00000000000001
895 0.003658669506155851 89.50000000000001
900 0.003657615174738676 90.00000000000001
905 0.003659243691389477 90.50000000000001
910 0.003663056981937171 91.00000000000001
915 0.003668601661254802 91.50000000000001
920 0.003675484243598206 92.00000000000001
925 0.003683314614780876 92.50000000000001
930 0.003691646973571252 93.00000000000001
935 0.003700007219895178 93.50000000000001
940 0.003707989481231689 94.00000000000001
945 0.003715266408373697 94.50000000000001
950 0.003721420662996362 95.00000000000001
955 0.003726065077992103 95.50000000000001
960 0.0037288841827263 96.00000000000001
965 0.003729637571663383 96.50000000000001
970 0.003728210457506998 97.00000000000001
975 0.003724607119135798 97.50000000000001
980 0.003718951837156312 98.00000000000001
985 0.003711519373497169 98.50000000000001
990 0.003702691572661005 99.00000000000001
995 0.003692937783366788 99.50000000000001
1000 0.00368278515473892 100
1005 0.003672676656766678 100.5
1010 0.003663129112318087 101
1015 0.003654812876797437 101.5
1020 0.003648343602697893 102
1025 0.003644133964500692 102.5
1030 0.003642495217831299 103
1035 0.00364357315798333 103.5
1040 0.003647334202581014 104
1045 0.003653602164056409 104.5
1050 0.003662169659392021 105
1055 0.003672847716218593 105.5
1060 0.003685368728598441 106
1065 0.003699446248222872 106.5
1070 0.003714691881534185 107
1075 0.003730596895359648 107.5
1080 0.003746519146376903 108
1085 0.003761893450048637 108.5
1090 0.00377618724689588 109
1095 0.00378890675051162 109.5
1100 0.003799620354257166 110
1105 0.003807987483839561 110.5
1110 0.003813808122082011 111
1115 0.003817000817699981 111.5
1120 0.00381759429446761 112
1125 0.003815729783639387 112.5
1130 0.003811693567722844 113
1135 0.003805890003706286 113.5
1140 0.003798781188533539 114
1145 0.003790862272793604 114.5
1150 0.003782675880297989 115
1155 0.003774683164332979 115.5
1160 0.003767369373836357 116
1165 0.003761294349430182 116.5
1170 0.003756936580614087 117
1175 0.003754649383193993 117.5
1180 0.003754589038617192 118
1185 0.003756743420804694 118.5
1190 0.003761017178502089 119
1195 0.003767275609396012 119.5
1200 0.003775283732506833 120
1205 0.003784748273370302 120.5
1210 0.003795401349074073 121
1215 0.003806812841170811 121.5
1220 0.003818549208584676 122
1225 0.003830211404260662 122.5
1230 0.003841326554619722 123
1235 0.003851445074783517 123.5
1240 0.003860176973639819 124
1245 0.003867181236458173 124.5
1250 0.003872178892160178 125
1255 0.003875009756979761 125.5
1260 0.00387565254361381 126
1265 0.003874205374138629 126.5
1270 0.00387090142173114 127
1275 0.003866079466913253 127.5
1280 0.003860115300727216 128
1285 0.003853453783209647 128.5
1290 0.003846595838251578 129
1295 0.003840027686659115 129.5
1300 0.003834067077369216 130
1305 0.003829054871544793 130.5
1310 0.003825459590438619 131
1315 0.003823655072933843 131.5
1320 0.003823820794630838 132
1325 0.003825996908103457 132.5
1330 0.003830142277765039 133
1335 0.003836142084500408 133.5
1340 0.003843772677357246 134
1345 0.003852809881719825 134.5
1350 0.003863007799251718 135
1355 0.003874069028043218 135.5
1360 0.003885565480579078 136
1365 0.003897100550695885 136.5
1370 0.003908301092084918 137
1375 0.003918753908076765 137.5
1380 0.003928031190215201 138
1385 0.003935764588620246 138.5
1390 0.00394169260586034 139
1395 0.003945639247514816 139.5
1400 0.003947547167810972 140
1405 0.003947447785417697 140.5
1410 0.003945478202678151 141
1415 0.003941859753639734 141.5
1420 0.003936900815994304 142
1425 0.003930986040857075 142.5
1430 0.003924498903175345 143
1435 0.003917893236678635 143.5
1440 0.003911588455671833 144
1445 0.00390588874459846 144.5
1450 0.003901037041913391 145
1455 0.003897308868059013 145.5
1460 0.003894973380364095 146
1465 0.003894218671431372 146.5
1470 0.003895119970292869 147
1475 0.003897678555279257 147.5
1480 0.003901715941933985 148
1485 0.003907020364323801 148.5
1490 0.003913445044314921 149
1495 0.003920849205457946 149.5
1500 0.003928953879322191 150
1505 0.003937435722450753 150.5
1510 0.003946026200199888 151
1515 0.003954371394877413 151.5
1520 0.003962083629314189 152
1525 0.003968798716608588 152.5
1530 0.003974240988455625 153
1535 0.003978184519301286 153.5
1540 0.003980466133175751 154
1545 0.003981043547507495 154.5
1550 0.003979962575972785 155
1555 0.003977329525384362 155.5
1560 0.003973312283946249 156
1565 0.00396816426870634 156.5
1570 0.003962222791661122 157
1575 0.00395582655579449 157.5
1580 0.003949353511438466 158
1585 0.003943170372535216 158.5
1590 0.003937580168893321 159
1595 0.003932799511760332 159.5
1600 0.003929036701339259 160
1605 0.00392652117095176 160.5
1610 0.003925441451277264 161
1615 0.003925910703060182 161.5
1620 0.00392791208245348 162
1625 0.003931309742635521 162.5
1630 0.003935939784881276 163
1635 0.003941689193281808 163.5
1640 0.003948351057013692 164
1645 0.003955616462465229 164.5
1650 0.003963266406647226 165
1655 0.003971033347311209 165.5
1660 0.003978540937044448 166
1665 0.00398539883784859 166.5
1670 0.003991270112150661 167
1675 0.003995937349365177 167.5
1680 0.00399921789941192 168
1685 0.004000951425095572 168.5
1690 0.004001087214904468 169
1695 0.003999654552102934 169.5
1700 0.003996768635307263 170
1705 0.003992620564303422 170.5
1710 0.003987469079812333 171
1715 0.003981616553157509 171.5
1720 0.003975388711746397 172
1725 0.003969097558210689 172.5
1730 0.003963067215212466 173
1735 0.003957606269002296 173.5
1740 0.003952925684679455 174
1745 0.003949191390621458 174.5
1750 0.003946621669048167 175
1755 0.003945408570977671 175.5
1760 0.003945633877226674 176
1765 0.003947295599103634 176.5
1770 0.003950302548374147 177
1775 0.003954506323446749 177.5
1780 0.003959779844719092 178
1785 0.003965895455654767 178.5
1790 0.003972594785715543 179
1795 0.003979669142065198 179.5
1800 0.0039868313409932 180
1805 0.003993732048918436 180.5
1810 0.004000040615822631 181
1815 0.004005468961963892 181.5
1820 0.004009789519542882 182
1825 0.004012853943309959 182.5
1830 0.004014514492666053 183
1835 0.00401472345878731 183.5
1840 0.004013513326656859 184
1845 0.004010986602139057 184.5
1850 0.004007321818842344 185
1855 0.004002777224933592 185.5
1860 0.003997628602277459 186
1865 0.003992170419205815 186.5
1870 0.003986649240534613 187
1875 0.003981329139002015 187.5
1880 0.003976490132764001 188
1885 0.003972362506743617 188.5
1890 0.003969122620287469 189
1895 0.003966946366488566 189.5
1900 0.003966016634022101 190
1905 0.003966386556528285 190.5
1910 0.003968055538052333 191
1915 0.003970984360753546 191.5
1920 0.00397508807921811 192
1925 0.00398018046449785 192.5
1930 0.003986014193067635 193
1935 0.003992367235475465 193.5
1940 0.003999000530662484 194
1945 0.004005613369438582 194.5
1950 0.004011890850331444 195
1955 0.004017567853664577 195.5
1960 0.004022395908450145 196
1965 0.004026186378352812 196.5
1970 0.004028817783974132 197
1975 0.004030130137409645 197.5
1980 0.0040300689152882 198
1985 0.004028693170633934 198.5
1990 0.004026093071316055 199
1995 0.004022446354915074 199.5
2000 0.004018021452355499 200
2005 0.004013075416476963 200.5
2010 0.004007851689168914 201
2015 0.004002563166788008 201.5
2020 0.003997453867686879 202
2025 0.003992773283043171 202.5
2030 0.003988751889653924 203
2035 0.003985567185938852 203.5
2040 0.003983368425875693 204
2045 0.003982304058602504 204.5
2050 0.003982450672307234 205
2055 0.003983829466414677 205.5
2060 0.003986434797055234 206
2065 0.003990232600592741 206.5
2070 0.003994978143063125 207
2075 0.004000426530623305 207.5
2080 0.004006360208157644 208
2085 0.004012540824710166 208.5
2090 0.00401866724582851 209
2095 0.004024473589562396 209.5
2100 0.004029694673519175 210
2105 0.004034134143084787 210.5
2110 0.004037618840952988 211
2115 0.004040042043237399 211.5
2120 0.004041263072844716 212
2125 0.00404121784365546 212.5
2130 0.004039962384105902 213
2135 0.004037560030448081 213.5
2140 0.004034175317295158 214
2145 0.004030072316737545 214.5
2150 0.004025485355581992 215
2155 0.004020635413752537 215.5
2160 0.004015736226983242 216
2165 0.004010991237154106 216.5
2170 0.004006619001093335 217
2175 0.004002846637496129 217.5
2180 0.00399987221294609 218
2185 0.003997836657191133 218.5
2190 0.003996829160582985 219
2195 0.003996935732969303 219.5
2200 0.003998207106141491 220
2205 0.004000675718860043 220.5
2210 0.004004274963386629 221
2215 0.004008770834082125 221.5
2220 0.004013935034450125 222
2225 0.00401953034552957 222.5
2230 0.004025294866180928 223
2235 0.004030975176641099 223.5
2240 0.004036325689743983 224
2245 0.004041059035274861 224.5
2250 0.004045000536984178 225
2255 0.004048012120242831 225.5
2260 0.00405000627169822 226
2265 0.004050853182213971 226.5
2270 0.004050507001360251 227
2275 0.004049019125381425 227.5
2280 0.00404645405139393 228
2285 0.004042976775622187 228.5
2290 0.004038839534628898 229
2295 0.004034253024471627 229.5
2300 0.004029431727435476 230
2305 0.004024588985239603 230.5
2310 0.00401991293190699 231
2315 0.004015596457226033 231.5
2320 0.004011864420935611 232
2325 0.004008926230517905 232.5
2330 0.004006922420524694 233
2335 0.004005924034418306 233.5
2340 0.00400600872507589 234
2345 0.004007243204873454 234.5
2350 0.004009666002206116 235
2355 0.004013181473693012 235.5
2360 0.004017563801437155 236
2365 0.004022589056453158 236.5
2370 0.004028001178590495 237
2375 0.004033519966306977 237.5
2380 0.004038926975214286 238
2385 0.004043959213028469 238.5
2390 0.004048338231085771 239
2395 0.004051900603188678 239.5
2400 0.004054534859942114 240
2405 0.004056159732278236 240.5
2410 0.004056648938365123 241
2415 0.004055974553131542 241.5
2420 0.004054202234912226 242
2425 0.004051414728319836 242.5
2430 0.004047773334535959 243
2435 0.004043523166919997 243.5
2440 0.004038866523956135 244
2445 0.004034010251244531 244.5
2450 0.004029161285135922 245
2455 0.004024500686376904 245.5
2460 0.004020215116026735 246
2465 0.004016531234761292 246.5
2470 0.00401365672054464 247
2475 0.004011724667725676 247.5
2480 0.004010801067015431 248
2485 0.00401095740608888 248.5
2490 0.00401225709172994 249
2495 0.004014727139784122 249.5
2500 0.004018247615509674 250
2505 0.004022584635390436 250.5
2510 0.004027510636105411 251
2515 0.004032750971558113 251.5
2520 0.00403803115638759 252
2525 0.004043138141111551 252.5
2530 0.004047800410083961 253
2535 0.004051761029614406 253.5
2540 0.00405487745101438 254
2545 0.004057051429586921 254.5
2550 0.004058197153768595 255
2555 0.004058205708116476 255.5
2560 0.004057078870850082 256
2565 0.004054895125489504 256.5
2570 0.004051754734412601 257
2575 0.004047832939169067 257.5
2580 0.004043372113075359 258
2585 0.004038564825398945 258.5
2590 0.004033615369543992 259
2595 0.004028719898539144 259.5
2600 0.004024068679343273 260
2605 0.004019851214576944 260.5
2610 0.004016298336326564 261
2615 0.004013604454078156 261.5
2620 0.004011883842381867 262
2625 0.004011199308150542 262.5
2630 0.00401162483292009 263
2635 0.004013223332261923 263.5
2640 0.004015992254129457 264
2645 0.004019768740393945 264.5
2650 0.004024318152553482 265
2655 0.004029402512108763 265.5
2660 0.004034732498611496 266
2665 0.004040053709043075 266.5
2670 0.004045149520574214 267
2675 0.004049745037802699 267.5
2680 0.004053600804009095 268
2685 0.004056583170722725 268.5
2690 0.004058605051707995 269
2695 0.004059580532005723 269.5
2700 0.004059417479691708 270
2705 0.004058145014458763 270.5
2710 0.004055851668921786 271
2715 0.004052650512145404 271.5
2720 0.00404874019593948 272
2725 0.004044350328641275 272.5
2730 0.004039660124570174 273
2735 0.004034881266764587 273.5
2740 0.004030196675283138 274
2745 0.004025788389717234 274.5
2750 0.004021836008642255 275
2755 0.004018565663008539 275.5
2760 0.004016152670573735 276
2765 0.004014689075515868 276.5
2770 0.004014235996311784 277
2775 0.004014869259383497 277.5
2780 0.004016647889474166 278
2785 0.004019535006584582 278.5
2790 0.004023337305923959 279
2795 0.004027833857140961 279.5
2800 0.004032775677558033 280
2805 0.00403787051876383 280.5
2810 0.004042899111114727 281
2815 0.004047641748030521 281.5
2820 0.004051813261304517 282
2825 0.004055205449677188 282.5
2830 0.00405771198627315 283
2835 0.004059256878342901 283.5
2840 0.004059751659492183 284
2845 0.004059126999073454 284.5
2850 0.004057445706343697 285
2855 0.004054800118847775 285.5
2860 0.004051309247814527 286
2865 0.004047188304496098 286.5
2870 0.004042644600358904 287
2875 0.004037860416419265 287.5
2880 0.004033046289597299 288
2885 0.004028373613495543 288.5
2890 0.004024022881253619 289
2895 0.004020189343680237 289.5
2900 0.00401708882293067 290
2905 0.004014870329380827 290.5
2910 0.004013609558771602 291
2915 0.004013384410567672 291.5
2920 0.004014274202920639 292
2925 0.004016336575451297 292.5
2930 0.004019480093836624 293
2935 0.004023496554071583 293.5
2940 0.00402816615263257 294
2945 0.004033227202953551 294.5
2950 0.004038396938807942 295
2955 0.004043475406480158 295.5
2960 0.004048213775873489 296
2965 0.004052323633887845 296.5
2970 0.004055623228035069 297
2975 0.004058027328917601 297.5
2980 0.00405946405269286 298
2985 0.004059825770304152 298.5
2990 0.004059067304706466 299
2995 0.004057280100703967 299.5
3000 0.004054554757728 300
