0 0 0
5 1.215178187965369e-43 0.5
10 1.23252779400946e-42 1
15 1.99385952303724e-42 1.5
20 5.974925680930376e-41 2
25 3.567358693197159e-40 2.5
30 6.184059118856843e-27 3
35 2.223915337210361e-25 3.5
40 3.195734496236769e-24 4
45 1.936074727222963e-22 4.5
50 1.828448192686053e-19 5
55 9.738619335918673e-18 5.500000000000001
60 1.058186877297814e-16 6.000000000000001
65 7.184236076702739e-16 6.500000000000001
70 3.704333676483658e-15 7.000000000000001
75 1.514694230444931e-14 7.500000000000001
80 5.164314399060557e-14 8
85 1.487466753860448e-13 8.5
90 3.753361794473192e-13 9
95 8.451797382160461e-13 9.5
100 1.727571950972933e-12 10
105 3.254548194740401e-12 10.5
110 5.720639592038351e-12 11
115 9.456899517039726e-12 11.5
120 1.479870738050964e-11 12
125 2.210634496864611e-11 12.5
130 3.186674062649235e-11 13
135 4.483614574435099e-11 13.5
140 6.233320414247123e-11 14
145 8.653240908525881e-11 14.5
150 1.215570146783034e-10 15
155 1.764261514630844e-10 15.5
160 2.757180441895498e-10 16
165 5.024599724326253e-10 16.5
170 1.184897760712705e-09 17
175 3.775099647780059e-09 17.5
180 1.47427060703698e-08 18
185 6.1431805059534e-08 18.5
190 2.507456898107422e-07 19
195 9.669326061201545e-07 19.5
200 3.433743698250693e-06 20
205 1.082904352165899e-05 20.5
210 2.961012847538597e-05 21
215 7.016747341233466e-05 21.5
220 0.0001456911636812552 22
225 0.000268784182080336 22.5
230 0.0004465530606409165 23
235 0.0006767824667693146 23.5
240 0.0009502712867780876 24
245 0.001256071541539243 24.5
250 0.001583500777078471 25
255 0.001922131999218094 25.5
260 0.002260815701092821 26
265 0.002589603610292245 26.5
270 0.002901050297345703 27
275 0.00319016342730584 27.5
280 0.00345393711706051 28
285 0.003691678519298728 28.5
290 0.003904552196924551 29
295 0.004095266450177452 29.5
300 0.004265663094215798 30
305 0.00441777427258017 30.5
310 0.004553813688871082 31
315 0.004675428441401589 31.5
320 0.004783118562644685 32
325 0.004875891075895455 32.5
330 0.004950993790690018 33.00000000000001
335 0.005004504930310616 33.50000000000001
340 0.005031229990551916 34.00000000000001
345 0.005028160767961488 34.50000000000001
350 0.00499540625376135 35.00000000000001
355 0.004941688794974986 35.50000000000001
360 0.004883793128774622 36.00000000000001
365 0.004841884178286179 36.50000000000001
370 0.004827957303994232 37.00000000000001
375 0.004846891212378859 37.50000000000001
380 0.004904229119430349 38.00000000000001
385 0.005007015074015802 38.50000000000001
390 0.005158477430741703 39.00000000000001
395 0.00535344070866896 39.50000000000001
400 0.005579438039111448 40.00000000000001
405 0.005822540703050541 40.50000000000001
410 0.006071416062668868 41.00000000000001
415 0.006315989964830144 41.50000000000001
420 0.006545743864037773 42.00000000000001
425 0.006751420480539353 42.50000000000001
430 0.006926345996052767 43.00000000000001
435 0.007068600834139826 43.50000000000001
440 0.007181037498137893 44.00000000000001
445 0.007270796073330137 44.50000000000001
450 0.007348190393146941 45.00000000000001
455 0.007423592657431425 45.50000000000001
460 0.007504253625043575 46.00000000000001
465 0.007593621114854916 46.50000000000001
470 0.00769215963423112 47.00000000000001
475 0.007798752497737829 47.50000000000001
480 0.007911021432370454 48.00000000000001
485 0.008025437228706474 48.50000000000001
490 0.008139081968113976 49.00000000000001
495 0.008249232825114595 49.50000000000001
500 0.008353108827770267 50.00000000000001
505 0.008448489374350969 50.50000000000001
510 0.008533330479723548 51.00000000000001
515 0.008606126906497247 51.50000000000001
520 0.008666292703390007 52.00000000000001
525 0.008714082427486908 52.50000000000001
530 0.008750230947966373 53.00000000000001
535 0.008776321253238916 53.50000000000001
540 0.008794414339867593 54.00000000000001
545 0.008806725530830022 54.50000000000001
550 0.008815178836043467 55.00000000000001
555 0.008821534994197383 55.50000000000001
560 0.008827453931693312 56.00000000000001
565 0.00883436804179252 56.50000000000001
570 0.008843514731304425 57.00000000000001
575 0.008855879688933626 57.50000000000001
580 0.008872025691099867 58.00000000000001
585 0.008892352351232998 58.50000000000001
590 0.0089173927714705 59.00000000000001
595 0.008947415219719484 59.50000000000001
600 0.008982416535353317 60.00000000000001
605 0.009022416521372407 60.50000000000001
610 0.009067399384853883 61.00000000000001
615 0.009117184866660634 61.50000000000001
620 0.009171312672266211 62.00000000000001
625 0.009229298548681349 62.50000000000001
630 0.009290374149831176 63.00000000000001
635 0.009354100332544482 63.50000000000001
640 0.009419996088010241 64
645 0.009486698697256244 64.5
650 0.009552176805897764 65
655 0.00961407596933341 65.5
660 0.009669885281918308 66
665 0.00971717200044676 66.5
670 0.009753856038615078 67
675 0.009778711404283574 67.5
680 0.009791082822175095 68
685 0.009790654325383225 68.5
690 0.009777810695755645 69
695 0.009753577423783147 69.5
700 0.00971944113390587 70
705 0.009676965436721512 70.5
710 0.009627675992599335 71
715 0.009573568399905273 71.5
720 0.009516692620828729 72
725 0.00945961442171054 72.5
730 0.00940536256950927 73
735 0.009356914660706402 73.5
740 0.009316538024832059 74
745 0.009285748041205615 74.5
750 0.009265433527200538 75
755 0.00925601190299933 75.5
760 0.009257460117118187 76
765 0.009269340103919773 76.5
770 0.009291140982902693 77
775 0.009322423263019054 77.50000000000001
780 0.009362362485239452 78.00000000000001
785 0.009409430189379675 78.50000000000001
790 0.009461528556605467 79.00000000000001
795 0.009515804912067759 79.50000000000001
800 0.009569044606130691 80.00000000000001
805 0.00961853047505069 80.50000000000001
810 0.00966196273193963 81.00000000000001
815 0.009697515530629346 81.50000000000001
820 0.009724001130779883 82.00000000000001
825 0.009740743218426329 82.50000000000001
830 0.009747375209306389 83.00000000000001
835 0.009743947946878022 83.50000000000001
840 0.009730981805502605 84.00000000000001
845 0.00970957640215212 84.50000000000001
850 0.009681169352993088 85.00000000000001
855 0.009647508327785291 85.50000000000001
860 0.009610471609205225 86.00000000000001
865 0.009572061802351883 86.50000000000001
870 0.009533945744120793 87.00000000000001
875 0.009497706836390306 87.50000000000001
880 0.00946547271005525 88.00000000000001
885 0.009439294524934609 88.50000000000001
890 0.009420648647385527 89.00000000000001
895 0.009410099575073324 89.50000000000001
900 0.009407387834205761 90.00000000000001
905 0.009411576379746135 90.50000000000001
910 0.009421384164707882 91.00000000000001
915 0.009435645082345557 91.50000000000001
920 0.009453347087152522 92.00000000000001
925 0.009473486805269923 92.50000000000001
930 0.009494917635734592 93.00000000000001
935 0.009516420192947787 93.50000000000001
940 0.009536950572607507 94.00000000000001
945 0.009555666832409503 94.50000000000001
950 0.009571495577999176 95.00000000000001
955 0.009583441015405956 95.50000000000001
960 0.009590691754019193 96.00000000000001
965 0.00959262947069592 96.50000000000001
970 0.009588958932459552 97.00000000000001
975 0.009579691144587862 97.50000000000001
980 0.009565145756855371 98.00000000000001
985 0.009546029457063062 98.50000000000001
990 0.009523324349439253 99.00000000000001
995 0.009498237599095053 99.50000000000001
1000 0.009472125033809713 100
1005 0.009446125972590005 100.5
1010 0.009421569684079248 101
1015 0.009400180322671387 101.5
1020 0.009383541346848968 102
1025 0.009372714155558791 102.5
1030 0.009368499298406111 103
1035 0.009371271760950081 103.5
1040 0.009380945169305481 104
1045 0.009397066368970263 104.5
1050 0.009419101970732445 105
1055 0.009446565937575382 105.5
1060 0.009478769986909944 106
1065 0.009514977373560489 106.5
1070 0.009554189149126206 107
1075 0.009595096851663616 107.5
1080 0.009636048888265882 108
1085 0.009675591604055053 108.5
1090 0.009712355255817562 109
1095 0.009745069824697925 109.5
1100 0.009772625218232061 110
1105 0.009794145479189057 110.5
1110 0.009809116163302444 111
1115 0.009817327777832657 111.5
1120 0.009818854200339386 112
1125 0.009814058677671142 112.5
1130 0.009803677528562904 113
1135 0.009788750759366005 113.5
1140 0.009770466883622708 114
1145 0.009750099428865172 114.5
1150 0.009729044023774674 115
1155 0.009708486754805866 115.5
1160 0.009689675682439631 116
1165 0.009674050717001533 116.5
1170 0.009662842533694566 117
1175 0.009656959860926576 117.5
1180 0.009656804654648569 118
1185 0.009662345726580058 118.5
1190 0.009673337833252868 119
1195 0.009689434520257924 119.5
1200 0.009710031416412518 120
1205 0.009734374219665925 120.5
1210 0.00976177393505006 121
1215 0.009791124297729659 121.5
1220 0.009821310239867449 122
1225 0.009851305412262871 122.5
1230 0.009879893583863141 123
1235 0.009905918422163922 123.5
1240 0.009928376869853449 124
1245 0.009946391836895375 124.5
1250 0.009959245809553652 125
1255 0.00996652679511166 125.5
1260 0.009968180042616457 126
1265 0.009964457922091345 126.5
1270 0.009955960155049674 127
1275 0.009943558085142438 127.5
1280 0.009928218247095177 128
1285 0.009911084821117248 128.5
1290 0.009893446183676173 129
1295 0.009876552894898583 129.5
1300 0.009861222205189746 130
1305 0.009848330809610225 130.5
1310 0.009839083745027719 131
1315 0.009834442525213701 131.5
1320 0.009834868761491084 132
1325 0.00984046572629743 132.5
1330 0.009851127618885798 133
1335 0.009866559124441582 133.5
1340 0.00988618501261729 134
1345 0.009909428706202913 134.5
1350 0.009935657754569277 135
1355 0.009964107239874127 135.5
1360 0.009993676120840424 136
1365 0.01002334432624186 136.5
1370 0.01005215212360869 137
1375 0.01007903677092589 137.5
1380 0.01010289794465636 138
1385 0.01012278824874716 138.5
1390 0.0101380351116896 139
1395 0.0101481858757565 139.5
1400 0.01015309304759531 140
1405 0.0101528374360362 140.5
1410 0.01014777166836594 141
1415 0.01013846501585153 141.5
1420 0.01012571062605176 142
1425 0.01011049782180369 142.5
1430 0.01009381290084006 143
1435 0.01007682312371228 143.5
1440 0.01006060722419657 144
1445 0.0100459475648151 144.5
1450 0.01003346898338042 145
1455 0.01002388011859123 145.5
1460 0.0100178732432152 146
1465 0.01001593213150911 146.5
1470 0.01001825027257633 147
1475 0.01002483095428389 147.5
1480 0.01003521511453126 148
1485 0.01004885809124518 148.5
1490 0.01006538237100117 149
1495 0.0100844258767096 149.5
1500 0.01010527110144436 150
1505 0.01012708640569243 150.5
1510 0.01014918111823228 151
1515 0.01017064496260432 151.5
1520 0.01019048083295945 152
1525 0.01020775204042689 152.5
1530 0.01022174956600526 153
1535 0.01023189232907053 153.5
1540 0.01023776064095671 154
1545 0.0102392457508713 154.5
1550 0.01023646549160975 155
1555 0.01022969328434107 155.5
1560 0.01021936093759968 156
1565 0.01020612024014394 156.5
1570 0.01019083875857682 157
1575 0.0101743876371215 157.5
1580 0.01015773896419776 158
1585 0.01014183592822575 158.5
1590 0.01012745792200609 159
1595 0.01011516206976253 159.5
1600 0.0101054841197086 160
1605 0.01009901417444826 160.5
1610 0.01009623713497173 161
1615 0.01009744405076328 161.5
1620 0.01010259159944095 162
1625 0.01011133038291988 162.5
1630 0.01012323885360739 163
1635 0.01013802633453611 163.5
1640 0.01015516065097741 164
1645 0.01017384727698646 164.5
1650 0.01019352293677897 165
1655 0.01021349951157447 165.5
1660 0.01023280903566232 166
1665 0.01025044755953947 166.5
1670 0.01026554847962042 167
1675 0.01027755261578391 167.5
1680 0.01028599019194347 168
1685 0.01029044882076241 168.5
1690 0.01029079807221046 169
1695 0.01028711326285634 169.5
1700 0.01027969068359168 170
1705 0.01026902184314983 170.5
1710 0.01025577222277854 171
1715 0.01024071952165454 171.5
1720 0.01022470151081269 172
1725 0.01020852066115861 172.5
1730 0.01019301061632137 173
1735 0.01017896506027282 173.5
1740 0.01016692659534087 174
1745 0.01015732198938528 174.5
1750 0.01015071266437131 175
1755 0.01014759257560175 175.5
1760 0.01014817206337304 176
1765 0.01015244601276966 176.5
1770 0.01016017988761272 177
1775 0.01017099199894386 177.5
1780 0.01018455549797008 178
1785 0.01020028485197986 178.5
1790 0.0102175155318355 179
1795 0.01023571077947069 179.5
1800 0.01025413195825592 180
1805 0.01027188058206731 180.5
1810 0.01028810621891279 181
1815 0.01030206792756979 181.5
1820 0.0103131804035586 182
1825 0.01032106210283204 182.5
1830 0.01032533303650448 183
1835 0.01032587049746003 183.5
1840 0.01032275803708957 184
1845 0.01031625930052118 184.5
1850 0.01030683347627411 185
1855 0.01029514477874686 185.5
1860 0.01028190251901633 186
1865 0.01026786406976129 186.5
1870 0.01025366359579654 187
1875 0.0102399802923205 187.5
1880 0.01022753436615322 188
1885 0.0102169181102178 188.5
1890 0.01020858512083108 189
1895 0.01020298779510547 189.5
1900 0.01020059652279381 190
1905 0.01020154796364202 190.5
1910 0.01020584058485413 191
1915 0.01021337351812667 191.5
1920 0.01022392828381804 192
1925 0.01023702590099181 192.5
1930 0.01025203025343284 193
1935 0.01026837028129318 193.5
1940 0.01028543111942455 194
1945 0.01030243934365806 194.5
1950 0.01031858502726874 195
1955 0.01033318628233234 195.5
1960 0.01034560404135913 196
1965 0.01035535313161186 196.5
1970 0.01036212110802442 197
1975 0.01036549648163636 197.5
1980 0.01036533901831314 198
1985 0.01036180060245876 198.5
1990 0.01035511314587238 199
1995 0.01034573378968906 199.5
2000 0.01033435293836441 200
2005 0.01032163173191474 200.5
2010 0.01030819630298653 201
2015 0.0102945942211025 201.5
2020 0.0102814531015727 202
2025 0.01026941463581547 202.5
2030 0.01025907161025394 203
2035 0.01025088055090149 203.5
2040 0.01024522533905434 204
2045 0.01024248778596071 204.5
2050 0.0102428648764736 205
2055 0.01024641113552289 205.5
2060 0.01025311204707349 206
2065 0.01026287999943824 206.5
2070 0.01027508553675418 207
2075 0.01028909879194944 207.5
2080 0.01030436021317116 208
2085 0.01032025676165599 208.5
2090 0.01033601391946034 209
2095 0.01035094783809142 209.5
2100 0.01036437646831901 210
2105 0.01037579478598958 210.5
2110 0.0103847574304355 211
2115 0.01039098990777419 211.5
2120 0.01039413039645993 212
2125 0.01039401406696532 212.5
2130 0.01039078502445303 213
2135 0.01038460616979108 213.5
2140 0.01037590068607672 214
2145 0.01036534776684235 214.5
2150 0.01035355010073774 215
2155 0.01034107604822447 215.5
2160 0.01032847533770432 216
2165 0.01031627122178192 216.5
2170 0.0103050258287153 217
2175 0.01029532330788816 217.5
2180 0.01028767308664044 218
2185 0.01028243763634559 218.5
2190 0.01027984635462739 219
2195 0.01028012045885176 219.5
2200 0.01028339043120844 220
2205 0.01028973970420366 220.5
2210 0.01029899696270521 221
2215 0.01031056034410658 221.5
2220 0.01032384266971887 222
2225 0.01033823381227015 222.5
2230 0.01035306016191462 223
2235 0.01036766992291042 223.5
2240 0.01038143144495857 224
2245 0.01039360561174074 224.5
2250 0.01040374315586644 225
2255 0.01041148894932903 225.5
2260 0.01041661790774722 226
2265 0.01041879616196531 226.5
2270 0.01041790578465766 227
2275 0.01041407896698731 227.5
2280 0.01040748159556605 228
2285 0.01039853804075548 228.5
2290 0.01038789705510552 229
2295 0.01037610054896869 229.5
2300 0.01036370017087637 230
2305 0.01035124463582383 230.5
2310 0.01033921782460073 231
2315 0.01032811584982746 231.5
2320 0.01031851705085106 232
2325 0.01031096002380759 232.5
2330 0.01030580622362588 233
2335 0.01030323837412221 233.5
2340 0.01030345619853067 234
2345 0.01030663128111164 234.5
2350 0.01031286271691424 235
2355 0.01032190451112095 235.5
2360 0.01033317586000163 236
2365 0.01034610081810762 236.5
2370 0.01036002079861942 237
2375 0.01037421512304758 237.5
2380 0.0103881219523295 238
2385 0.01040106487019547 238.5
2390 0.01041232770656015 239
2395 0.01042149012917182 239.5
2400 0.01042826543869744 240
2405 0.01043244461105885 240.5
2410 0.01043370284932896 241
2415 0.01043196833021231 241.5
2420 0.01042740992697462 242
2425 0.01042024045879598 242.5
2430 0.01041087479238618 243
2435 0.01039994335941317 243.5
2440 0.01038796647166702 244
2445 0.01037547613612208 244.5
2450 0.01036300459316326 245
2455 0.01035101753111022 245.5
2460 0.0103399950422893 246
2465 0.01033052009805828 246.5
2470 0.01032312684623185 247
2475 0.01031815760553379 247.5
2480 0.01031578210410181 248
2485 0.01031618420826732 248.5
2490 0.01031952700030636 249
2495 0.01032587996498545 249.5
2500 0.01033493463009618 250
2505 0.01034608944713236 250.5
2510 0.01035875912313256 251
2515 0.01037223726821611 251.5
2520 0.0103858179059142 252
2525 0.01039895307286492 252.5
2530 0.01041094443070753 253
2535 0.01042113114587755 253.5
2540 0.01042914658308561 254
2545 0.01043473805692802 254.5
2550 0.01043768486002597 255
2555 0.01043770686181248 255.5
2560 0.01043480863586891 256
2565 0.01042919204184339 256.5
2570 0.01042111495461575 257
2575 0.01041102809552869 257.5
2580 0.01039955484885849 258
2585 0.01038719050284555 258.5
2590 0.01037446050021504 259
2595 0.01036186934664269 259.5
2600 0.01034990640883018 260
2605 0.01033905908760077 260.5
2610 0.01032992108318197 261
2615 0.01032299241685712 261.5
2620 0.01031856700281935 262
2625 0.01031680638047604 262.5
2630 0.01031790083037002 263
2635 0.01032201217137856 263.5
2640 0.01032913383963672 264
2645 0.01033884696396591 264.5
2650 0.0103505480540363 265
2655 0.01036362502904324 265.5
2660 0.0103773337566668 266
2665 0.0103910199122315 266.5
2670 0.01040412634172538 267
2675 0.01041594601405332 267.5
2680 0.01042586304642789 268
2685 0.01043353369492386 268.5
2690 0.01043873397370508 269
2695 0.01044124290945882 269.5
2700 0.01044082353883564 270
2705 0.01043755075769821 270.5
2710 0.0104316522719709 271
2715 0.01042341889533754 271.5
2720 0.01041336156034025 272
2725 0.01040207081972321 272.5
2730 0.01039000761279452 273
2735 0.01037771638842182 273.5
2740 0.01036566761707617 274
2745 0.01035432950466653 274.5
2750 0.01034416397880758 275
2755 0.0103357526484028 275.5
2760 0.01032954643080179 276
2765 0.0103257820636708 276.5
2770 0.0103246167437591 277
2775 0.0103262454966574 277.5
2780 0.01033082013403097 278
2785 0.01033824580050568 278.5
2790 0.01034802531607482 279
2795 0.01035959044777781 279.5
2800 0.01037230081205874 280
2805 0.01038540474587541 280.5
2810 0.01039833828760821 281
2815 0.01041053635183646 281.5
2820 0.01042126548580743 282
2825 0.01042999019579026 282.5
2830 0.01043643700901482 283
2835 0.01044041047209604 283.5
2840 0.01044168304942908 284
2845 0.01044007642255804 284.5
2850 0.01043575213691944 285
2855 0.01042894768471918 285.5
2860 0.01041996916289004 286
2865 0.01040937009486698 286.5
2870 0.01039768368583257 287
2875 0.01038537876264076 287.5
2880 0.01037299682634246 288
2885 0.01036097870135861 288.5
2890 0.0103497886161235 289
2895 0.0103399287558028 289.5
2900 0.01033195421507456 290
2905 0.010326248248691 290.5
2910 0.01032300554613091 291
2915 0.01032242646485162 291.5
2920 0.01032471501117384 292
2925 0.01033001943422756 292.5
2930 0.01033810456489384 293
2935 0.01034843490238038 293.5
2940 0.01036044511192802 294
2945 0.01037346213557412 294.5
2950 0.01038675869845983 295
2955 0.01039982051954095 295.5
2960 0.01041200760769955 296
2965 0.01042257816431568 296.5
2970 0.01043106472191003 297
2975 0.01043724807043471 297.5
2980 0.01044094332461503 298
2985 0.01044187366246998 298.5
2990 0.01043992288861996 299
2995 0.01043532619914139 299.5
3000 0.01042831661581146 300
