0 0.04713165760040283 0
5 0.0853617861866951 0.5
10 0.08492715656757355 1
15 0.08456545323133469 1.5
20 0.08434394001960754 2
25 0.0842631533741951 2.5
30 0.08424507826566696 3
35 0.08429339528083801 3.5
40 0.08451174944639206 4
45 0.08486295491456985 4.5
50 0.0852363333106041 5
55 0.08555595576763153 5.500000000000001
60 0.08578381687402725 6.000000000000001
65 0.08586837351322174 6.500000000000001
70 0.08582983911037445 7.000000000000001
75 0.08570781350135803 7.500000000000001
80 0.08549393713474274 8
85 0.0851924866437912 8.5
90 0.08480574935674667 9
95 0.08440897613763809 9.5
100 0.08403658121824265 10
105 0.08371325582265854 10.5
110 0.08341306447982788 11
115 0.08318610489368439 11.5
120 0.08304180204868317 12
125 0.08295036107301712 12.5
130 0.08291743695735931 13
135 0.08294978737831116 13.5
140 0.08219906687736511 14
145 0.08178622275590897 14.5
150 0.08178438991308212 15
155 0.08177404850721359 15.5
160 0.08177275955677032 16
165 0.08178094774484634 16.5
170 0.0818687379360199 17
175 0.08212524652481079 17.5
180 0.0825660228729248 18
185 0.083251953125 18.5
190 0.08427806198596954 19
195 0.08557625114917755 19.5
200 0.08682618290185928 20
205 0.08752656728029251 20.5
210 0.0882517546415329 21
215 0.08906565606594086 21.5
220 0.08903829008340836 22
225 0.08852490782737732 22.5
230 0.08820707350969315 23
235 0.08753059804439545 23.5
240 0.08673382550477982 24
245 0.08583511412143707 24.5
250 0.08504413813352585 25
255 0.08436190336942673 25.5
260 0.08448018133640289 26
265 0.08505861461162567 26.5
270 0.08551955968141556 27
275 0.08589103072881699 27.5
280 0.08610785752534866 28
285 0.08612397313117981 28.5
290 0.08590712398290634 29
295 0.08552949130535126 29.5
300 0.08493731170892715 30
305 0.08447794616222382 30.5
310 0.08433963358402252 31
315 0.08453209698200226 31.5
320 0.08503958582878113 32
325 0.08584390580654144 32.5
330 0.08684013038873672 33.00000000000001
335 0.08796042948961258 33.50000000000001
340 0.08922360092401505 34.00000000000001
345 0.09063740074634552 34.50000000000001
350 0.09179311245679855 35.00000000000001
355 0.09273409098386765 35.50000000000001
360 0.093291275203228 36.00000000000001
365 0.09377278387546539 36.50000000000001
370 0.09402396529912949 37.00000000000001
375 0.09408538788557053 37.50000000000001
380 0.09399527311325073 38.00000000000001
385 0.09376047551631927 38.50000000000001
390 0.09337475150823593 39.00000000000001
395 0.0928475484251976 39.50000000000001
400 0.09224123507738113 40.00000000000001
405 0.09160702675580978 40.50000000000001
410 0.09098059684038162 41.00000000000001
415 0.09044209122657776 41.50000000000001
420 0.09012307971715927 42.00000000000001
425 0.08993721008300781 42.50000000000001
430 0.08987673372030258 43.00000000000001
435 0.08987463265657425 43.50000000000001
440 0.08988269418478012 44.00000000000001
445 0.08984469622373581 44.50000000000001
450 0.08974456787109375 45.00000000000001
455 0.08955641835927963 45.50000000000001
460 0.08925043791532516 46.00000000000001
465 0.08883842080831528 46.50000000000001
470 0.0882967934012413 47.00000000000001
475 0.08770198374986649 47.50000000000001
480 0.08729108422994614 48.00000000000001
485 0.08679181337356567 48.50000000000001
490 0.08656357973814011 49.00000000000001
495 0.08660285919904709 49.50000000000001
500 0.08661694824695587 50.00000000000001
505 0.08659990876913071 50.50000000000001
510 0.08655627816915512 51.00000000000001
515 0.08646425604820251 51.50000000000001
520 0.08633974194526672 52.00000000000001
525 0.0861668735742569 52.50000000000001
530 0.0859346017241478 53.00000000000001
535 0.0856507197022438 53.50000000000001
540 0.08533062040805817 54.00000000000001
545 0.08500173687934875 54.50000000000001
550 0.08462864905595779 55.00000000000001
555 0.08426623046398163 55.50000000000001
560 0.08390291780233383 56.00000000000001
565 0.08356096595525742 56.50000000000001
570 0.08326989412307739 57.00000000000001
575 0.08302498608827591 57.50000000000001
580 0.08285307884216309 58.00000000000001
585 0.08274376392364502 58.50000000000001
590 0.08270255476236343 59.00000000000001
595 0.08272597938776016 59.50000000000001
600 0.08285811543464661 60.00000000000001
605 0.08298248797655106 60.50000000000001
610 0.08319897204637527 61.00000000000001
615 0.08364292979240417 61.50000000000001
620 0.08414091914892197 62.00000000000001
625 0.08468698710203171 62.50000000000001
630 0.08523215353488922 63.00000000000001
635 0.08570870012044907 63.50000000000001
640 0.08613239228725433 64
645 0.08648157119750977 64.5
650 0.08677000552415848 65
655 0.08697735518217087 65.5
660 0.08712460845708847 66
665 0.08716163039207458 66.5
670 0.08718479424715042 67
675 0.08712510019540787 67.5
680 0.08698815107345581 68
685 0.08681554347276688 68.5
690 0.08654133230447769 69
695 0.08624823391437531 69.5
700 0.08588560670614243 70
705 0.08551085740327835 70.5
710 0.08510592579841614 71
715 0.08467639237642288 71.5
720 0.08431390672922134 72
725 0.08394872397184372 72.5
730 0.08410869538784027 73
735 0.08429376780986786 73.5
740 0.0844050794839859 74
745 0.0844646692276001 74.5
750 0.08444800972938538 75
755 0.08435674011707306 75.5
760 0.08415570110082626 76
765 0.08391093462705612 76.5
770 0.08378520607948303 77
775 0.08412603288888931 77.50000000000001
780 0.08445047587156296 78.00000000000001
785 0.08473648130893707 78.50000000000001
790 0.08503351360559464 79.00000000000001
795 0.08527079224586487 79.50000000000001
800 0.08543995022773743 80.00000000000001
805 0.08555711805820465 80.50000000000001
810 0.08559598028659821 81.00000000000001
815 0.08556220680475235 81.50000000000001
820 0.08548302948474884 82.00000000000001
825 0.08535900712013245 82.50000000000001
830 0.0851680114865303 83.00000000000001
835 0.08495794236660004 83.50000000000001
840 0.08473006635904312 84.00000000000001
845 0.08445186167955399 84.50000000000001
850 0.0841689258813858 85.00000000000001
855 0.08386918157339096 85.50000000000001
860 0.08360853791236877 86.00000000000001
865 0.08336587250232697 86.50000000000001
870 0.08313986659049988 87.00000000000001
875 0.08300190418958664 87.50000000000001
880 0.08289287984371185 88.00000000000001
885 0.08287496119737625 88.50000000000001
890 0.08290424942970276 89.00000000000001
895 0.08302928507328033 89.50000000000001
900 0.08319978415966034 90.00000000000001
905 0.08342777192592621 90.50000000000001
910 0.08371873199939728 91.00000000000001
915 0.08406491577625275 91.50000000000001
920 0.08439596742391586 92.00000000000001
925 0.08472776412963867 92.50000000000001
930 0.08505433052778244 93.00000000000001
935 0.08533898741006851 93.50000000000001
940 0.08558840304613113 94.00000000000001
945 0.0857742503285408 94.50000000000001
950 0.08588924258947372 95.00000000000001
955 0.08594556152820587 95.50000000000001
960 0.08596551418304443 96.00000000000001
965 0.08590758591890335 96.50000000000001
970 0.08576519787311554 97.00000000000001
975 0.08561302721500397 97.50000000000001
980 0.08539081364870071 98.00000000000001
985 0.0851498618721962 98.50000000000001
990 0.0848759263753891 99.00000000000001
995 0.08455809950828552 99.50000000000001
1000 0.0842500627040863 100
1005 0.08394202589988708 100.5
1010 0.08367319405078888 101
1015 0.08341099321842194 101.5
1020 0.08321943879127502 102
1025 0.08304369449615479 102.5
1030 0.08293870836496353 103
1035 0.08288877457380295 103.5
1040 0.08289840072393417 104
1045 0.08297963440418243 104.5
1050 0.08310490846633911 105
1055 0.08331434428691864 105.5
1060 0.0835217759013176 106
1065 0.08376026898622513 106.5
1070 0.08399024605751038 107
1075 0.08420946449041367 107.5
1080 0.08440308272838593 108
1085 0.08455222100019455 108.5
1090 0.08466397225856781 109
1095 0.08470098674297333 109.5
1100 0.08469824492931366 110
1105 0.08464648574590683 110.5
1110 0.08455011993646622 111
1115 0.08439920097589493 111.5
1120 0.08423151820898056 112
1125 0.08398956060409546 112.5
1130 0.08374147862195969 113
1135 0.08347907662391663 113.5
1140 0.08319336175918579 114
1145 0.08292710036039352 114.5
1150 0.08267684280872345 115
1155 0.08246821910142899 115.5
1160 0.08228838443756104 116
1165 0.08214621245861053 116.5
1170 0.08207930624485016 117
1175 0.08205378800630569 117.5
1180 0.08210490643978119 118
1185 0.0822099894285202 118.5
1190 0.08236115425825119 119
1195 0.08255515992641449 119.5
1200 0.08278121054172516 120
1205 0.08302204310894012 120.5
1210 0.08326276391744614 121
1215 0.08350152522325516 121.5
1220 0.08371274173259735 122
1225 0.08388395607471466 122.5
1230 0.0840160995721817 123
1235 0.08408905565738678 123.5
1240 0.0841236412525177 124
1245 0.08411045372486115 124.5
1250 0.08403019607067108 125
1255 0.08391035348176956 125.5
1260 0.08374775946140289 126
1265 0.08354074507951736 126.5
1270 0.08331595361232758 127
1275 0.08306196331977844 127.5
1280 0.08279979228973389 128
1285 0.08254504948854446 128.5
1290 0.08230637013912201 129
1295 0.08208672702312469 129.5
1300 0.08190435171127319 130
1305 0.08176089078187943 130.5
1310 0.08164926618337631 131
1315 0.08160080760717392 131.5
1320 0.08160454034805298 132
1325 0.08165254443883896 132.5
1330 0.08175085484981537 133
1335 0.08189006894826889 133.5
1340 0.08206212520599365 134
1345 0.08227640390396118 134.5
1350 0.08251336216926575 135
1355 0.08274269849061966 135.5
1360 0.08295757323503494 136
1365 0.08314573764801025 136.5
1370 0.08329346030950546 137
1375 0.08341016620397568 137.5
1380 0.08347678184509277 138
1385 0.08350174129009247 138.5
1390 0.08348368853330612 139
1395 0.08342787623405457 139.5
1400 0.08332531899213791 140
1405 0.08317674696445465 140.5
1410 0.0829915776848793 141
1415 0.08280325680971146 141.5
1420 0.08258263021707535 142
1425 0.08236539363861084 142.5
1430 0.08215449750423431 143
1435 0.08196143060922623 143.5
1440 0.08179442584514618 144
1445 0.08165398240089417 144.5
1450 0.08153187483549118 145
1455 0.08146124333143234 145.5
1460 0.08144222944974899 146
1465 0.08146198093891144 146.5
1470 0.08153387904167175 147
1475 0.08164267987012863 147.5
1480 0.081803098320961 148
1485 0.08198036998510361 148.5
1490 0.08221134543418884 149
1495 0.08244277536869049 149.5
1500 0.0826844647526741 150
1505 0.08290690183639526 150.5
1510 0.0830889567732811 151
1515 0.08323121070861816 151.5
1520 0.08334393799304962 152
1525 0.08339309692382812 152.5
1530 0.08341600745916367 153
1535 0.08340119570493698 153.5
1540 0.0833350196480751 154
1545 0.083219975233078 154.5
1550 0.08306761085987091 155
1555 0.08288654685020447 155.5
1560 0.08267440646886826 156
1565 0.08246885240077972 156.5
1570 0.08224392682313919 157
1575 0.08204405009746552 157.5
1580 0.08184850215911865 158
1585 0.08168058097362518 158.5
1590 0.08153696358203888 159
1595 0.08141728490591049 159.5
1600 0.08134504407644272 160
1605 0.08132597059011459 160.5
1610 0.08134124428033829 161
1615 0.08140282332897186 161.5
1620 0.08151748031377792 162
1625 0.08165574073791504 162.5
1630 0.08183746039867401 163
1635 0.08205071836709976 163.5
1640 0.082279272377491 164
1645 0.08251017332077026 164.5
1650 0.08271022886037827 165
1655 0.08290903270244598 165.5
1660 0.0830574706196785 166
1665 0.08315718919038773 166.5
1670 0.08320823311805725 167
1675 0.08321388810873032 167.5
1680 0.0831831619143486 168
1685 0.08310811966657639 168.5
1690 0.08299205452203751 169
1695 0.08283695578575134 169.5
1700 0.08265191316604614 170
1705 0.08243823796510696 170.5
1710 0.08221983909606934 171
1715 0.08199415355920792 171.5
1720 0.08180069178342819 172
1725 0.08160797506570816 172.5
1730 0.08143971115350723 173
1735 0.08129885047674179 173.5
1740 0.08119090646505356 174
1745 0.08112092316150665 174.5
1750 0.08110050857067108 175
1755 0.08112024515867233 175.5
1760 0.08118247985839844 176
1765 0.08128359168767929 176.5
1770 0.081421859562397 177
1775 0.08160396665334702 177.5
1780 0.08180990815162659 178
1785 0.08203134685754776 178.5
1790 0.08224312216043472 179
1795 0.08244747668504715 179.5
1800 0.08263394981622696 180
1805 0.08278731256723404 180.5
1810 0.08289578557014465 181
1815 0.08294443786144257 181.5
1820 0.08294647186994553 182
1825 0.08291362226009369 182.5
1830 0.08283336460590363 183
1835 0.0827140286564827 183.5
1840 0.08255832642316818 184
1845 0.08237239718437195 184.5
1850 0.08216293901205063 185
1855 0.08192482590675354 185.5
1860 0.08173367381095886 186
1865 0.08153364062309265 186.5
1870 0.08135432004928589 187
1875 0.08118019253015518 187.5
1880 0.08104787766933441 188
1885 0.08095109462738037 188.5
1890 0.08089004456996918 189
1895 0.08086580783128738 189.5
1900 0.08089097589254379 190
1905 0.08095894753932953 190.5
1910 0.08106598258018494 191
1915 0.08120805025100708 191.5
1920 0.0813826322555542 192
1925 0.08157754689455032 192.5
1930 0.08180266618728638 193
1935 0.08202095329761505 193.5
1940 0.08223123848438263 194
1945 0.08242107182741165 194.5
1950 0.08258520811796188 195
1955 0.08271057158708572 195.5
1960 0.08277310431003571 196
1965 0.08278463780879974 196.5
1970 0.08276998996734619 197
1975 0.08269999921321869 197.5
1980 0.08258937299251556 198
1985 0.08243993669748306 198.5
1990 0.0822572335600853 199
1995 0.08205672353506088 199.5
2000 0.08185184746980667 200
2005 0.08164028823375702 200.5
2010 0.08145713061094284 201
2015 0.08127087354660034 201.5
2020 0.08110543340444565 202
2025 0.08097431063652039 202.5
2030 0.08088528364896774 203
2035 0.08082665503025055 203.5
2040 0.08080580830574036 204
2045 0.08082780987024307 204.5
2050 0.08088818192481995 205
2055 0.08098292350769043 205.5
2060 0.08112776279449463 206
2065 0.08128069341182709 206.5
2070 0.0814875140786171 207
2075 0.08170779049396515 207.5
2080 0.08192253857851028 208
2085 0.08212891966104507 208.5
2090 0.08232834935188293 209
2095 0.08248306065797806 209.5
2100 0.08262092620134354 210
2105 0.08268330246210098 210.5
2110 0.08270382881164551 211
2115 0.08268873393535614 211.5
2120 0.08262064307928085 212
2125 0.08252062648534775 212.5
2130 0.08238445222377777 213
2135 0.08219651132822037 213.5
2140 0.08200728893280029 214
2145 0.08179042488336563 214.5
2150 0.08159387111663818 215
2155 0.08140600472688675 215.5
2160 0.0812324658036232 216
2165 0.08108655363321304 216.5
2170 0.08095023781061172 217
2175 0.08085190504789352 217.5
2180 0.08079186081886292 218
2185 0.08077488839626312 218.5
2190 0.08079417794942856 219
2195 0.08085337281227112 219.5
2200 0.08093465864658356 220
2205 0.08108155429363251 220.5
2210 0.08123850077390671 221
2215 0.08144017308950424 221.5
2220 0.08164095878601074 222
2225 0.0818585529923439 222.5
2230 0.08207913488149643 223
2235 0.08227724581956863 223.5
2240 0.08243394643068314 224
2245 0.0825558602809906 224.5
2250 0.08263032138347626 225
2255 0.0826672688126564 225.5
2260 0.08264767378568649 226
2265 0.0825875923037529 226.5
2270 0.08248001337051392 227
2275 0.08234284818172455 227.5
2280 0.08217478543519974 228
2285 0.08198239654302597 228.5
2290 0.08177834004163742 229
2295 0.08158467710018158 229.5
2300 0.0813918262720108 230
2305 0.08120546489953995 230.5
2310 0.08105090260505676 231
2315 0.08092565834522247 231.5
2320 0.08082171529531479 232
2325 0.08076431602239609 232.5
2330 0.08072627335786819 233
2335 0.08075559139251709 233.5
2340 0.08080900460481644 234
2345 0.08088184148073196 234.5
2350 0.08101090788841248 235
2355 0.08117607980966568 235.5
2360 0.08135435730218887 236
2365 0.0815739780664444 236.5
2370 0.08177529275417328 237
2375 0.08198906481266022 237.5
2380 0.08218570053577423 238
2385 0.08234232664108276 238.5
2390 0.08244675397872925 239
2395 0.08252883702516556 239.5
2400 0.08254939317703247 240
2405 0.08252082020044327 240.5
2410 0.08245548605918884 241
2415 0.08234906196594238 241.5
2420 0.0822121649980545 242
2425 0.08202671259641647 242.5
2430 0.08182957023382187 243
2435 0.08162937313318253 243.5
2440 0.08143781870603561 244
2445 0.08124231547117233 244.5
2450 0.08106055855751038 245
2455 0.08090964704751968 245.5
2460 0.08077577501535416 246
2465 0.08067887276411057 246.5
2470 0.08061525225639343 247
2475 0.08059271425008774 247.5
2480 0.08061168342828751 248
2485 0.08065855503082275 248.5
2490 0.08074318617582321 249
2495 0.08086911588907242 249.5
2500 0.08103319257497787 250
2505 0.0812341496348381 250.5
2510 0.08143391460180283 251
2515 0.08164587616920471 251.5
2520 0.08185876905918121 252
2525 0.08204264938831329 252.5
2530 0.08219052851200104 253
2535 0.08230840414762497 253.5
2540 0.08236921578645706 254
2545 0.08238071948289871 254.5
2550 0.08235809206962585 255
2555 0.08228016644716263 255.5
2560 0.08217652887105942 256
2565 0.08202128857374191 256.5
2570 0.08184486627578735 257
2575 0.08164189010858536 257.5
2580 0.08144403249025345 258
2585 0.08124428987503052 258.5
2590 0.08104823529720306 259
2595 0.08086885511875153 259.5
2600 0.08071035146713257 260
2605 0.08058470487594604 260.5
2610 0.08049719035625458 261
2615 0.08043444901704788 261.5
2620 0.08041559904813766 262
2625 0.08043002337217331 262.5
2630 0.08048898726701736 263
2635 0.08057451993227005 263.5
2640 0.08071782439947128 264
2645 0.08087872713804245 264.5
2650 0.08107087016105652 265
2655 0.08127323538064957 265.5
2660 0.08150690793991089 266
2665 0.08169842511415482 266.5
2670 0.08188727498054504 267
2675 0.08203870058059692 267.5
2680 0.08214003592729568 268
2685 0.08220693469047546 268.5
2690 0.08221735805273056 269
2695 0.08219185471534729 269.5
2700 0.08211368322372437 270
2705 0.08200427144765854 270.5
2710 0.08186196535825729 271
2715 0.08167560398578644 271.5
2720 0.08149069547653198 272
2725 0.0812922865152359 272.5
2730 0.08111224323511124 273
2735 0.08092734962701797 273.5
2740 0.08076222240924835 274
2745 0.08061884343624115 274.5
2750 0.08052055537700653 275
2755 0.08043822646141052 275.5
2760 0.0803971141576767 276
2765 0.0803975835442543 276.5
2770 0.08042664080858231 277
2775 0.08050144463777542 277.5
2780 0.08061281591653824 278
2785 0.08075740188360214 278.5
2790 0.08093856275081635 279
2795 0.08115042001008987 279.5
2800 0.08136771619319916 280
2805 0.08159322291612625 280.5
2810 0.08181030303239822 281
2815 0.08198262006044388 281.5
2820 0.08213672041893005 282
2825 0.08223497867584229 282.5
2830 0.08228570222854614 283
2835 0.08229417353868484 283.5
2840 0.0822620689868927 284
2845 0.08218026161193848 284.5
2850 0.08205955475568771 285
2855 0.08190689980983734 285.5
2860 0.08173202723264694 286
2865 0.08155196160078049 286.5
2870 0.08136641979217529 287
2875 0.0811784639954567 287.5
2880 0.08101344108581543 288
2885 0.08085187524557114 288.5
2890 0.08074159920215607 289
2895 0.08065290749073029 289.5
2900 0.0805840864777565 290
2905 0.08055127412080765 290.5
2910 0.08053535223007202 291
2915 0.08057717233896255 291.5
2920 0.08065557479858398 292
2925 0.08077972382307053 292.5
2930 0.08092966675758362 293
2935 0.08112127333879471 293.5
2940 0.08132495731115341 294
2945 0.08154001832008362 294.5
2950 0.08176441490650177 295
2955 0.0819556936621666 295.5
2960 0.08212523907423019 296
2965 0.08226388692855835 296.5
2970 0.0823589414358139 297
2975 0.08239472657442093 297.5
2980 0.08239299803972244 298
2985 0.08234134316444397 298.5
2990 0.08225975185632706 299
2995 0.082137331366539 299.5
3000 0.08196362853050232 300
