0 0 0
10 9.210429738268414e-27 0.5
20 3.572820971543454e-22 1
30 2.50004636601386e-19 1.5
40 2.010719917183921e-17 2
50 1.76668400698198e-16 2.5
60 7.929212983847819e-15 3
70 6.358320241327004e-14 3.5
80 4.200259175275518e-13 4
90 2.470349590532069e-12 4.5
100 1.188374804693222e-11 5
110 4.566519970201235e-11 5.5
120 1.349089426502729e-10 6
130 3.696764521475999e-10 6.5
140 9.209119333560024e-10 7
150 2.042883293158732e-09 7.5
160 3.995486743458363e-09 8
170 7.333851282086661e-09 8.5
180 1.244908104748629e-08 9
190 1.972575835201723e-08 9.5
200 2.98842072413423e-08 10
210 4.207332689790421e-08 10.5
220 5.508762333118402e-08 11
230 6.814601283796601e-08 11.5
240 7.999371408115248e-08 12
250 9.161161989202067e-08 12.5
260 1.08361897007478e-07 13
270 1.470148649702472e-07 13.5
280 2.582439616560823e-07 14
290 5.744747949365868e-07 14.5
300 1.393877729094485e-06 15
310 3.380257720790397e-06 15.5
320 7.856392732422864e-06 16
330 1.75037471324226e-05 16.5
340 3.811299289427054e-05 17
350 8.138712521509621e-05 17.5
360 0.0001696321115229543 18
370 0.000332170231495701 18.5
380 0.0005930698984843945 19
390 0.000949814788037393 19.5
400 0.00137368156596309 20
410 0.001807853653025325 20.5
420 0.00220488157410524 21
430 0.002555618174539341 21.5
440 0.002858465610074795 22
450 0.003104282872776958 22.5
460 0.003321458524693502 23
470 0.003519241816267096 23.5
480 0.003701712402011446 24
490 0.003872226217283633 24.5
500 0.004029266775948746 25
510 0.004165457181398047 25.5
520 0.00427220753756189 26
530 0.004365724130507384 26.5
540 0.004447915953012275 27
550 0.004493124933159257 27.5
560 0.00451035386480469 28
570 0.004516830967143979 28.5
580 0.004532185655848326 29
590 0.004586306932411699 29.5
600 0.004677694502071584 30
610 0.004796755858829212 30.5
620 0.004923711120827711 31
630 0.005032179508681699 31.5
640 0.005119632362456078 32
650 0.005182828849498492 32.5
660 0.005227792136960807 33
670 0.005255103247409007 33.5
680 0.005266997815823761 34
690 0.005271101771344329 34.5
700 0.005269476437682014 35
710 0.005253151264088691 35.5
720 0.00522777637314876 36
730 0.005196968495747658 36.5
740 0.005173610451744653 37
750 0.005154144095822449 37.5
760 0.005130950017640528 38
770 0.005100924176984521 38.5
780 0.005064415558547001 39
790 0.005018139053923591 39.5
800 0.004961292716064492 40
810 0.004893690370820777 40.5
820 0.004818409078409603 41
830 0.004731214733538521 41.5
840 0.00463703966473294 42
850 0.004540896932032286 42.5
860 0.004446528052691931 43
870 0.004362371448383822 43.5
880 0.004294424849369163 44
890 0.004243486495542224 44.5
900 0.004210753593670767 45
910 0.004185319045148453 45.5
920 0.004156786457788278 46
930 0.00412249595103857 46.5
940 0.004098506953220052 47
950 0.004081071975086628 47.5
960 0.004062391198472262 48
970 0.004052810928786347 48.5
980 0.004070226605182942 49
990 0.004132450067984107 49.5
1000 0.004223821666178217 50
1010 0.004328668273510198 50.5
1020 0.004461742196420223 51
1030 0.004639488074332362 51.5
1040 0.004837735413189706 52
1050 0.005047447351866383 52.5
1060 0.005277724704822967 53
1070 0.00553846828656907 53.5
1080 0.00583520156608414 54
1090 0.006151165008125976 54.5
1100 0.006465534650206638 55
1110 0.006756968304505365 55.5
1120 0.007010087453118944 56
1130 0.007213446263641901 56.5
1140 0.007358047692072354 57
1150 0.007439117979993386 57.5
1160 0.007453580524140479 58
1170 0.007405821664930039 58.5
1180 0.007305904243371091 59
1190 0.007166882292042502 59.5
1200 0.007003097880923023 60
1210 0.006827651132743143 60.5
1220 0.006645687487257216 61
1230 0.006457648968639495 61.5
1240 0.006265771891197328 62
1250 0.006091510173136123 62.5
1260 0.005928556469693504 63
1270 0.005768175403631568 63.5
1280 0.005618141169213021 64
1290 0.005483352047153618 64.5
1300 0.00537299348920611 65
1310 0.005288125532690288 65.5
1320 0.005215848926111754 66
1330 0.0051584605732629 66.5
1340 0.005115246636443634 67
1350 0.005084471435535203 67.5
1360 0.005074834710914667 68
1370 0.005084648921886844 68.5
1380 0.005106340466503553 69
1390 0.005136196374370546 69.5
1400 0.005180219197288778 70
1410 0.005246566026611665 70.5
1420 0.005333522725843282 71
1430 0.005451697583708377 71.5
1440 0.005608534628047595 72
1450 0.00579421180217942 72.5
1460 0.006001065852082948 73
1470 0.006205588130751393 73.5
1480 0.006394251004878868 74
1490 0.006555395683887271 74.5
1500 0.006682293926955431 75
1510 0.006769071128223053 75.5
1520 0.006815520529397419 76
1530 0.006827746837643494 76.5
1540 0.00681530369034736 77
1550 0.006784860333096361 77.5
1560 0.00673969255714526 78
1570 0.006682342933887309 78.5
1580 0.006615728021966803 79
1590 0.006544609179321772 79.5
1600 0.006477756098064684 80
1610 0.006419368691545081 80.5
1620 0.006370858666327588 81
1630 0.00633496405054034 81.5
1640 0.006312584536020594 82
1650 0.006304194699826017 82.5
1660 0.006310497976448772 83
1670 0.006330373006303438 83.5
1680 0.006368865282211385 84
1690 0.006426943668859838 84.5
1700 0.006492217468388069 85
1710 0.006553241290634026 85.5
1720 0.006609908231068352 86
1730 0.006657571170985307 86.5
1740 0.006694324184830311 87
1750 0.00672552920765224 87.5
1760 0.006750739827420697 88
1770 0.006769635772228164 88.5
1780 0.006782271075970856 89
1790 0.006786304530226516 89.5
1800 0.006793434366485556 90
1810 0.00680817788086125 90.5
1820 0.006827905630766105 91
1830 0.006850372300702219 91.5
1840 0.006877299988084443 92
1850 0.006913511088464396 92.5
1860 0.006962272467707299 93
1870 0.007009140002383122 93.5
1880 0.007051376297972606 94
1890 0.007093253632069962 94.5
1900 0.007135904830426226 95
1910 0.007177529069662162 95.5
1920 0.007219750664729486 96
1930 0.007261126286550332 96.5
1940 0.007297263262419408 97
1950 0.00732338937018339 97.5
1960 0.007340103008444346 98
1970 0.007347295318812683 98.5
1980 0.007345695968194191 99
1990 0.007332834237064874 99.5
2000 0.007307990445153962 100
2010 0.007273984694494286 100.5
2020 0.007234079761410783 101
2030 0.007192717053499763 101.5
2040 0.007153425517319072 102
2050 0.007116510128215036 102.5
2060 0.007081919942935323 103
2070 0.007045746119208659 103.5
2080 0.007005683735022698 104
2090 0.00695990952336704 104.5
2100 0.006907694740085717 105
2110 0.006844155052040128 105.5
2120 0.006769928379903195 106
2130 0.006685221699864836 106.5
2140 0.006590386384869419 107
2150 0.00648935277345194 107.5
2160 0.006385462345603743 108
2170 0.006283995668965153 108.5
2180 0.006189572069870175 109
2190 0.006107891949879866 109.5
2200 0.006042508725756392 110
2210 0.005994917724354217 110.5
2220 0.005967403200710957 111
2230 0.005962713519151827 111.5
2240 0.005980906772130376 112
2250 0.006020056657236613 112.5
2260 0.006078045803245624 113
2270 0.006149642911013569 113.5
2280 0.006228781380242116 114
2290 0.006308488575517285 114.5
2300 0.006382580683814731 115
2310 0.006445543468032437 115.5
2320 0.00649331373130022 116
2330 0.006525995553638375 116.5
2340 0.006543808239738016 117
2350 0.006550004275879926 117.5
2360 0.006544584814161434 118
2370 0.006528018214059327 118.5
2380 0.006498977388332786 119
2390 0.006453902647616303 119.5
2400 0.006391994412280159 120
2410 0.006312980272629806 120.5
2420 0.006216126360537217 121
2430 0.006104781351262016 121.5
2440 0.005984775577753686 122
2450 0.005861411534315532 122.5
2460 0.005742288910749926 123
2470 0.005633982362313644 123.5
2480 0.005540350083810866 124
2490 0.00545960510756477 124.5
2500 0.005389424726645531 125
2510 0.005333340154466095 125.5
2520 0.005292407809854788 126
2530 0.005264371671954115 126.5
2540 0.005250370109242944 127
2550 0.005265436465913149 127.5
2560 0.005307119386665888 128
2570 0.005369717370945435 128.5
2580 0.005450272104558201 129
2590 0.005542216515081362 129.5
2600 0.005640636975307698 130
2610 0.005738040797074598 130.5
2620 0.005828904666272156 131
2630 0.005911647502935309 131.5
2640 0.005982500369474188 132
2650 0.006038737108997741 132.5
2660 0.00608474826299111 133
2670 0.006133875631493407 133.5
2680 0.006188920042842462 134
2690 0.006248198304496009 134.5
2700 0.006307697396516202 135
2710 0.00636300884885062 135.5
2720 0.006417529160113208 136
2730 0.0064716303684466 136.5
2740 0.006525319841629413 137
2750 0.006579789083804272 137.5
2760 0.006633391110231997 138
2770 0.006678740538243971 138.5
2780 0.006703762080021343 139
2790 0.006704286171253361 139.5
2800 0.006677403828979555 140
2810 0.006624775791282805 140.5
2820 0.006558471087328471 141
2830 0.00649533023189889 141.5
2840 0.006433349721307011 142
2850 0.006372045646518346 142.5
2860 0.006310422135084997 143
2870 0.006243476217088957 143.5
2880 0.006171806585742932 144
2890 0.006092559646143947 144.5
2900 0.00600768540011612 145
2910 0.005918295953236599 145.5
2920 0.005820673825819355 146
2930 0.005722406034259155 146.5
2940 0.005636958746437168 147
2950 0.005574977541058234 147.5
2960 0.005543327109639059 148
2970 0.005538463887787926 148.5
2980 0.005550304244728253 149
2990 0.005566965964155544 149.5
3000 0.005577299737770205 150
3010 0.005585454228714049 150.5
3020 0.005603591196562841 151
3030 0.005636520460272974 151.5
3040 0.005670489649141438 152
3050 0.005696324718955562 152.5
3060 0.005722627014051932 153
3070 0.005750565046691575 153.5
3080 0.005778976171944027 154
3090 0.005808314738162909 154.5
3100 0.005837181389103819 155
3110 0.005868103381417429 155.5
3120 0.00589881741218184 156
3130 0.005924261830913161 156.5
3140 0.005942073160122695 157
3150 0.005948932167233755 157.5
3160 0.005947716957836076 158
3170 0.005940387582596049 158.5
3180 0.005935417035224049 159
3190 0.005936177741062197 159.5
3200 0.005944526000978972 160
3210 0.005960597860652519 160.5
3220 0.005988596866090401 161
3230 0.006028885117139764 161.5
3240 0.006083133387390667 162
3250 0.006153444008652633 162.5
3260 0.006242703161657519 163
3270 0.006349517424989059 163.5
3280 0.006469383436654805 164
3290 0.006601590797926981 164.5
3300 0.006738612796130443 165
3310 0.006877907373917713 165.5
3320 0.007012776253192575 166
3330 0.007135803792404761 166.5
3340 0.007240290819662623 167
3350 0.007316209778220999 167.5
3360 0.007361531366918064 168
3370 0.007379610107016043 168.5
3380 0.007373767178193188 169
3390 0.007347212007014828 169.5
3400 0.007307239076945676 170
3410 0.007265022016929948 170.5
3420 0.007225164941027597 171
3430 0.007186356160406888 171.5
3440 0.007144441568606262 172
3450 0.007117711916905189 172.5
3460 0.007115435044999232 173
3470 0.007139557419727704 173.5
3480 0.007189873920607139 174
3490 0.007269421062399981 174.5
3500 0.007368690824325065 175
3510 0.007466140066083654 175.5
3520 0.007540690505553055 176
3530 0.007587798444630162 176.5
3540 0.007601478792534001 177
3550 0.007579122641028771 177.5
3560 0.007522282680925124 178
3570 0.007430420354002676 178.5
3580 0.007317319250385159 179
3590 0.007184419744092939 179.5
3600 0.007036370516439625 180
3610 0.006891828921783891 180.5
3620 0.006757121689449088 181
3630 0.006632697730047175 181.5
3640 0.006516442959335219 182
3650 0.006404720388223603 182.5
3660 0.006293005768250479 183
3670 0.006177959576473446 183.5
3680 0.006054435592230973 184
3690 0.005919591046135601 184.5
3700 0.005772206792713255 185
3710 0.005609873752872157 185.5
3720 0.005440548318556914 186
3730 0.005283832768390612 186.5
3740 0.005158599190845523 187
3750 0.005068488289570787 187.5
3760 0.004998069225883108 188
3770 0.004933451454770108 188.5
3780 0.004867209255051928 189
3790 0.004776963838648911 189.5
3800 0.004672108077434566 190
3810 0.004566991154893958 190.5
3820 0.004469873569978039 191
3830 0.004375468060579736 191.5
3840 0.004283237375309849 192
3850 0.00419362784660664 192.5
3860 0.004128112981383303 193
3870 0.004103487700016526 193.5
3880 0.00413404899767617 194
3890 0.004226144625841035 194.5
3900 0.004377817455547856 195
3910 0.004590551328224143 195.5
3920 0.004854698010734718 196
3930 0.005152505032929629 196.5
3940 0.005475040560780226 197
3950 0.005804747743453465 197.5
3960 0.006133529001325661 198
3970 0.006458150511377687 198.5
3980 0.006758918626502 199
3990 0.007020790613948228 199.5
4000 0.007228419625536657 200
4010 0.007375976312010679 200.5
4020 0.007463408217512197 201
4030 0.007489460181007337 201.5
4040 0.007463134258499279 202
4050 0.007398341366369832 202.5
4060 0.007301689576485337 203
4070 0.007178142683701383 203.5
4080 0.007038433941899524 204
4090 0.006894237509709927 204.5
4100 0.006759387302030588 205
4110 0.006638815899290763 205.5
4120 0.006531123922065324 206
4130 0.006433195869561794 206.5
4140 0.006336752831056792 207
4150 0.006232277528670505 207.5
4160 0.006129073215293871 208
4170 0.006040974594530895 208.5
4180 0.005970664711892194 209
4190 0.005919223785667609 209.5
4200 0.005878038425927256 210
4210 0.00584744769937014 210.5
4220 0.005832088100331586 211
4230 0.005833998219303972 211.5
4240 0.005852524672637376 212
4250 0.005883324105442728 212.5
4260 0.005919783677015388 213
4270 0.005960325121507132 213.5
4280 0.006006048157614404 214
4290 0.006064819339516998 214.5
4300 0.006139715438627451 215
4310 0.006232004464201647 215.5
4320 0.006340500096122392 216
4330 0.006461450566408278 216.5
4340 0.006591122611193437 217
4350 0.006720082310779909 217.5
4360 0.006844393989582541 218
4370 0.006964122164812469 218.5
4380 0.007077998354699125 219
4390 0.007186601149689775 219.5
4400 0.007288842839879574 220
4410 0.007379305694171259 220.5
4420 0.007458372767546777 221
4430 0.007528331250569612 221.5
4440 0.007591282223244413 222
4450 0.007647959893559016 222.5
4460 0.007698846322366269 223
4470 0.007742004503532626 223.5
4480 0.007777526829194071 224
4490 0.007804905699322575 224.5
4500 0.007822966207726757 225
4510 0.007828867620779036 225.5
4520 0.007820669809422564 226
4530 0.00779840511646555 226.5
4540 0.007761864353817765 227
4550 0.007714026865503437 227.5
4560 0.007651415495647215 228
4570 0.007569247351297582 228.5
4580 0.007468409846087323 229
4590 0.007345787459186755 229.5
4600 0.007202134174596206 230
4610 0.007042037913011968 230.5
4620 0.006872218478219681 231
4630 0.006697595821472013 231.5
4640 0.006521188924614544 232
4650 0.006354186167625122 232.5
4660 0.006199748988873293 233
4670 0.006056533947513774 233.5
4680 0.005925526297659852 234
4690 0.005802545949260374 234.5
4700 0.005677045089886396 235
4710 0.005556039062053211 235.5
4720 0.005453205048423044 236
4730 0.005373970527018067 236.5
4740 0.005310697835538927 237
4750 0.005267225951371439 237.5
4760 0.00525619089079755 238
4770 0.005273156728841532 238.5
4780 0.005314101081229951 239
4790 0.005381878358290433 239.5
4800 0.005465702259592154 240
4810 0.005560318195444476 240.5
4820 0.005671795109882338 241
4830 0.005798774986513964 241.5
4840 0.005930374788539145 242
4850 0.006066369820521555 242.5
4860 0.006201806903648168 243
4870 0.006327958766760774 243.5
4880 0.006436352587947585 244
4890 0.006523958532823903 244.5
4900 0.006585252402791366 245
4910 0.006632011231214002 245.5
4920 0.00666828469926762 246
4930 0.006680148063775206 246.5
4940 0.006697101441165258 247
4950 0.006739239132624319 247.5
4960 0.00681150409768498 248
4970 0.00691753450877476 248.5
4980 0.007051919163889413 249
4990 0.007207159585798122 249.5
5000 0.00736644721007877 250
