0 0 0
10 8.522858150388469e-25 0.5
20 4.938852130131764e-20 1
30 1.270375051208324e-17 1.5
40 1.338846428572394e-15 2
50 6.435972326639724e-15 2.5
60 3.403500354812183e-13 3
70 2.277595213123762e-12 3.5
80 7.225372210262204e-12 4
90 3.277394328149441e-11 4.5
100 2.332361248580384e-10 5
110 9.948597501363565e-10 5.5
120 3.260461012288829e-09 6
130 9.151579938304621e-09 6.5
140 2.057723236248421e-08 7
150 3.994303909848895e-08 7.5
160 8.197307721502511e-08 8
170 1.65320258815882e-07 8.5
180 2.951531712369615e-07 9
190 4.755065674544312e-07 9.5
200 6.952978424124012e-07 10
210 9.310452355748566e-07 10.5
220 1.19181311220018e-06 11
230 1.39576127367036e-06 11.5
240 1.512835638095567e-06 12
250 1.536316631245427e-06 12.5
260 1.475808971918013e-06 13
270 1.381819629386882e-06 13.5
280 3.784376076509943e-06 14
290 1.188294663734268e-05 14.5
300 3.188928167219274e-05 15
310 7.636327063664794e-05 15.5
320 0.0001686623872956261 16
330 0.0003520409518387169 16.5
340 0.0007083868840709329 17
350 0.001384358271025121 17.5
360 0.002570354612544179 18
370 0.004358934704214334 18.5
380 0.006518968380987644 19
390 0.008571178652346134 19.5
400 0.01014618203043938 20
410 0.01204319205135107 20.5
420 0.01289192400872707 21
430 0.01283126510679722 21.5
440 0.01244518999010324 22
450 0.01179748214781284 22.5
460 0.0110355643555522 23
470 0.01042617671191692 23.5
480 0.009880281053483486 24
490 0.009193071164190769 24.5
500 0.008954602293670177 25
510 0.008752082474529743 25.5
520 0.008513165637850761 26
530 0.008239714428782463 26.5
540 0.007933525368571281 27
550 0.007596124429255724 27.5
560 0.00722515257075429 28
570 0.008623814210295677 28.5
580 0.009675758890807629 29
590 0.01044535730034113 29.5
600 0.01100842095911503 30
610 0.01142735872417688 30.5
620 0.01174494158476591 31
630 0.0119608249515295 31.5
640 0.01206860225647688 32
650 0.01212881039828062 32.5
660 0.01216039434075356 33
670 0.01214407477527857 33.5
680 0.01198802888393402 34
690 0.01161980628967285 34.5
700 0.01126167457550764 35
710 0.01099358964711428 35.5
720 0.01064596511423588 36
730 0.0103060295805335 36.5
740 0.01031591556966305 37
750 0.01025304663926363 37.5
760 0.01007927767932415 38
770 0.009832628071308136 38.5
780 0.009563472121953964 39
790 0.009300293400883675 39.5
800 0.00909412931650877 40
810 0.008943254128098488 40.5
820 0.008785286918282509 41
830 0.008586389012634754 41.5
840 0.008281410671770573 42
850 0.008158072829246521 42.5
860 0.00800755713135004 43
870 0.007713956758379936 43.5
880 0.007012129761278629 44
890 0.006761092692613602 44.5
900 0.006734254769980907 45
910 0.006667030975222588 45.5
920 0.006469838786870241 46
930 0.006185454316437244 46.5
940 0.006029818207025528 47
950 0.006411885377019644 47.5
960 0.006724587175995111 48
970 0.006803553085774183 48.5
980 0.006700789555907249 49
990 0.006589183118194342 49.5
1000 0.007200208492577076 50
1010 0.008088781498372555 50.5
1020 0.008819621987640858 51
1030 0.009408378973603249 51.5
1040 0.009847921319305897 52
1050 0.01015936303883791 52.5
1060 0.01033948361873627 53
1070 0.01036915462464094 53.5
1080 0.01023955922573805 54
1090 0.009969162754714489 54.5
1100 0.009992695413529873 55
1110 0.01067742053419352 55.5
1120 0.01099444180727005 56
1130 0.01112562324851751 56.5
1140 0.01114100590348244 57
1150 0.01125802751630545 57.5
1160 0.01110577210783958 58
1170 0.01118905376642942 58.5
1180 0.0112986396998167 59
1190 0.0114171365275979 59.5
1200 0.01140601839870214 60
1210 0.01131278276443481 60.5
1220 0.0111815370619297 61
1230 0.01102479919791222 61.5
1240 0.01082401443272829 62
1250 0.01053876150399446 62.5
1260 0.01015710178762674 63
1270 0.00980983953922987 63.5
1280 0.009440811350941658 64
1290 0.009058681316673756 64.5
1300 0.008757815696299076 65
1310 0.008492403663694859 65.5
1320 0.008412856608629227 66
1330 0.008391994051635265 66.5
1340 0.008386633358895779 67
1350 0.008387269452214241 67.5
1360 0.008367571979761124 68
1370 0.008246473036706448 68.5
1380 0.008526773191988468 69
1390 0.008847860619425774 69.5
1400 0.009157645516097546 70
1410 0.00943310372531414 70.5
1420 0.009710432961583138 71
1430 0.009987233206629753 71.5
1440 0.01023070234805346 72
1450 0.0104290759190917 72.5
1460 0.01058418396860361 73
1470 0.01069523394107819 73.5
1480 0.01076354086399078 74
1490 0.01079887617379427 74.5
1500 0.01076710503548384 75
1510 0.01064709294587374 75.5
1520 0.01044780109077692 76
1530 0.01020317804068327 76.5
1540 0.01012375671416521 77
1550 0.01001118589192629 77.5
1560 0.009988630190491676 78
1570 0.009946407750248909 78.5
1580 0.009884298779070377 79
1590 0.009802591986954212 79.5
1600 0.009761502966284752 80
1610 0.009704739786684513 80.5
1620 0.009575288742780685 81
1630 0.009468048810958862 81.5
1640 0.009430577047169209 82
1650 0.009404408745467663 82.5
1660 0.009349276311695576 83
1670 0.009289808571338654 83.5
1680 0.009250061586499214 84
1690 0.009192370809614658 84.5
1700 0.009141750633716583 85
1710 0.009092259220778942 85.5
1720 0.00902929063886404 86
1730 0.008942708373069763 86.5
1740 0.008980981074273586 87
1750 0.009124750271439552 87.5
1760 0.009252914227545261 88
1770 0.009355418384075165 88.5
1780 0.009425719268620014 89
1790 0.009457082487642765 89.5
1800 0.009435432031750679 90
1810 0.009358984418213367 90.5
1820 0.009227048605680466 91
1830 0.00905896257609129 91.5
1840 0.008966721594333649 92
1850 0.008899244479835033 92.5
1860 0.008835636079311371 93
1870 0.008802756667137146 93.5
1880 0.0088442238047719 94
1890 0.008909198455512524 94.5
1900 0.008971446193754673 95
1910 0.009019285440444946 95.5
1920 0.009043807163834572 96
1930 0.009041370823979378 96.5
1940 0.009015529416501522 97
1950 0.008967631496489048 97.5
1960 0.008894979022443295 98
1970 0.00879321526736021 98.5
1980 0.008661110885441303 99
1990 0.008505763486027718 99.5
2000 0.008332831785082817 100
2010 0.00815009418874979 100.5
2020 0.007973928935825825 101
2030 0.007956536486744881 101.5
2040 0.007941148243844509 102
2050 0.007922676391899586 102.5
2060 0.007897024974226952 103
2070 0.007906832732260227 103.5
2080 0.007918662391602993 104
2090 0.007912020199000835 104.5
2100 0.007866012863814831 105
2110 0.007803692016750574 105.5
2120 0.00780303543433547 106
2130 0.00775024201720953 106.5
2140 0.007649474311619997 107
2150 0.00759959639981389 107.5
2160 0.007613691035658121 108
2170 0.007600254844874144 108.5
2180 0.007553760893642902 109
2190 0.007471153046935797 109.5
2200 0.007345140911638737 110
2210 0.007354589644819498 110.5
2220 0.007487934548407793 111
2230 0.007596580777317286 111.5
2240 0.007671386934816837 112
2250 0.007727221585810184 112.5
2260 0.00778986094519496 113
2270 0.007823621854186058 113.5
2280 0.008011489175260067 114
2290 0.008290879428386688 114.5
2300 0.008519966155290604 115
2310 0.008626587688922882 115.5
2320 0.00864589586853981 116
2330 0.008554515428841114 116.5
2340 0.008353243581950665 117
2350 0.008107457309961319 117.5
2360 0.007950371131300926 118
2370 0.007868620567023754 118.5
2380 0.007741393987089396 119
2390 0.007585159968584776 119.5
2400 0.007532261312007904 120
2410 0.007617753464728594 120.5
2420 0.007662282325327396 121
2430 0.007610782980918884 121.5
2440 0.007479700725525618 122
2450 0.007307857275009155 122.5
2460 0.007184496149420738 123
2470 0.007271795533597469 123.5
2480 0.007423206698149443 124
2490 0.007547305896878242 124.5
2500 0.007598003372550011 125
2510 0.007608842104673386 125.5
2520 0.007674525491893291 126
2530 0.00772044574841857 126.5
2540 0.007729971315711737 127
2550 0.007706173695623875 127.5
2560 0.007705283351242542 128
2570 0.00771733745932579 128.5
2580 0.007663452532142401 129
2590 0.007550515234470367 129.5
2600 0.007725130300968885 130
2610 0.008112835697829723 130.5
2620 0.008398652076721191 131
2630 0.008616939187049866 131.5
2640 0.008805504068732262 132
2650 0.008974255993962288 132.5
2660 0.009114928543567657 133
2670 0.009192964993417263 133.5
2680 0.009215446189045906 134
2690 0.009248313494026661 134.5
2700 0.009290589019656181 135
2710 0.009311571717262268 135.5
2720 0.009322475641965866 136
2730 0.009344070218503475 136.5
2740 0.009394131600856781 137
2750 0.009533372707664967 137.5
2760 0.009884241037070751 138
2770 0.01005585584789515 138.5
2780 0.0100640868768096 139
2790 0.009976590983569622 139.5
2800 0.009843950159847736 140
2810 0.009662321768701077 140.5
2820 0.0093731340020895 141
2830 0.009232833981513977 141.5
2840 0.009254169650375843 142
2850 0.009345611557364464 142.5
2860 0.009362437762320042 143
2870 0.009334794245660305 143.5
2880 0.009278982877731323 144
2890 0.009148820303380489 144.5
2900 0.008944309316575527 145
2910 0.008688529022037983 145.5
2920 0.008415174670517445 146
2930 0.008164317347109318 146.5
2940 0.007947281934320927 147
2950 0.007738544140011072 147.5
2960 0.007672187406569719 148
2970 0.007694264873862267 148.5
2980 0.007694283500313759 149
2990 0.007682738360017538 149.5
3000 0.007664638571441174 150
3010 0.00762596121057868 150.5
3020 0.007566093932837248 151
3030 0.007551068905740976 151.5
3040 0.007664126344025135 152
3050 0.007699810434132814 152.5
3060 0.007710721809417009 153
3070 0.007778415456414223 153.5
3080 0.008227016776800156 154
3090 0.008709380403161049 154.5
3100 0.009185102768242359 155
3110 0.009618384763598442 155.5
3120 0.009956779889762402 156
3130 0.01023970078676939 156.5
3140 0.01044925767928362 157
3150 0.01056665647774935 157.5
3160 0.01061773858964443 158
3170 0.01061981823295355 158.5
3180 0.01058923453092575 159
3190 0.01054918859153986 159.5
3200 0.01051387935876846 160
3210 0.01045602094382048 160.5
3220 0.01042960304766893 161
3230 0.01034663058817387 161.5
3240 0.01022440008819103 162
3250 0.01015906315296888 162.5
3260 0.009973367676138878 163
3270 0.009481349028646946 163.5
3280 0.008993213996291161 164
3290 0.008914920501410961 164.5
3300 0.009007756598293781 165
3310 0.009002193808555603 165.5
3320 0.008858971297740936 166
3330 0.008857931010425091 166.5
3340 0.009143427945673466 167
3350 0.009362738579511642 167.5
3360 0.009487207047641277 168
3370 0.009496794082224369 168.5
3380 0.009511022828519344 169
3390 0.009764340706169605 169.5
3400 0.009986473247408867 170
3410 0.01020697131752968 170.5
3420 0.0104336915537715 171
3430 0.01064765546470881 171.5
3440 0.0108209615573287 172
3450 0.01097142230719328 172.5
3460 0.01109086629003286 173
3470 0.01118029002100229 173.5
3480 0.0112463990226388 174
3490 0.01129342056810856 174.5
3500 0.01133496779948473 175
3510 0.01137917581945658 175.5
3520 0.01158255245536566 176
3530 0.01226422935724258 176.5
3540 0.01261284667998552 177
3550 0.01262334827333689 177.5
3560 0.01213634014129639 178
3570 0.01121039316058159 178.5
3580 0.01055256370455027 179
3590 0.01049829181283712 179.5
3600 0.01044901367276907 180
3610 0.0104393819347024 180.5
3620 0.01042126957327127 181
3630 0.01038585230708122 181.5
3640 0.01032001338899136 182
3650 0.01023317873477936 182.5
3660 0.0101922545582056 183
3670 0.01014557015150785 183.5
3680 0.01008350308984518 184
3690 0.01000533532351255 184.5
3700 0.009904091246426105 185
3710 0.009838469326496124 185.5
3720 0.009760509245097637 186
3730 0.009638436138629913 186.5
3740 0.009461671113967896 187
3750 0.009245801717042923 187.5
3760 0.009031320922076702 188
3770 0.008837951347231865 188.5
3780 0.008625720627605915 189
3790 0.008343850262463093 189.5
3800 0.00804470106959343 190
3810 0.008270523510873318 190.5
3820 0.008257314562797546 191
3830 0.008058743551373482 191.5
3840 0.007758939638733864 192
3850 0.007473958656191826 192.5
3860 0.007390204817056656 193
3870 0.007322589866816998 193.5
3880 0.00722825713455677 194
3890 0.007135284133255482 194.5
3900 0.00761734414845705 195
3910 0.008202069438993931 195.5
3920 0.008842367678880692 196
3930 0.009474566206336021 196.5
3940 0.01006201561540365 197
3950 0.01058310549706221 197.5
3960 0.01100036129355431 198
3970 0.0112903006374836 198.5
3980 0.01148236636072397 199
3990 0.0115383081138134 199.5
4000 0.01139666233211756 200
4010 0.01101156324148178 200.5
4020 0.01104245614260435 201
4030 0.01104267034679651 201.5
4040 0.01097865309566259 202
4050 0.01089581940323114 202.5
4060 0.01080451905727386 203
4070 0.01067422423511744 203.5
4080 0.01055566221475601 204
4090 0.0104654673486948 204.5
4100 0.0102648138999939 205
4110 0.01008865050971508 205.5
4120 0.009914825670421124 206
4130 0.009773415513336658 206.5
4140 0.009677191264927387 207
4150 0.00957760401070118 207.5
4160 0.009408053010702133 208
4170 0.009288441389799118 208.5
4180 0.009231716394424438 209
4190 0.009208420291543007 209.5
4200 0.009188187308609486 210
4210 0.009188800118863583 210.5
4220 0.009301398880779743 211
4230 0.009396640583872795 211.5
4240 0.009472533129155636 212
4250 0.009549111127853394 212.5
4260 0.009618795476853848 213
4270 0.009643703699111938 213.5
4280 0.009598314762115479 214
4290 0.009520755149424076 214.5
4300 0.009441488422453403 215
4310 0.009346629492938519 215.5
4320 0.009449558332562447 216
4330 0.009617971256375313 216.5
4340 0.009735342115163803 217
4350 0.009809499606490135 217.5
4360 0.009848838672041893 218
4370 0.009864656254649162 218.5
4380 0.00985987950116396 219
4390 0.009831450879573822 219.5
4400 0.009966354817152023 220
4410 0.01015832275152206 220.5
4420 0.01029255893081427 221
4430 0.01034508086740971 221.5
4440 0.01036934833973646 222
4450 0.01023331936448812 222.5
4460 0.009976958855986595 223
4470 0.009767933748662472 223.5
4480 0.009604237973690033 224
4490 0.009526200592517853 224.5
4500 0.009519855491816998 225
4510 0.009503035806119442 225.5
4520 0.009479708038270473 226
4530 0.009457896463572979 226.5
4540 0.009442036971449852 227
4550 0.009426167234778404 227.5
4560 0.009391266852617264 228
4570 0.009321730583906174 228.5
4580 0.009212353266775608 229
4590 0.009140715934336185 229.5
4600 0.009131927043199539 230
4610 0.009105932898819447 230.5
4620 0.009036711417138577 231
4630 0.008950318209826946 231.5
4640 0.008944056928157806 232
4650 0.008994851261377335 232.5
4660 0.008992439135909081 233
4670 0.008956888690590858 233.5
4680 0.009065642021596432 234
4690 0.00917540118098259 234.5
4700 0.009202135726809502 235
4710 0.009074126370251179 235.5
4720 0.008451765403151512 236
4730 0.008289206773042679 236.5
4740 0.008264590986073017 237
4750 0.008210574276745319 237.5
4760 0.00836572702974081 238
4770 0.008179080672562122 238.5
4780 0.008148486725986004 239
4790 0.00818980298936367 239.5
4800 0.008252314291894436 240
4810 0.008297072723507881 240.5
4820 0.008313488215208054 241
4830 0.008301520720124245 241.5
4840 0.008265440352261066 242
4850 0.008212271146476269 242.5
4860 0.008270216174423695 243
4870 0.008829409256577492 243.5
4880 0.009218839928507805 244
4890 0.009348002262413502 244.5
4900 0.009435935877263546 245
4910 0.01000286638736725 245.5
4920 0.01025374885648489 246
4930 0.01039573829621077 246.5
4940 0.01055249385535717 247
4950 0.01078524999320507 247.5
4960 0.01107505615800619 248
4970 0.0114422831684351 248.5
4980 0.01190811581909657 249
4990 0.01236948370933533 249.5
5000 0.01273706275969744 250
