0 0 0
10 3.581038000881963e-27 0.5
20 1.389121684114873e-22 1
30 9.720242480613759e-20 1.5
40 7.817729071477139e-18 2
50 6.86891138017877e-17 2.5
60 3.082897738665558e-15 3
70 2.472130731464619e-14 3.5
80 1.633071219002922e-13 4
90 9.604780678585023e-13 4.5
100 4.620430811404437e-12 5
110 1.775474327449935e-11 5.5
120 5.245293260119474e-11 6
130 1.437311244741834e-10 6.5
140 3.580528512270614e-10 7
150 7.942781077600042e-10 7.5
160 1.553455187969814e-09 8
170 2.851419627560909e-09 8.5
180 4.840233688758275e-09 9
190 7.669423931577458e-09 9.5
200 1.161905413738036e-08 10
210 1.635821419047597e-08 10.5
220 2.141820502767651e-08 11
230 2.649533936157309e-08 11.5
240 3.110175508598462e-08 12
250 3.561882577450258e-08 12.5
260 4.213137519730868e-08 13
270 5.715974532280214e-08 13.5
280 1.00405894889612e-07 14
290 2.233572297576153e-07 14.5
300 5.419431295079642e-07 15
310 1.314252613060029e-06 15.5
320 3.054585043710288e-06 16
330 6.805500440288721e-06 16.5
340 1.481842647522182e-05 17
350 3.164351680213692e-05 17.5
360 6.595338706180178e-05 18
370 0.0001291486125566489 18.5
380 0.0002305870522878671 19
390 0.0003692903530471977 19.5
400 0.0005340908110276396 20
410 0.0007028979988434386 20.5
420 0.0008572634424981491 21
430 0.0009936307054974104 21.5
440 0.001111378542019749 22
450 0.001206952905434275 22.5
460 0.001291391339305405 23
470 0.001368289975220488 23.5
480 0.001439234993006005 24
490 0.001505531188679483 24.5
500 0.001566588948658143 25
510 0.00161954011718431 25.5
520 0.001661044921291558 26
530 0.001697404405329464 26.5
540 0.001729360790440231 27
550 0.001746938154416506 27.5
560 0.00175363680591162 28
570 0.001756155119418342 28.5
580 0.001762125060594216 29
590 0.001783167547593972 29.5
600 0.001818699262080708 30
610 0.001864990613852725 30.5
620 0.001914351135625081 31
630 0.001956523914728498 31.5
640 0.001990525801888054 32
650 0.002015096753304234 32.5
660 0.002032578591353345 33
670 0.002043197219054823 33.5
680 0.002047821856852161 34
690 0.002049417484970578 34.5
700 0.002048785551198294 35
710 0.002042438283082694 35.5
720 0.002032572462343996 36
730 0.002020594282950099 36.5
740 0.002011512617319071 37
750 0.002003944049697685 37.5
760 0.001994926134385896 38
770 0.001983252012824463 38.5
780 0.001969057371130248 39
790 0.001951064950981177 39.5
800 0.001928962953368775 40
810 0.001902678993320674 40.5
820 0.001873409439506065 41
830 0.001839508061251368 41.5
840 0.001802892560160551 42
850 0.001765512026451121 42.5
860 0.001728821171342118 43
870 0.001696100874177224 43.5
880 0.001669683067406361 44
890 0.001649878108686711 44.5
900 0.001637151474988633 45
910 0.001627262459233457 45.5
920 0.001616168918269158 46
930 0.001602836683918572 46.5
940 0.001593509701874047 47
950 0.00158673093899169 47.5
960 0.001579467806559977 48
970 0.001575742973867164 48.5
980 0.001582514232186213 49
990 0.001606706869356184 49.5
1000 0.001642232374097284 50
1010 0.001682996995921538 50.5
1020 0.001734736468281579 51
1030 0.001803844507905272 51.5
1040 0.001880923566558983 52
1050 0.001962460090150226 52.5
1060 0.002051992497987155 53
1070 0.002153370251387662 53.5
1080 0.002268740888835201 54
1090 0.00239158826132425 54.5
1100 0.002513815960422486 55
1110 0.002627126090398663 55.5
1120 0.002725539445225093 56
1130 0.002804605856781453 56.5
1140 0.002860827251972142 57
1150 0.00289234758164595 57.5
1160 0.002897970654798007 58
1170 0.002879401891496903 58.5
1180 0.002840553749366675 59
1190 0.002786501668756804 59.5
1200 0.002722821882162915 60
1210 0.002654607749900132 60.5
1220 0.002583859831748528 61
1230 0.002510749987806956 61.5
1240 0.002436147702642817 62
1250 0.002368394313038927 62.5
1260 0.002305037507656882 63
1270 0.002242680950090033 63.5
1280 0.002184347266412527 64
1290 0.002131940920355216 64.5
1300 0.00208903323841606 65
1310 0.002056036365742724 65.5
1320 0.002027935041256513 66
1330 0.002005622306867378 66.5
1340 0.001988820620701257 67
1350 0.00197685514600902 67.5
1360 0.001973108363497148 68
1370 0.001976924153144184 68.5
1380 0.00198535787966701 69
1390 0.001996965930937225 69.5
1400 0.002014082114031406 70
1410 0.002039877926365343 70.5
1420 0.002073686907404074 71
1430 0.002119633586200767 71.5
1440 0.002180612219303107 72
1450 0.002252803966632744 72.5
1460 0.002333229335957599 73
1470 0.002412748106824024 73.5
1480 0.002486100701741394 74
1490 0.002548754153921954 74.5
1500 0.002598092506592313 75
1510 0.002631831698375991 75.5
1520 0.002649891341134298 76
1530 0.002654644960203534 76.5
1540 0.002649807033572067 77
1550 0.002637970580519579 77.5
1560 0.002620409236837192 78
1570 0.002598111560609372 78.5
1580 0.002572211517094401 79
1590 0.002544560334106442 79.5
1600 0.002518567689760762 80
1610 0.002495866520818459 80.5
1620 0.00247700570230466 81
1630 0.002463049786368716 81.5
1640 0.002454348575435688 82
1650 0.002451086586246506 82.5
1660 0.002453537315882103 83
1670 0.002461264776945348 83.5
1680 0.002476230669600071 84
1690 0.002498811690847525 84.5
1700 0.002524190306527242 85
1710 0.002547916520464239 85.5
1720 0.002569948767911489 86
1730 0.002588480237552606 86.5
1740 0.002602769900789389 87
1750 0.002614902491311134 87.5
1760 0.002624704443009601 88
1770 0.002632051233370202 88.5
1780 0.002636963870906241 89
1790 0.002638532087957431 89.5
1800 0.002641304186036373 90
1810 0.002647036501112459 90.5
1820 0.002654706699364736 91
1830 0.002663441796540519 91.5
1840 0.00267391134839986 92
1850 0.002687990314332968 92.5
1860 0.0027069488599173 93
1870 0.00272517107402143 93.5
1880 0.002741592650844713 94
1890 0.00275787466254664 94.5
1900 0.002774457554598065 95
1910 0.002790641162388086 95.5
1920 0.002807057023611774 96
1930 0.002823143968332165 96.5
1940 0.002837194114470997 97
1950 0.002847352010180165 97.5
1960 0.002853850314325172 98
1970 0.002856646702493265 98.5
1980 0.002856024870993074 99
1990 0.002851024197925688 99.5
2000 0.002841364869811026 100
2010 0.002828143349336812 100.5
2020 0.002812628212057068 101
2030 0.002796546288296951 101.5
2040 0.002781269641259358 102
2050 0.00276691684611782 102.5
2060 0.002753468096009066 103
2070 0.002739403623331515 103.5
2080 0.002723827268671343 104
2090 0.002706030141278008 104.5
2100 0.002685728903610309 105
2110 0.002661024514790095 105.5
2120 0.002632164999962361 106
2130 0.002599230831984772 106.5
2140 0.002562358625532432 107
2150 0.002523076506007751 107.5
2160 0.002482683649146089 108
2170 0.002443233152785828 108.5
2180 0.002406521022500066 109
2190 0.002374763588600258 109.5
2200 0.002349342428365625 110
2210 0.002330838928598061 110.5
2220 0.002320141213340184 111
2230 0.002318317853480491 111.5
2240 0.002325391435509476 112
2250 0.002340613008256847 112.5
2260 0.002363159332521626 113
2270 0.002390996466179458 113.5
2280 0.002421765699938613 114
2290 0.002452756055799876 114.5
2300 0.002481563251871978 115
2310 0.00250604333904838 115.5
2320 0.002524616536275356 116
2330 0.002537323310123784 116.5
2340 0.002544248926803271 117
2350 0.002546657961073064 117.5
2360 0.002544550860871474 118
2370 0.002538109725528508 118.5
2380 0.002526818580222699 119
2390 0.002509293408871034 119.5
2400 0.002485223332923856 120
2410 0.002454502438814076 120.5
2420 0.002416845396787408 121
2430 0.002373554180117424 121.5
2440 0.002326895636762707 122
2450 0.002278931389702772 122.5
2460 0.00223261621724336 123
2470 0.002190506361708258 123.5
2480 0.002154101898837816 124
2490 0.002122708051152709 124.5
2500 0.002095421744418946 125
2510 0.002073615923198325 125.5
2520 0.002057701325760025 126
2530 0.002046800805580915 126.5
2540 0.00204135696315822 127
2550 0.002047214800121752 127.5
2560 0.002063421223431526 128
2570 0.002087759475484227 128.5
2580 0.002119079356360108 129
2590 0.002154827571960093 129.5
2600 0.002193093691799259 130
2610 0.002230964540075659 130.5
2620 0.002266292638519499 131
2630 0.002298463259306106 131.5
2640 0.002326011030122156 132
2650 0.002347876014384812 132.5
2660 0.002365765265548642 133
2670 0.002384866108667731 133.5
2680 0.00240626751276923 134
2690 0.002429315048404357 134.5
2700 0.002452448443435536 135
2710 0.002473953673736632 135.5
2720 0.002495151306420375 136
2730 0.002516185990842378 136.5
2740 0.002537060591613301 137
2750 0.002558238368508658 137.5
2760 0.002579078969763606 138
2770 0.002596710940219272 138.5
2780 0.002606439377924315 139
2790 0.002606643145899439 139.5
2800 0.002596191224331085 140
2810 0.002575729312318352 140.5
2820 0.00254994987843253 141
2830 0.00252540055672585 141.5
2840 0.002501302379979396 142
2850 0.002477467203156431 142.5
2860 0.002453507828571148 143
2870 0.002427479089070355 143.5
2880 0.002399613758064902 144
2890 0.00236880235075581 144.5
2900 0.002335803032704555 145
2910 0.002301048193326825 145.5
2920 0.002263092467270354 146
2930 0.002224885705388473 146.5
2940 0.002191663587261728 147
2950 0.002167565140380339 147.5
2960 0.002155259373887658 148
2970 0.002153368541130608 148.5
2980 0.002157972101371792 149
2990 0.002164450219345078 149.5
3000 0.002168468016240359 150
3010 0.002171638502610438 150.5
3020 0.002178690200840917 151
3030 0.002191493180510486 151.5
3040 0.002204700485669298 152
3050 0.002214745225099362 152.5
3060 0.002224971622881777 153
3070 0.00223583399949128 153.5
3080 0.002246880315685857 154
3090 0.002258287223235966 154.5
3100 0.002269510648951717 155
3110 0.002281533196507553 155.5
3120 0.002293474888095582 156
3130 0.002303367741412581 156.5
3140 0.002310292830529818 157
3150 0.002312959629562112 157.5
3160 0.002312487153124445 158
3170 0.002309637473793175 158.5
3180 0.00230770491260655 159
3190 0.002308000676929313 159.5
3200 0.002311246501158231 160
3210 0.002317495280191491 160.5
3220 0.002328381363176671 161
3230 0.002344045535435366 161.5
3240 0.002365137397896837 162
3250 0.002392474342399934 162.5
3260 0.002427178523194991 163
3270 0.002468708174568062 163.5
3280 0.002515312378170607 164
3290 0.002566714929209556 164.5
3300 0.002619989423067822 165
3310 0.002674147501523215 165.5
3320 0.002726584857384359 166
3330 0.002774418270763902 166.5
3340 0.002815043086960583 167
3350 0.002844560566959951 167.5
3360 0.002862181713420708 168
3370 0.00286921077255678 168.5
3380 0.002866939027291285 169
3390 0.002856614310658952 169.5
3400 0.002841072735981988 170
3410 0.002824658637997645 170.5
3420 0.002809162107709018 171
3430 0.002794073157234403 171.5
3440 0.002777776659644735 172
3450 0.002767384104551005 172.5
3460 0.002766498851088347 173
3470 0.002775877690407348 173.5
3480 0.00279544087115363 174
3490 0.002826368997822697 174.5
3500 0.002864965328275685 175
3510 0.002902853835957873 175.5
3520 0.002931839232330113 176
3530 0.00295015491626367 176.5
3540 0.002955473869569983 177
3550 0.002946781742235135 177.5
3560 0.002924682224309922 178
3570 0.002888965923018146 178.5
3580 0.002844991932498116 179
3590 0.002793320273753085 179.5
3600 0.002735758365645265 180
3610 0.002679560233975073 180.5
3620 0.002627185726846456 181
3630 0.002578809381822384 181.5
3640 0.002533609237688653 182
3650 0.00249017122403717 182.5
3660 0.002446736301808116 183
3670 0.002402006056171634 183.5
3680 0.002353979623728993 184
3690 0.002301551728668584 184.5
3700 0.002244248364196443 185
3710 0.002181132874367089 185.5
3720 0.002115298724166762 186
3730 0.00205436732830117 186.5
3740 0.00200567620172843 187
3750 0.001970640859086619 187.5
3760 0.001943261751898564 188
3770 0.001918138201699108 188.5
3780 0.001892383069615834 189
3790 0.001857295427157429 189.5
3800 0.001816527246280935 190
3810 0.001775657525230931 190.5
3820 0.001737897966554446 191
3830 0.001701192869587766 191.5
3840 0.001665333349653906 192
3850 0.001630492941915489 192.5
3860 0.001605020599293663 193
3870 0.001595446228622288 193.5
3880 0.001607328537199132 194
3890 0.001643135546594492 194.5
3900 0.001702106320197455 195
3910 0.001784817779247333 195.5
3920 0.001887518666693124 196
3930 0.002003306777966418 196.5
3940 0.002128709393771471 197
3950 0.002256900366817054 197.5
3960 0.002384731337995979 198
3970 0.002510944988871572 198.5
3980 0.002627884380444011 199
3990 0.002729700860788579 199.5
4000 0.002810427537144888 200
4010 0.002867797944016592 200.5
4020 0.002901791686435534 201
4030 0.002911920754668481 201.5
4040 0.002901685170489609 202
4050 0.002876493532803199 202.5
4060 0.002838915076393986 203
4070 0.002790879737053414 203.5
4080 0.002736560630598569 204
4090 0.002680496698954091 204.5
4100 0.002628066602655748 205
4110 0.002581188141248351 205.5
4120 0.002539317232529285 206
4130 0.002501242562038021 206.5
4140 0.002463745268684599 207
4150 0.002423125011147162 207.5
4160 0.002382998917299326 208
4170 0.002348745954327719 208.5
4180 0.002321409297003185 209
4190 0.002301408936884761 209.5
4200 0.002285395966534702 210
4210 0.002273502215929291 210.5
4220 0.002267530365603259 211
4230 0.002268273024612741 211.5
4240 0.002275476155768807 212
4250 0.002287451051882863 212.5
4260 0.002301626624033975 213
4270 0.002317389238533098 213.5
4280 0.002335166468745879 214
4290 0.002358016850512051 214.5
4300 0.002387136640212849 215
4310 0.002423018843002194 215.5
4320 0.002465202214666559 216
4330 0.002512228058479111 216.5
4340 0.002562644872159188 217
4350 0.002612784724253463 217.5
4360 0.002661117414301142 218
4370 0.002707668026754457 218.5
4380 0.002751943372744604 219
4390 0.002794168409677205 219.5
4400 0.00283392023323467 220
4410 0.002869092416085247 220.5
4420 0.002899833890959087 221
4430 0.002927033923238572 221.5
4440 0.002951509418057702 222
4450 0.002973545837309102 222.5
4460 0.002993330607451892 223
4470 0.003010110615681424 223.5
4480 0.003023921784290073 224
4490 0.003034566757123861 224.5
4500 0.003041588727732019 225
4510 0.003043883211811443 225.5
4520 0.003040695882357138 226
4530 0.003032039314333416 226.5
4540 0.003017832174890265 227
4550 0.002999232840397913 227.5
4560 0.002974889383999693 228
4570 0.00294294220501461 228.5
4580 0.002903736332071275 229
4590 0.002856060442918643 229.5
4600 0.002800207688412209 230
4610 0.002737961863534978 230.5
4620 0.002671935644719937 231
4630 0.002604041921256614 231.5
4640 0.00253545448079881 232
4650 0.002470523393322363 232.5
4660 0.002410477833932072 233
4670 0.002354795469484359 233.5
4680 0.002303859369230112 234
4690 0.002256044303755976 234.5
4700 0.002207249257343077 235
4710 0.002160201812617888 235.5
4720 0.002120219692232909 236
4730 0.002089413113148547 236.5
4740 0.002064812533257747 237
4750 0.002047910556520776 237.5
4760 0.00204362009751071 238
4770 0.002050216457558915 238.5
4780 0.002066135723650835 239
4790 0.002092487697624584 239.5
4800 0.002125078639032718 240
4810 0.002161865550328333 240.5
4820 0.002205208052053785 241
4830 0.00225457814405675 241.5
4840 0.002305744474548655 242
4850 0.00235861968138474 242.5
4860 0.002411277956317327 243
4870 0.002460326114603721 243.5
4880 0.002502469902001393 244
4890 0.002536531311362325 244.5
4900 0.002560362520525413 245
4910 0.002578542469367806 245.5
4920 0.002592645684007627 246
4930 0.002597258189648212 246.5
4940 0.002603849704963163 247
4950 0.002620232944255177 247.5
4960 0.002648329742490271 248
4970 0.002689554630161258 248.5
4980 0.002741803718464 249
4990 0.002802161580792425 249.5
5000 0.002864093005473859 250
