0 0 0
10 6.930664830582259e-105 0.5
20 1.023671558230023e-286 1
30 1.683120858918517e-34 1.5
40 1.180769644981806e-29 2
50 4.996748508904825e-25 2.5
60 8.597398879766375e-22 3
70 6.500324020712937e-20 3.5
80 5.170059965547402e-19 4
90 2.19269246285608e-18 4.5
100 6.437672301153383e-18 5
110 1.456163112127788e-17 5.5
120 4.099661679414743e-16 6
130 4.094540448928006e-15 6.5
140 2.019982559310045e-14 7
150 8.290047034037949e-14 7.5
160 3.240387581405684e-13 8
170 1.160022178832292e-12 8.5
180 4.046782353333096e-12 9
190 1.545843471415769e-11 9.5
200 5.963637728514116e-11 10
210 2.16336276694762e-10 10.5
220 6.893910730632551e-10 11
230 1.876937165952386e-09 11.5
240 4.405394165748617e-09 12
250 8.993433236605067e-09 12.5
260 1.626510630587411e-08 13
270 2.658096687793621e-08 13.5
280 3.994464144014432e-08 14
290 5.611282638861973e-08 14.5
300 7.481022570540507e-08 15
310 9.608149794734541e-08 15.5
320 1.205617574799587e-07 16
330 1.497466761705741e-07 16.5
340 1.866096060104964e-07 17
350 2.356837928405782e-07 17.5
360 3.033810986152619e-07 18
370 3.977359101456683e-07 18.5
380 5.303858746099579e-07 19
390 7.178236718692877e-07 19.5
400 9.833297668073581e-07 20
410 1.357256903957955e-06 20.5
420 1.877160975994425e-06 21
430 2.587078517836276e-06 21.5
440 3.538901749227267e-06 22
450 4.791419760882199e-06 22.5
460 6.413710304959255e-06 23
470 8.48454317218673e-06 23.5
480 1.108996217395317e-05 24
490 1.43201680787115e-05 24.5
500 1.826845489154416e-05 25
510 2.302747765980055e-05 25.5
520 2.867577036015895e-05 26
530 3.527651950696048e-05 26.5
540 4.287508830216111e-05 27
550 5.14985159786919e-05 27.5
560 6.114937998140514e-05 28
570 7.183073199262197e-05 28.5
580 8.352135567219438e-05 29
590 9.618322580382175e-05 29.5
600 0.0001097609737944115 30
610 0.000124191461609492 30.5
620 0.0001393719613779623 31
630 0.0001551671050257285 31.5
640 0.0001714295820255006 32
650 0.0001880464359825641 32.5
660 0.0002049209645457952 33
670 0.000221940306678451 33.5
680 0.0002389846693676498 34
690 0.000255908533692547 34.5
700 0.000272572069399484 35
710 0.0002888539921297003 35.5
720 0.0003046372887678288 36
730 0.0003197698114223774 36.5
740 0.0003341479310405403 37
750 0.0003477793562332833 37.5
760 0.0003607458347974573 38
770 0.0003731320537982895 38.5
780 0.0003850393507354963 39
790 0.0003965441147383369 39.5
800 0.0004077024060219853 40
810 0.000418601671017651 40.5
820 0.0004293279508753374 41
830 0.0004399327095580882 41.5
840 0.0004504927550215418 42
850 0.0004611699214984271 42.5
860 0.0004721225275174681 43
870 0.0004834302291723013 43.5
880 0.0004950670805294735 44
890 0.0005070155818132193 44.5
900 0.0005192536487603654 45
910 0.0005317657974578737 45.5
920 0.0005445042754866341 46
930 0.0005574306397053324 46.5
940 0.0005705661687314929 47
950 0.0005839686807702324 47.5
960 0.0005976722465598444 48
970 0.000611657569903261 48.5
980 0.0006256842214592938 49
990 0.0006395273002568569 49.5
1000 0.0006530112413961255 50
1010 0.0006659148328024678 50.5
1020 0.0006780053655640388 51
1030 0.0006891516274901786 51.5
1040 0.000699315112644785 52
1050 0.0007086350739284885 52.5
1060 0.0007174623270912188 53
1070 0.0007261739198499333 53.5
1080 0.0007351801418510733 54
1090 0.0007447682501165842 54.5
1100 0.0007550735504809699 55
1110 0.000766172189328209 55.5
1120 0.0007780946413530854 56
1130 0.0007909004980402632 56.5
1140 0.0008046089195294027 57
1150 0.0008191399360702484 57.5
1160 0.0008343712548085342 58
1170 0.0008501624661812464 58.5
1180 0.0008663879672923434 59
1190 0.0008829450892434018 59.5
1200 0.0008997661240545818 60
1210 0.0009167933311785648 60.5
1220 0.0009339752892410186 61
1230 0.0009512743814912393 61.5
1240 0.0009686289214476048 62
1250 0.0009859708528325401 62.5
1260 0.001003243494973444 63
1270 0.00102040883425449 63.5
1280 0.001037432189823976 64
1290 0.001054260778559635 64.5
1300 0.001070851213829575 65
1310 0.001087154317448675 65.5
1320 0.001103122833437371 66
1330 0.001118707584238101 66.5
1340 0.001133885081709958 67
1350 0.001148640934094936 67.5
1360 0.001162956622590551 68
1370 0.001176812948932755 68.5
1380 0.001190189451182572 69
1390 0.001203083736438933 69.5
1400 0.001215514901669135 70
1410 0.001227469716855538 70.5
1420 0.001238934271806127 71
1430 0.001249889551457734 71.5
1440 0.001260326542842541 72
1450 0.001270241891698427 72.5
1460 0.001279631428750306 73
1470 0.001288488213729465 73.5
1480 0.001296819246002427 74
1490 0.001304637687170915 74.5
1500 0.001311967949001913 75
1510 0.001318841232118464 75.5
1520 0.001325289486009731 76
1530 0.001331343108243477 76.5
1540 0.001337033389989861 77
1550 0.001342394261268908 77.5
1560 0.0013474654109545 78
1570 0.00135228178665421 78.5
1580 0.001356882188953717 79
1590 0.00136130934991085 79.5
1600 0.001365604443525383 80
1610 0.001369806762056937 80.5
1620 0.001373953697696084 81
1630 0.001378080602410057 81.5
1640 0.001382223724478327 82
1650 0.001386416205336751 82.5
1660 0.001390688016683816 83
1670 0.00139507207817738 83.5
1680 0.001399605130464775 84
1690 0.001404319663628468 84.5
1700 0.001409245591722988 85
1710 0.001414409369002844 85.5
1720 0.001419835582208011 86
1730 0.001425546924088638 86.5
1740 0.00143155861117246 87
1750 0.001437878764180663 87.5
1760 0.001444507699333656 88
1770 0.001451438575227897 88.5
1780 0.001458660161169852 89
1790 0.001466161386435615 89.5
1800 0.001473921530994949 90
1810 0.001481912316527026 90.5
1820 0.001490107974984214 91
1830 0.001498484091786004 91.5
1840 0.001507016546459133 92
1850 0.001515677959622289 92.5
1860 0.001524440639385771 93
1870 0.001533278542830245 93.5
1880 0.001542166334523229 94
1890 0.001551083355956636 94.5
1900 0.001560012163179705 95
1910 0.001568929963659535 95.5
1920 0.001577814567710878 96
1930 0.001586648868282561 96.5
1940 0.00159541862819955 97
1950 0.001604110727826344 97.5
1960 0.001612715759205579 98
1970 0.001621226993798869 98.5
1980 0.001629633131181904 99
1990 0.001637916967416112 99.5
2000 0.001646070384145467 100
2010 0.001654085450294887 100.5
2020 0.001661957823158765 101
2030 0.00166968617865816 101.5
2040 0.001677270821850021 102
2050 0.001684712750439558 102.5
2060 0.001692010248965096 103
2070 0.001699170023014892 103.5
2080 0.001706195568960569 104
2090 0.0017130868278392 104.5
2100 0.00171984510014752 105
2110 0.001726471596633378 105.5
2120 0.001732969564786018 106
2130 0.001739339689444152 106.5
2140 0.001745580302143171 107
2150 0.001751692468763391 107.5
2160 0.001757677501850589 108
2170 0.001763530881586449 108.5
2180 0.001769250292019783 109
2190 0.001774839163307512 109.5
2200 0.001780301323269247 110
2210 0.001785641600924557 110.5
2220 0.001790864106570944 111
2230 0.001795969857109924 111.5
2240 0.001800958898423935 112
2250 0.00180583172633912 112.5
2260 0.001810589224659718 113
2270 0.001815232008231168 113.5
2280 0.001819760582902705 114
2290 0.001824177814282834 114.5
2300 0.001828486663068851 115
2310 0.001832689700996336 115.5
2320 0.00183678890904661 116
2330 0.00184078811795233 116.5
2340 0.001844689576782409 117
2350 0.001848494508851295 117.5
2360 0.00185220420128209 118
2370 0.001855820226357038 118.5
2380 0.001859343075758888 119
2390 0.001862772088362079 119.5
2400 0.001866105707897699 120
2410 0.001869342747351144 120.5
2420 0.001872480722854412 121
2430 0.001875515931408382 121.5
2440 0.001878446626572746 122
2450 0.001881272091364013 122.5
2460 0.001883990916817149 123
2470 0.001886599293451729 123.5
2480 0.001889096329315336 124
2490 0.001891478878227072 124.5
2500 0.001893740657674745 125
2510 0.001895878502388406 125.5
2520 0.001897888472998018 126
2530 0.001899764890382436 126.5
2540 0.001901505078523511 127
2550 0.001903107411263587 127.5
2560 0.00190456848039148 128
2570 0.001905884350264722 128.5
2580 0.001907054912178355 129
2590 0.001908079571311829 129.5
2600 0.001908958564400371 130
2610 0.001909687829321822 130.5
2620 0.001910263602527164 131
2630 0.001910687648417442 131.5
2640 0.001910964242645743 132
2650 0.001911095534850958 132.5
2660 0.001911075708329709 133
2670 0.001910894874629244 133.5
2680 0.001910554559189623 134
2690 0.001910060181047858 134.5
2700 0.001909414108336287 135
2710 0.001908622964726473 135.5
2720 0.001907694441891259 136
2730 0.001906629485787504 136.5
2740 0.001905428980672034 137
2750 0.001904093747585314 137.5
2760 0.00190262447563193 138
2770 0.001901022697147763 138.5
2780 0.001899287212910435 139
2790 0.001897414924845863 139.5
2800 0.001895397154891666 140
2810 0.00189321695567814 140.5
2820 0.001890854585647967 141
2830 0.001888288943264698 141.5
2840 0.001885500400287684 142
2850 0.001882460632401011 142.5
2860 0.001879139838081094 143
2870 0.00187553419684482 143.5
2880 0.001871661516091224 144
2890 0.001867565034176932 144.5
2900 0.001863319281436256 145
2910 0.001859016860742272 145.5
2920 0.001854742053948299 146
2930 0.001850554431056444 146.5
2940 0.001846504996880688 147
2950 0.001842619415284689 147.5
2960 0.001838891918728526 148
2970 0.001835288982164245 148.5
2980 0.001831773722692944 149
2990 0.001828325975864219 149.5
3000 0.001824938996307027 150
3010 0.001821607023693682 150.5
3020 0.001818322160713837 151
3030 0.001815079632600163 151.5
3040 0.001811868741340843 152
3050 0.001808683790945881 152.5
3060 0.001805514680371009 153
3070 0.001802356526653758 153.5
3080 0.001799207844700317 154
3090 0.001796073317863222 154.5
3100 0.00179295998682354 155
3110 0.001789880791987024 155.5
3120 0.001786848737866033 156
3130 0.001783877976431376 156.5
3140 0.001780983731465654 157
3150 0.001778173522908325 157.5
3160 0.001775445693239442 158
3170 0.001772809559279401 158.5
3180 0.001770276422012648 159
3190 0.001767850142902316 159.5
3200 0.001765530785179181 160
3210 0.001763318644895145 160.5
3220 0.001761208799662336 161
3230 0.001759187730016851 161.5
3240 0.001757240386112882 162
3250 0.001755354311300229 162.5
3260 0.001753510839116148 163
3270 0.00175171852395043 163.5
3280 0.001749987838478916 164
3290 0.001748323532332978 164.5
3300 0.001746725030282106 165
3310 0.00174518914685828 165.5
3320 0.0017437062893618 166
3330 0.001742269382964293 166.5
3340 0.001740867282775696 167
3350 0.001739487899444779 167.5
3360 0.001738128869395371 168
3370 0.001736783364009317 168.5
3380 0.001735433480250532 169
3390 0.001734065459534675 169.5
3400 0.001732668143272915 170
3410 0.001731235076540066 170.5
3420 0.001729761251338203 171
3430 0.001728237815884972 171.5
3440 0.001726655969468186 172
3450 0.001725008396610519 172.5
3460 0.001723291613644308 173
3470 0.001721500319146394 173.5
3480 0.001719636543764269 174
3490 0.00171771371484161 174.5
3500 0.001715722997850276 175
3510 0.001713656650276584 175.5
3520 0.001711521869642837 176
3530 0.001709284580436906 176.5
3540 0.001706929831204386 177
3550 0.001704454857863042 177.5
3560 0.001701860531611832 178
3570 0.001699144075210597 178.5
3580 0.00169630604310985 179
3590 0.001693348636832523 179.5
3600 0.001690271604681267 180
3610 0.001687076321870985 180.5
3620 0.001683764339131722 181
3630 0.001680335105658167 181.5
3640 0.001676781491728155 182
3650 0.001673102811075246 182.5
3660 0.001669300579361179 183
3670 0.001665377215857222 183.5
3680 0.00166133639258689 184
3690 0.001657181721096192 184.5
3700 0.00165291643875132 185
3710 0.001648545622833373 185.5
3720 0.001644074789024744 186
3730 0.001639506712571815 186.5
3740 0.001634846640177073 187
3750 0.001630099938681019 187.5
3760 0.001625270619688204 188
3770 0.001620366718859499 188.5
3780 0.001615398229793064 189
3790 0.001610374010079464 189.5
3800 0.001605302972575033 190
3810 0.001600194577491476 190.5
3820 0.001595058687681298 191
3830 0.001589906233797992 191.5
3840 0.001584748850322673 192
3850 0.001579596899364595 192.5
3860 0.001574459956344195 193
3870 0.001569354136114385 193.5
3880 0.001564293752762815 194
3890 0.001559290050915252 194.5
3900 0.001554355708396176 195
3910 0.001549506832870444 195.5
3920 0.001544756391780522 196
3930 0.001540115528505885 196.5
3940 0.001535592218900297 197
3950 0.001531193783638172 197.5
3960 0.001526927759151938 198
3970 0.001522799492408682 198.5
3980 0.001518811739254933 199
3990 0.001514968523773909 199.5
4000 0.001511269101659522 200
4010 0.001507713711775244 200.5
4020 0.001504303354635877 201
4030 0.001501039359663862 201.5
4040 0.001497920745434006 202
4050 0.001494944978578924 202.5
4060 0.001492107753083179 203
4070 0.001489405181647693 203.5
4080 0.001486833668237326 204
4090 0.001484386858152738 204.5
4100 0.001482058817784472 205
4110 0.001479844362039962 205.5
4120 0.001477738881907039 206
4130 0.00147573748661529 206.5
4140 0.001473835039390422 207
4150 0.00147202581938786 207.5
4160 0.001470304804472446 208
4170 0.001468666717087265 208.5
4180 0.001467105737061866 209
4190 0.001465616842910751 209.5
4200 0.001464194035376406 210
4210 0.001462831718531716 210.5
4220 0.001461524398809106 211
4230 0.001460268581129997 211.5
4240 0.001459062190528337 212
4250 0.001457902064165468 212.5
4260 0.001456785510602799 213
4270 0.001455710970286137 213.5
4280 0.001454675567642355 214
4290 0.00145367704674889 214.5
4300 0.001452713541689371 215
4310 0.001451781281558709 215.5
4320 0.001450875932752918 216
4330 0.001449993708121278 216.5
4340 0.00144913036811843 217
4350 0.001448282536141236 217.5
4360 0.001447448008705998 218
4370 0.001446625644021095 218.5
4380 0.001445813983743837 219
4390 0.001445012194073668 219.5
4400 0.001444220393671986 220
4410 0.001443438798071144 220.5
4420 0.001442668147481845 221
4430 0.001441908234804479 221.5
4440 0.001441159459801368 222
4450 0.001440422221615271 222.5
4460 0.001439696367399163 223
4470 0.001438982693986611 223.5
4480 0.001438286694175765 224
4490 0.001437615068059614 224.5
4500 0.001436974378010943 225
4510 0.001436368146516897 225.5
4520 0.001435792631665977 226
4530 0.00143524588845332 226.5
4540 0.001434724025853075 227
4550 0.001434217124851757 227.5
4560 0.001433722654438355 228
4570 0.001433242499424308 228.5
4580 0.001432779043222089 229
4590 0.001432336536476013 229.5
4600 0.001431919327107102 230
4610 0.001431532481149457 230.5
4620 0.001431181182539683 231
4630 0.001430869681303814 231.5
4640 0.001430599932132987 232
4650 0.001430372448305121 232.5
4660 0.001430189649037371 233
4670 0.001430052777241863 233.5
4680 0.001429961708118007 234
4690 0.001429916616655567 234.5
4700 0.001429917729473148 235
4710 0.001429964977752879 235.5
4720 0.001430058451810645 236
4730 0.001430198346046336 236.5
4740 0.001430385977923743 237
4750 0.001430622111036427 237.5
4760 0.001430906535668404 238
4770 0.001431238663896359 238.5
4780 0.001431618108536364 239
4790 0.001432045645571448 239.5
4800 0.001432522332705432 240
4810 0.001433047218623229 240.5
4820 0.001433619528343068 241
4830 0.001434237868186055 241.5
4840 0.001434900346870439 242
4850 0.001435606629800166 242.5
4860 0.001436357567849734 243
4870 0.00143715173099577 243.5
4880 0.001437985542960053 244
4890 0.001438860103854992 244.5
4900 0.001439775271613626 245
4910 0.001440730759891056 245.5
4920 0.001441727432499716 246
4930 0.001442764285175602 246.5
4940 0.001443840446837076 247
4950 0.001444955658285477 247.5
4960 0.001446108589532968 248
4970 0.001447298191978791 248.5
4980 0.00144852402171106 249
4990 0.001449785463682547 249.5
5000 0.001451082337764106 250
5010 0.001452410935217401 250.5
5020 0.001453768101520702 251
5030 0.001455151356446913 251.5
5040 0.001456558999407421 252
5050 0.001457988019231298 252.5
5060 0.001459435265725411 253
5070 0.001460897085423635 253.5
5080 0.001462369604788002 254
5090 0.001463847979051399 254.5
5100 0.001465329184764715 255
5110 0.001466815447655213 255.5
5120 0.001468305921572947 256
5130 0.001469797941910167 256.5
5140 0.001471289037147952 257
5150 0.001472775205361003 257.5
5160 0.001474252881896284 258
5170 0.001475719752637826 258.5
5180 0.001477174121337773 259
5190 0.001478614948893963 259.5
5200 0.001480041211792284 260
5210 0.001481452909802952 260.5
5220 0.00148285013196392 261
5230 0.001484233821444757 261.5
5240 0.001485603835812674 262
5250 0.001486958717538489 262.5
5260 0.001488297530135862 263
5270 0.00148961964594281 263.5
5280 0.001490923991925487 264
5290 0.001492209312182408 264.5
5300 0.001493475497901929 265
5310 0.001494722497812659 265.5
5320 0.001495949614043291 266
5330 0.001497155957936012 266.5
5340 0.001498340503315939 267
5350 0.001499502631793869 267.5
5360 0.001500642098783617 268
5370 0.001501758477516885 268.5
5380 0.001502851202289697 269
5390 0.001503919466620692 269.5
5400 0.001504962564092535 270
5410 0.00150597998729082 270.5
5420 0.001506971221524223 271
5430 0.001507935675130393 271.5
5440 0.001508872749884152 272
5450 0.00150978162111236 272.5
5460 0.001510661462489319 273
5470 0.001511511453881706 273.5
5480 0.001512330993248045 274
5490 0.001513119424445545 274.5
5500 0.001513876311166181 275
5510 0.001514601270817292 275.5
5520 0.001515294014352177 276
5530 0.001515954372893809 276.5
5540 0.001516582472667702 277
5550 0.001517178168342505 277.5
5560 0.001517741198588963 278
5570 0.001518271294573417 278.5
5580 0.001518768372609651 279
5590 0.001519232475595629 279.5
5600 0.001519663620266391 280
5610 0.001520061613493443 280.5
5620 0.001520426350094058 281
5630 0.001520758085251473 281.5
5640 0.001521057153266898 282
5650 0.00152132384307849 282.5
5660 0.001521558459938934 283
5670 0.001521761294908871 283.5
5680 0.001521932988498598 284
5690 0.001522073979615909 284.5
5700 0.001522184826324928 285
5710 0.001522266429608672 285.5
5720 0.001522319433092575 286
5730 0.001522344190695851 286.5
5740 0.001522341023270358 287
5750 0.001522310063120125 287.5
5760 0.00152225152867629 288
5770 0.001522165847705356 288.5
5780 0.001522053280199604 289
5790 0.001521914413225648 289.5
5800 0.001521750083102703 290
5810 0.00152156133644645 290.5
5820 0.001521349107259295 291
5830 0.001521113930295515 291.5
5840 0.001520855517949864 292
5850 0.001520573672355427 292.5
5860 0.001520268442995417 293
5870 0.001519940023265003 293.5
5880 0.00151958854063538 294
5890 0.001519214399236326 294.5
5900 0.001518818001418768 295
5910 0.001518399720730654 295.5
5920 0.001517960135448482 296
5930 0.001517500019724818 296.5
5940 0.001517020220023927 297
5950 0.001516521504093958 297.5
5960 0.001516004656636681 298
5970 0.001515470536372904 298.5
5980 0.00151491999449289 299
5990 0.001514353117349009 299.5
6000 0.001513768801093396 300
