0 0.127451628446579 0
10 0.1297274529933929 0.5
20 0.1294937580823898 1
30 0.1293354034423828 1.5
40 0.1292241662740707 2
50 0.1291429102420807 2.5
60 0.1290843635797501 3
70 0.1290445476770401 3.5
80 0.1290201246738434 4
90 0.1290081292390823 4.5
100 0.1290034204721451 5
110 0.1290010511875153 5.5
120 0.1289966702461243 6
130 0.1289865076541901 6.5
140 0.1289680451154709 7
150 0.1289401650428772 7.5
160 0.1289034783840179 8
170 0.12886081635952 8.5
180 0.1288139075040817 9
190 0.1287659406661987 9.5
200 0.1287199854850769 10
210 0.1286792755126953 10.5
220 0.1286462694406509 11
230 0.1286222338676453 11.5
240 0.1286077499389648 12
250 0.1286028176546097 12.5
260 0.1286063194274902 13
270 0.1286180466413498 13.5
280 0.1286356151103973 14
290 0.1286583989858627 14.5
300 0.1286832541227341 15
310 0.1287070959806442 15.5
320 0.1287111192941666 16
330 0.1287053823471069 16.5
340 0.1286978423595428 17
350 0.1286872923374176 17.5
360 0.1286655217409134 18
370 0.1286284178495407 18.5
380 0.1285790354013443 19
390 0.1285083889961243 19.5
400 0.1284088492393494 20
410 0.1282823234796524 20.5
420 0.1281375586986542 21
430 0.1279783695936203 21.5
440 0.1278068423271179 22
450 0.1276227235794067 22.5
460 0.1274339705705643 23
470 0.1272537708282471 23.5
480 0.1270832568407059 24
490 0.1269260197877884 24.5
500 0.1267808079719543 25
510 0.1266519278287888 25.5
520 0.1265159845352173 26
530 0.1263574510812759 26.5
540 0.1262819916009903 27
550 0.1267531663179398 27.5
560 0.1271774172782898 28
570 0.1275598257780075 28.5
580 0.1279460489749908 29
590 0.1282672137022018 29.5
600 0.1285290420055389 30
610 0.1286762356758118 30.5
620 0.1287643909454346 31
630 0.1287181377410889 31.5
640 0.1284944862127304 32
650 0.1281025409698486 32.5
660 0.1279166638851166 33
670 0.1278117448091507 33.5
680 0.1274466067552567 34
690 0.1275037825107574 34.5
700 0.127362072467804 35
710 0.1270460188388824 35.5
720 0.1265486776828766 36
730 0.1265616416931152 36.5
740 0.1266575753688812 37
750 0.1266510635614395 37.5
760 0.1265364736318588 38
770 0.1263621747493744 38.5
780 0.1260652244091034 39
790 0.1260326355695724 39.5
800 0.1259974539279938 40
810 0.1258634924888611 40.5
820 0.1256092488765717 41
830 0.1252665519714355 41.5
840 0.124986857175827 42
850 0.1247408464550972 42.5
860 0.1245075091719627 43
870 0.1245473995804787 43.5
880 0.1245909929275513 44
890 0.1246377155184746 44.5
900 0.1246864646673203 45
910 0.1250751465559006 45.5
920 0.1257191449403763 46
930 0.1264290809631348 46.5
940 0.1271363645792007 47
950 0.1277246177196503 47.5
960 0.1283338069915771 48
970 0.1289031505584717 48.5
980 0.1293771862983704 49
990 0.1298522651195526 49.5
1000 0.1304356008768082 50
1010 0.1310250014066696 50.5
1020 0.1315549910068512 51
1030 0.1320427358150482 51.5
1040 0.1324668079614639 52
1050 0.1328428238630295 52.5
1060 0.1331789642572403 53
1070 0.1334417164325714 53.5
1080 0.1336488425731659 54
1090 0.1337888389825821 54.5
1100 0.1338844150304794 55
1110 0.1339425593614578 55.5
1120 0.1339641958475113 56
1130 0.1339548379182816 56.5
1140 0.1339185833930969 57
1150 0.1338576078414917 57.5
1160 0.1337731927633286 58
1170 0.1336716860532761 58.5
1180 0.1335513889789581 59
1190 0.1334077268838882 59.5
1200 0.1332381069660187 60
1210 0.1330422908067703 60.5
1220 0.1328305155038834 61
1230 0.1326085776090622 61.5
1240 0.1323726028203964 62
1250 0.13212651014328 62.5
1260 0.1318777352571487 63
1270 0.131632000207901 63.5
1280 0.1313951313495636 64
1290 0.1311797499656677 64.5
1300 0.1309898197650909 65
1310 0.1308244466781616 65.5
1320 0.1306857764720917 66
1330 0.1305577307939529 66.5
1340 0.1304440945386887 67
1350 0.1303482353687286 67.5
1360 0.1302695423364639 68
1370 0.1302056312561035 68.5
1380 0.1301510334014893 69
1390 0.1301054805517197 69.5
1400 0.1300679892301559 70
1410 0.1300380229949951 70.5
1420 0.1300156116485596 71
1430 0.1299984157085419 71.5
1440 0.1299865692853928 72
1450 0.1299796998500824 72.5
1460 0.129974752664566 73
1470 0.1299725621938705 73.5
1480 0.1299713551998138 74
1490 0.129978358745575 74.5
1500 0.1299862563610077 75
1510 0.1299963891506195 75.5
1520 0.1300078928470612 76
1530 0.13002048432827 76.5
1540 0.1300377249717712 77
1550 0.1300525665283203 77.5
1560 0.1300683319568634 78
1570 0.1300792694091797 78.5
1580 0.1300882548093796 79
1590 0.1301034688949585 79.5
1600 0.130116730928421 80
1610 0.1301306188106537 80.5
1620 0.1301443576812744 81
1630 0.1301582604646683 81.5
1640 0.1301707029342651 82
1650 0.1301822662353516 82.5
1660 0.1301904618740082 83
1670 0.130196288228035 83.5
1680 0.1302000135183334 84
1690 0.1302013397216797 84.5
1700 0.130201518535614 85
1710 0.1302000731229782 85.5
1720 0.1301967799663544 86
1730 0.1301921308040619 86.5
1740 0.1301887035369873 87
1750 0.1301862597465515 87.5
1760 0.1301845610141754 88
1770 0.1301829963922501 88.5
1780 0.1301811188459396 89
1790 0.1301795691251755 89.5
1800 0.1301830857992172 90
1810 0.1301871538162231 90.5
1820 0.1301890462636948 91
1830 0.1301946192979813 91.5
1840 0.1302028298377991 92
1850 0.1302154958248138 92.5
1860 0.1302321255207062 93
1870 0.1302574872970581 93.5
1880 0.1302850395441055 94
1890 0.1303047835826874 94.5
1900 0.1303330808877945 95
1910 0.1303426027297974 95.5
1920 0.1303311586380005 96
1930 0.1303222328424454 96.5
1940 0.1303122192621231 97
1950 0.1303088515996933 97.5
1960 0.1303026527166367 98
1970 0.1302986592054367 98.5
1980 0.1302943825721741 99
1990 0.1302909106016159 99.5
2000 0.1302873939275742 100
2010 0.1302841305732727 100.5
2020 0.130280926823616 101
2030 0.1302780956029892 101.5
2040 0.1302754133939743 102
2050 0.13027124106884 102.5
2060 0.1302676796913147 103
2070 0.1302664577960968 103.5
2080 0.1302569061517715 104
2090 0.1302532255649567 104.5
2100 0.130242720246315 105
2110 0.1302396655082703 105.5
2120 0.1302285045385361 106
2130 0.1302192211151123 106.5
2140 0.1302123367786407 107
2150 0.130201980471611 107.5
2160 0.1301929652690887 108
2170 0.1301824301481247 108.5
2180 0.1301778554916382 109
2190 0.1301652640104294 109.5
2200 0.1301557868719101 110
2210 0.1301472187042236 110.5
2220 0.1301375776529312 111
2230 0.1301238387823105 111.5
2240 0.1300931870937347 112
2250 0.1300556808710098 112.5
2260 0.1300127804279327 113
2270 0.1299654841423035 113.5
2280 0.1299169659614563 114
2290 0.1298690289258957 114.5
2300 0.1298267990350723 115
2310 0.1297930777072906 115.5
2320 0.1297676116228104 116
2330 0.1297475546598434 116.5
2340 0.1297318637371063 117
2350 0.1297160089015961 117.5
2360 0.1297036558389664 118
2370 0.1296923607587814 118.5
2380 0.1296811997890472 119
2390 0.1296701580286026 119.5
2400 0.1296592950820923 120
2410 0.129648894071579 120.5
2420 0.1296383142471313 121
2430 0.1296316534280777 121.5
2440 0.1296218782663345 122
2450 0.1296109855175018 122.5
2460 0.1295968741178513 123
2470 0.1295920312404633 123.5
2480 0.1295855641365051 124
2490 0.1295782327651978 124.5
2500 0.1295717358589172 125
2510 0.1295651495456696 125.5
2520 0.1295568346977234 126
2530 0.1295529454946518 126.5
2540 0.1295472681522369 127
2550 0.1295394003391266 127.5
2560 0.1295299828052521 128
2570 0.1295198351144791 128.5
2580 0.1295099258422852 129
2590 0.1295008957386017 129.5
2600 0.1294913291931152 130
2610 0.1294807642698288 130.5
2620 0.1294736266136169 131
2630 0.1294697970151901 131.5
2640 0.1294666230678558 132
2650 0.1294658631086349 132.5
2660 0.1294682770967484 133
2670 0.1294764876365662 133.5
2680 0.1294980645179749 134
2690 0.1295265406370163 134.5
2700 0.1295597702264786 135
2710 0.1296063214540482 135.5
2720 0.1296368837356567 136
2730 0.1296398490667343 136.5
2740 0.1296463310718536 137
2750 0.1296542286872864 137.5
2760 0.1296653598546982 138
2770 0.1296813637018204 138.5
2780 0.1296997368335724 139
2790 0.1297212392091751 139.5
2800 0.1297396719455719 140
2810 0.1297775208950043 140.5
2820 0.1298340409994125 141
2830 0.1298893690109253 141.5
2840 0.1298432797193527 142
2850 0.1298606693744659 142.5
2860 0.1299214512109756 143
2870 0.1299814283847809 143.5
2880 0.1300405561923981 144
2890 0.1301021575927734 144.5
2900 0.1301636248826981 145
2910 0.1302290856838226 145.5
2920 0.1302997320890427 146
2930 0.1303752362728119 146.5
2940 0.1304518431425095 147
2950 0.130530446767807 147.5
2960 0.1306101679801941 148
2970 0.1306953281164169 148.5
2980 0.1307839006185532 149
2990 0.1308820992708206 149.5
3000 0.1309784799814224 150
3010 0.1310726255178452 150.5
3020 0.1311717331409454 151
3030 0.1312721222639084 151.5
3040 0.131381630897522 152
3050 0.1314970105886459 152.5
3060 0.1315785050392151 153
3070 0.1316589713096619 153.5
3080 0.1317442357540131 154
3090 0.1318284273147583 154.5
3100 0.1319170743227005 155
3110 0.1320112943649292 155.5
3120 0.1321013420820236 156
3130 0.1321940273046494 156.5
3140 0.1322889775037766 157
3150 0.1323791146278381 157.5
3160 0.1324688047170639 158
3170 0.1325536668300629 158.5
3180 0.1326363682746887 159
3190 0.1327160894870758 159.5
3200 0.1327925771474838 160
3210 0.1328634023666382 160.5
3220 0.1329302489757538 161
3230 0.1329959481954575 161.5
3240 0.1330602765083313 162
3250 0.1331185847520828 162.5
3260 0.1331789791584015 163
3270 0.1332396119832993 163.5
3280 0.1332988739013672 164
3290 0.1333563774824142 164.5
3300 0.1334131360054016 165
3310 0.1334696263074875 165.5
3320 0.1335254013538361 166
3330 0.1335813701152802 166.5
3340 0.133637011051178 167
3350 0.1336922198534012 167.5
3360 0.1337456107139587 168
3370 0.1337989866733551 168.5
3380 0.1338527649641037 169
3390 0.1339074820280075 169.5
3400 0.1339628100395203 170
3410 0.1340185850858688 170.5
3420 0.1340750008821487 171
3430 0.1341321617364883 171.5
3440 0.1341901123523712 172
3450 0.1342486441135406 172.5
3460 0.1343084424734116 173
3470 0.1343693435192108 173.5
3480 0.1344305276870728 174
3490 0.1344919949769974 174.5
3500 0.1345537006855011 175
3510 0.1346190273761749 175.5
3520 0.1346831917762756 176
3530 0.1347481161355972 176.5
3540 0.1348134726285934 177
3550 0.1348805278539658 177.5
3560 0.1349475234746933 178
3570 0.1350141614675522 178.5
3580 0.1350799053907394 179
3590 0.1351457238197327 179.5
3600 0.1352108120918274 180
3610 0.1352748721837997 180.5
3620 0.1353375464677811 181
3630 0.1353985369205475 181.5
3640 0.1354594230651855 182
3650 0.1355199962854385 182.5
3660 0.1355798989534378 183
3670 0.1356399655342102 183.5
3680 0.135700598359108 184
3690 0.1357609033584595 184.5
3700 0.1358211934566498 185
3710 0.1358814984560013 185.5
3720 0.1359429657459259 186
3730 0.1360064297914505 186.5
3740 0.136070728302002 187
3750 0.136136993765831 187.5
3760 0.1362036466598511 188
3770 0.136270672082901 188.5
3780 0.1363374888896942 189
3790 0.136403813958168 189.5
3800 0.136470764875412 190
3810 0.1365377902984619 190.5
3820 0.1366051435470581 191
3830 0.1366723775863647 191.5
3840 0.136738583445549 192
3850 0.136803612112999 192.5
3860 0.1368669718503952 193
3870 0.1369292736053467 193.5
3880 0.1369901150465012 194
3890 0.1370490044355392 194.5
3900 0.1371066570281982 195
3910 0.1371619999408722 195.5
3920 0.1372148990631104 196
3930 0.1372643560171127 196.5
3940 0.1373110264539719 197
3950 0.1373533755540848 197.5
3960 0.1373934149742126 198
3970 0.1374290287494659 198.5
3980 0.1374619752168655 199
3990 0.1374917030334473 199.5
4000 0.1375178396701813 200
4010 0.1375411003828049 200.5
4020 0.1375613659620285 201
4030 0.1375793963670731 201.5
4040 0.1375942528247833 202
4050 0.1376062631607056 202.5
4060 0.1376157701015472 203
4070 0.1376228630542755 203.5
4080 0.1376281529664993 204
4090 0.1376320868730545 204.5
4100 0.1376349776983261 205
4110 0.1376371085643768 205.5
4120 0.1376384496688843 206
4130 0.1376387476921082 206.5
4140 0.1376385241746902 207
4150 0.137639582157135 207.5
4160 0.1376376897096634 208
4170 0.1376351118087769 208.5
4180 0.1376315355300903 209
4190 0.1376283168792725 209.5
4200 0.137624055147171 210
4210 0.1376201957464218 210.5
4220 0.1376154571771622 211
4230 0.1376084834337234 211.5
4240 0.1376043260097504 212
4250 0.1375993192195892 212.5
4260 0.1375939548015594 213
4270 0.1375865489244461 213.5
4280 0.1375816017389297 214
4290 0.1375731378793716 214.5
4300 0.137567400932312 215
4310 0.1375604271888733 215.5
4320 0.1375534385442734 216
4330 0.1375465542078018 216.5
4340 0.1375387161970139 217
4350 0.1375312358140945 217.5
4360 0.1375236511230469 218
4370 0.1375155597925186 218.5
4380 0.1375073194503784 219
4390 0.1374989300966263 219.5
4400 0.1374908983707428 220
4410 0.1374827176332474 220.5
4420 0.137475311756134 221
4430 0.1374682039022446 221.5
4440 0.1374612301588058 222
4450 0.1374553740024567 222.5
4460 0.137447327375412 223
4470 0.1374392956495285 223.5
4480 0.1374329626560211 224
4490 0.137425422668457 224.5
4500 0.1374181360006332 225
4510 0.1374091058969498 225.5
4520 0.1373991817235947 226
4530 0.137389212846756 226.5
4540 0.1373761892318726 227
4550 0.137365847826004 227.5
4560 0.1373551785945892 228
4570 0.1373445391654968 228.5
4580 0.1373334527015686 229
4590 0.1373226493597031 229.5
4600 0.1373101770877838 230
4610 0.1372993290424347 230.5
4620 0.1372904181480408 231
4630 0.1372813433408737 231.5
4640 0.1372721046209335 232
4650 0.1372652649879456 232.5
4660 0.137257993221283 233
4670 0.137253150343895 233.5
4680 0.1372471302747726 234
4690 0.137243241071701 234.5
4700 0.1372399479150772 235
4710 0.1372397094964981 235.5
4720 0.1372371762990952 236
4730 0.1372376680374146 236.5
4740 0.1372401714324951 237
4750 0.1372417658567429 237.5
4760 0.1372465491294861 238
4770 0.1372488439083099 238.5
4780 0.1372528374195099 239
4790 0.1372553110122681 239.5
4800 0.1372594386339188 240
4810 0.1372639834880829 240.5
4820 0.137269914150238 241
4830 0.1372736245393753 241.5
4840 0.137279599905014 242
4850 0.1372840255498886 242.5
4860 0.1372884809970856 243
4870 0.1372931599617004 243.5
4880 0.1372978240251541 244
4890 0.1373019218444824 244.5
4900 0.1373067796230316 245
4910 0.1373107731342316 245.5
4920 0.1373142004013062 246
4930 0.1373182088136673 246.5
4940 0.137320950627327 247
4950 0.1373263150453568 247.5
4960 0.1373294293880463 248
4970 0.137332484126091 248.5
4980 0.1373352706432343 249
4990 0.1373379975557327 249.5
5000 0.1373403817415237 250
5010 0.1373424082994461 250.5
5020 0.1373446732759476 251
5030 0.1373465955257416 251.5
5040 0.1373491138219833 252
5050 0.1373515278100967 252.5
5060 0.1373529583215714 253
5070 0.1373556852340698 253.5
5080 0.1373575925827026 254
5090 0.1373593360185623 254.5
5100 0.1373607665300369 255
5110 0.1373620927333832 255.5
5120 0.1373633742332458 256
5130 0.1373632848262787 256.5
5140 0.1373660862445831 257
5150 0.1373673528432846 257.5
5160 0.1373693346977234 258
5170 0.1373708993196487 258.5
5180 0.137372612953186 259
5190 0.1373748481273651 259.5
5200 0.1373769789934158 260
5210 0.1373792290687561 260.5
5220 0.1373815387487411 261
5230 0.1373838931322098 261.5
5240 0.1373865306377411 262
5250 0.1373894512653351 262.5
5260 0.1373926550149918 263
5270 0.1373962461948395 263.5
5280 0.1374003142118454 264
5290 0.1374047249555588 264.5
5300 0.1374094933271408 265
5310 0.1374144554138184 265.5
5320 0.1374196410179138 266
5330 0.1374250650405884 266.5
5340 0.1374306976795197 267
5350 0.1374365091323853 267.5
5360 0.1374424993991852 268
5370 0.1374486535787582 268.5
5380 0.1374548673629761 269
5390 0.1374610811471939 269.5
5400 0.1374674737453461 270
5410 0.1374740749597549 270.5
5420 0.1374808549880981 271
5430 0.1374877989292145 271.5
5440 0.1374949067831039 272
5450 0.1375032812356949 272.5
5460 0.1375094950199127 273
5470 0.1375168859958649 273.5
5480 0.1375249028205872 274
5490 0.1375323832035065 274.5
5500 0.1375413835048676 275
5510 0.1375495493412018 275.5
5520 0.1375578492879868 276
5530 0.1375671774148941 276.5
5540 0.1375765204429626 277
5550 0.1375856995582581 277.5
5560 0.1375954002141953 278
5570 0.1376058608293533 278.5
5580 0.1376134157180786 279
5590 0.1376245319843292 279.5
5600 0.1376361101865768 280
5610 0.1376454383134842 280.5
5620 0.1376560926437378 281
5630 0.1376668363809586 281.5
5640 0.1376779675483704 282
5650 0.1376888453960419 282.5
5660 0.1376993209123611 283
5670 0.1377108097076416 283.5
5680 0.1377220153808594 284
5690 0.1377331614494324 284.5
5700 0.1377443969249725 285
5710 0.1377556324005127 285.5
5720 0.1377675980329514 286
5730 0.1377797573804855 286.5
5740 0.1377918869256973 287
5750 0.1378055065870285 287.5
5760 0.1378167867660522 288
5770 0.1378288567066193 288.5
5780 0.1378427445888519 289
5790 0.1378558129072189 289.5
5800 0.137869194149971 290
5810 0.1378826797008514 290.5
5820 0.1378962993621826 291
5830 0.137910008430481 291.5
5840 0.1379237622022629 292
5850 0.1379375606775284 292.5
5860 0.1379513591527939 293
5870 0.137965127825737 293.5
5880 0.1379789710044861 294
5890 0.1379928886890411 294.5
5900 0.1380068808794022 295
5910 0.1380209028720856 295.5
5920 0.1380348950624466 296
5930 0.1380488723516464 296.5
5940 0.1380627453327179 297
5950 0.1380765289068222 297.5
5960 0.138090193271637 298
5970 0.1381036937236786 298.5
5980 0.1381170153617859 299
5990 0.1381302177906036 299.5
6000 0.1381432265043259 300
