0 0 0
10 1.78256729850853e-104 0.5
20 2.6328836969033e-286 1
30 4.328987587607347e-34 1.5
40 3.036940044955637e-29 2
50 1.285163935722556e-24 2.5
60 2.211251369086606e-21 3
70 1.671883623328946e-19 3.5
80 1.329739649975064e-18 4
90 5.639605976509192e-18 4.5
100 1.655769598309386e-17 5
110 3.745252163283929e-17 5.5
120 1.054433163818041e-15 6
130 1.053115983112159e-14 6.5
140 5.195396028812358e-14 7
150 2.132200460880199e-13 7.5
160 8.334278281094785e-13 8
170 2.98357755291614e-12 8.5
180 1.040832598829762e-11 9
190 3.975910086719854e-11 9.5
200 1.53384788542831e-10 10
210 5.564169985764236e-10 10.5
220 1.77311414238888e-09 11
230 4.827483214335322e-09 11.5
240 1.13306757271712e-08 12
250 2.313111423041516e-08 12.5
260 4.183386055502017e-08 13
270 6.836625847244552e-08 13.5
280 1.027376353097542e-07 14
290 1.443222140910207e-07 14.5
300 1.924119333372725e-07 15
310 2.471216548763093e-07 15.5
320 3.100848931348993e-07 16
330 3.851485168120392e-07 16.5
340 4.799599885339218e-07 17
350 6.061788185921814e-07 17.5
360 7.802963187468464e-07 18
370 1.022976935401205e-06 18.5
380 1.364152702203502e-06 19
390 1.846242798992792e-06 19.5
400 2.529124591664252e-06 20
410 3.49086535247604e-06 20.5
420 4.828058853861644e-06 21
430 6.653967082955054e-06 21.5
440 9.102056851704925e-06 22
450 1.232353372722342e-05 22.5
460 1.649606571836924e-05 23
470 2.182224876145579e-05 23.5
480 2.852338757712612e-05 24
490 3.683147858141669e-05 24.5
500 4.69864739963323e-05 25
510 5.922668264430796e-05 25.5
520 7.375409394781701e-05 26
530 9.073122364946782e-05 26.5
540 0.0001102747459245943 27
550 0.0001324542056921586 27.5
560 0.0001572762321414515 28
570 0.0001847486742007422 28.5
580 0.0002148169634338611 29
590 0.0002473832989677995 29.5
600 0.0002823052727568304 30
610 0.000319420493748591 30.5
620 0.0003584647458135377 31
630 0.0003990898622057082 31.5
640 0.0004409169601842804 32
650 0.0004836555158524889 32.5
660 0.0005270568107208151 33
670 0.0005708305661532385 33.5
680 0.0006146686744680685 34
690 0.0006581968609370458 34.5
700 0.0007010554820864106 35
710 0.000742932594492217 35.5
720 0.0007835272403704018 36
730 0.0008224480952772918 36.5
740 0.0008594286252436036 37
750 0.0008944886568201236 37.5
760 0.0009278384453762188 38
770 0.0009596958060808104 38.5
780 0.0009903213790276302 39
790 0.001019911637090649 39.5
800 0.001048610767167891 40
810 0.001076643681518793 40.5
820 0.001104231678018916 41
830 0.001131507122003786 41.5
840 0.001158667563569007 42
850 0.00118612924043216 42.5
860 0.001214299347918587 43
870 0.00124338276153607 43.5
880 0.001273312748332383 44
890 0.001304044298876579 44.5
900 0.001335520612434088 45
910 0.001367701864373782 45.5
920 0.001400465235452758 46
930 0.00143371184989469 46.5
940 0.001467496436313185 47
950 0.001501967703157173 47.5
960 0.001537213280380492 48
970 0.001573183538155817 48.5
980 0.001609260092112123 49
990 0.001644864496853104 49.5
1000 0.001679545199379379 50
1010 0.001712733242137939 50.5
1020 0.001743830097705418 51
1030 0.00177249828826987 51.5
1040 0.001798638776546745 52
1050 0.001822609721057562 52.5
1060 0.001845313420065059 53
1070 0.001867719640462682 53.5
1080 0.001890883647401092 54
1090 0.001915544266066767 54.5
1100 0.001942049503125415 55
1110 0.00197059520711004 55.5
1120 0.002001259758948995 56
1130 0.002034196427966983 56.5
1140 0.002069454494051617 57
1150 0.002106828274970153 57.5
1160 0.002146003233447762 58
1170 0.002186618236026768 58.5
1180 0.002228350232003445 59
1190 0.002270935156926001 59.5
1200 0.002314198865840581 60
1210 0.002357992850034149 60.5
1220 0.00240218485370936 61
1230 0.002446678126566901 61.5
1240 0.002491314010948974 62
1250 0.002535917466079796 62.5
1260 0.002580342709244569 63
1270 0.002624491969406708 63.5
1280 0.002668276047400422 64
1290 0.002711559185012075 64.5
1300 0.002754229791805412 65
1310 0.002796161381466719 65.5
1320 0.002837232411595827 66
1330 0.002877316397493111 66.5
1340 0.002916352927649852 67
1350 0.002954304986458142 67.5
1360 0.002991124943549869 68
1370 0.00302676342098148 68.5
1380 0.003061167790636946 69
1390 0.003094331897973672 69.5
1400 0.003126304860399921 70
1410 0.003157052650304522 70.5
1420 0.00318653949066751 71
1430 0.003214716474738069 71.5
1440 0.003241560421159019 72
1450 0.003267062702766717 72.5
1460 0.003291212596183805 73
1470 0.003313992251036116 73.5
1480 0.003335419669697413 74
1490 0.003355528703813102 74.5
1500 0.003374382140458581 75
1510 0.003392060227650002 75.5
1520 0.003408645139487511 76
1530 0.003424215058528729 76.5
1540 0.003438850465677039 77
1550 0.003452638628958831 77.5
1560 0.003465681628175138 78
1570 0.003478069348587975 78.5
1580 0.003489901585320733 79
1590 0.003501288245244896 79.5
1600 0.003512335227905945 80
1610 0.003523143593012868 80.5
1620 0.003533809513296223 81
1630 0.003544423914031238 81.5
1640 0.003555080025808624 82
1650 0.00356586308841594 82.5
1660 0.003576850189074849 83
1670 0.003588125997159799 83.5
1680 0.003599785009631855 84
1690 0.003611910790997374 84.5
1700 0.003624580280217731 85
1710 0.003637861517647126 85.5
1720 0.003651817740391566 86
1730 0.003666507314214387 86.5
1740 0.003681969376031606 87
1750 0.003698224812341669 87.5
1760 0.00371527443646361 88
1770 0.003733100652304519 88.5
1780 0.003751674574515697 89
1790 0.003770967729190401 89.5
1800 0.003790926824401769 90
1810 0.003811479128296226 90.5
1820 0.003832558365443957 91
1830 0.003854101741533181 91.5
1840 0.003876047218696081 92
1850 0.00389832437715191 92.5
1860 0.003920861993348211 93
1870 0.003943593084885027 93.5
1880 0.003966452489018899 94
1890 0.003989387072057963 94.5
1900 0.004012351968153208 95
1910 0.004035288554900015 95.5
1920 0.004058139760418186 96
1930 0.004080861585364601 96.5
1940 0.004103417411718829 97
1950 0.0041257734957726 97.5
1960 0.004147905640255447 98
1970 0.004169796539363693 98.5
1980 0.004191417128401048 99
1990 0.004212723158829964 99.5
2000 0.004233693750235175 100
2010 0.004254308503888092 100.5
2020 0.004274556250347988 101
2030 0.004294433584083245 101.5
2040 0.004313941289700474 102
2050 0.004333081933297908 102.5
2060 0.004351851102707367 103
2070 0.00437026604470479 103.5
2080 0.004388335751959528 104
2090 0.004406060072818907 104.5
2100 0.004423442352161097 105
2110 0.004440485704030096 105.5
2120 0.004457198480969668 106
2130 0.00447358244438528 106.5
2140 0.004489633302985224 107
2150 0.004505353798214142 107.5
2160 0.004520747305940346 108
2170 0.004535802201189149 108.5
2180 0.004550512527333073 109
2190 0.004564887106737228 109.5
2200 0.004578935784555332 110
2210 0.004592670981027835 110.5
2220 0.004606103267841716 111
2230 0.00461923526046812 111.5
2240 0.004632067076916697 112
2250 0.004644599992452505 112.5
2260 0.004656836280220433 113
2270 0.004668777521603224 113.5
2280 0.004680425017645328 114
2290 0.004691786138693079 114.5
2300 0.004702868499661222 115
2310 0.004713678715054796 115.5
2320 0.004724221879958627 116
2330 0.004734507847018791 116.5
2340 0.004744542400841517 117
2350 0.004754328687792106 117.5
2360 0.004763870018351737 118
2370 0.004773170436431035 118.5
2380 0.004782231206638241 119
2390 0.004791050628558127 119.5
2400 0.004799624699466367 120
2410 0.004807950366360878 120.5
2420 0.004816021240732069 121
2430 0.004823827798464578 121.5
2440 0.004831365547713162 122
2450 0.004838632644395975 122.5
2460 0.004845625464654325 123
2470 0.004852334210502888 123.5
2480 0.004858756587839659 124
2490 0.004864884504685986 124.5
2500 0.004870701802417757 125
2510 0.004876200339959271 125.5
2520 0.004881369985249068 126
2530 0.00488619613158507 126.5
2540 0.004890671896247423 127
2550 0.00489479309675792 127.5
2560 0.004898550967195904 128
2570 0.00490193538508722 128.5
2580 0.004904946070842669 129
2590 0.004907581494583533 129.5
2600 0.00490984226519292 130
2610 0.004911717934890857 130.5
2620 0.004913198823827616 131
2630 0.004914289470043463 131.5
2640 0.004915000870520009 132
2650 0.004915338554129427 132.5
2660 0.004915287560308075 133
2670 0.004914822455951138 133.5
2680 0.004913947164491119 134
2690 0.004912675623693592 134.5
2700 0.004911013924395967 135
2710 0.004908979102684411 135.5
2720 0.004906590941544851 136
2730 0.004903851873978745 136.5
2740 0.004900764174295035 137
2750 0.004897329954210157 137.5
2760 0.004893550986101411 138
2770 0.004889431211137354 138.5
2780 0.004884967544917502 139
2790 0.004880152019193956 139.5
2800 0.004874962313986467 140
2810 0.004869354840652715 140.5
2820 0.00486327882389862 141
2830 0.004856679990563178 141.5
2840 0.004849507856802825 142
2850 0.004841689572464605 142.5
2860 0.00483314848801678 143
2870 0.00482387477717511 143.5
2880 0.004813914240577722 144
2890 0.004803378087296833 144.5
2900 0.004792458009384992 145
2910 0.004781392181472379 145.5
2920 0.00477039737652271 146
2930 0.00475962680860754 146.5
2940 0.004749211662130806 147
2950 0.004739217944561098 147.5
2960 0.00472963082178321 148
2970 0.004720364067359092 148.5
2980 0.004711322818456586 149
2990 0.004702455212100406 149.5
3000 0.004693743899193273 150
3010 0.004685174064169847 150.5
3020 0.004676725395144452 151
3030 0.004668385611413425 151.5
3040 0.004660127197685675 152
3050 0.004651935503872436 152.5
3060 0.004643784550083419 153
3070 0.004635661777337011 153.5
3080 0.004627563365971277 154
3090 0.004619501361570995 154.5
3100 0.004611493872770961 155
3110 0.004603574182300444 155.5
3120 0.004595775737770941 156
3130 0.004588134938057584 156.5
3140 0.004580690938735896 157
3150 0.004573463081093469 157.5
3160 0.004566447101988266 158
3170 0.004559666964286439 158.5
3180 0.004553151734124937 159
3190 0.004546911343188634 159.5
3200 0.004540945954107113 160
3210 0.004535256328325996 160.5
3220 0.004529829805461518 161
3230 0.004524631613446586 161.5
3240 0.00451962304407118 162
3250 0.004514772058825523 162.5
3260 0.004510030647559242 163
3270 0.004505420812166639 163.5
3280 0.004500969488374567 164
3290 0.004496688892237 164.5
3300 0.004492577544260815 165
3310 0.004488627251420864 165.5
3320 0.004484813341289316 166
3330 0.004481117617404485 166.5
3340 0.004477511415104243 167
3350 0.004473963640571919 167.5
3360 0.004470468214688569 168
3370 0.004467007574245298 168.5
3380 0.004463535672625441 169
3390 0.004460017122744038 169.5
3400 0.004456423224705719 170
3410 0.004452737376440074 170.5
3420 0.004448946697374242 171
3430 0.004445028420720124 171.5
3440 0.004440959911042116 172
3450 0.004436722352929324 172.5
3460 0.004432306786386992 173
3470 0.004427699576152426 173.5
3480 0.004422905945051871 174
3490 0.004417960428219151 174.5
3500 0.004412840303244012 175
3510 0.004407525656377868 175.5
3520 0.004402034999651234 176
3530 0.00439628069083197 176.5
3540 0.004390224274772783 177
3550 0.004383858642252953 177.5
3560 0.004377186033996582 178
3570 0.004370199306940759 178.5
3580 0.004362899887132451 179
3590 0.004355293436889607 179.5
3600 0.004347379308846528 180
3610 0.004339161040056553 180.5
3620 0.004330642618998036 181
3630 0.004321822628999477 181.5
3640 0.00431268273241234 182
3650 0.004303221164159036 182.5
3660 0.004293441822522229 183
3670 0.004283350929868676 183.5
3680 0.004272957930644472 184
3690 0.004262272113747535 184.5
3700 0.004251301805685132 185
3710 0.00424006006522648 185.5
3720 0.004228561078709107 186
3730 0.004216811984067932 186.5
3740 0.004204826275824049 187
3750 0.004192617757493584 187.5
3760 0.004180196746925203 188
3770 0.004167583911842186 188.5
3780 0.004154804955783393 189
3790 0.004141882660475637 189.5
3800 0.004128839949789324 190
3810 0.004115701155393109 190.5
3820 0.00410249164454796 191
3830 0.00408923953089946 191.5
3840 0.004075974738338138 192
3850 0.004062723918213545 192.5
3860 0.004049511698511241 193
3870 0.004036379526639994 193.5
3880 0.004023364218439515 194
3890 0.004010494695092209 194.5
3900 0.003997803563968203 195
3910 0.003985332253988579 195.5
3920 0.003973114117421042 196
3930 0.003961177815042499 196.5
3940 0.003949543860752324 197
3950 0.003938231083328327 197.5
3960 0.003927258866478016 198
3970 0.003916640962603087 198.5
3980 0.003906384459742017 199
3990 0.003896499707838613 199.5
4000 0.003886984792537291 200
4010 0.003877840328195 200.5
4020 0.003869068888136254 201
4030 0.003860673891636154 201.5
4040 0.003852652814468672 202
4050 0.003844999140811786 202.5
4060 0.003837701795591897 203
4070 0.003830750780674075 203.5
4080 0.003824136847054359 204
4090 0.003817843650443263 204.5
4100 0.003811855929594654 205
4110 0.003806160348448183 205.5
4120 0.003800745052622525 206
4130 0.003795597463054037 206.5
4140 0.003790704367956976 207
4150 0.003786051053316592 207.5
4160 0.003781624602199054 208
4170 0.003777411440725657 208.5
4180 0.003773396599415452 209
4190 0.003769567163005532 209.5
4200 0.00376590770140294 210
4210 0.003762403821880681 210.5
4220 0.003759041394980542 211
4230 0.003755811431358883 211.5
4240 0.00375270859420211 212
4250 0.003749724748687807 212.5
4260 0.003746852972434733 213
4270 0.003744089254268824 213.5
4280 0.003741426198214735 214
4290 0.003738858002038641 214.5
4300 0.003736379866602822 215
4310 0.003733982093137729 215.5
4320 0.003731653535612014 216
4330 0.003729384453472361 216.5
4340 0.003727163942606245 217
4350 0.003724983318388916 217.5
4360 0.003722836913459334 218
4370 0.003720721791128952 218.5
4380 0.003718634200539728 219
4390 0.003716571997156269 219.5
4400 0.00371453548617574 220
4410 0.00371252522194745 220.5
4420 0.00371054310829365 221
4430 0.003708588612554052 221.5
4440 0.003706662762917527 222
4450 0.003704766585979422 222.5
4460 0.003702899688617123 223
4470 0.003701064120286915 223.5
4480 0.003699274008468051 224
4490 0.003697546585802634 224.5
4500 0.00369589873071635 225
4510 0.00369433950304768 225.5
4520 0.003692859278598607 226
4530 0.003691453054815769 226.5
4540 0.003690110823978971 227
4550 0.00368880707438118 227.5
4560 0.003687535296260962 228
4570 0.003686300337354164 228.5
4580 0.003685108327798716 229
4590 0.003683970200253658 229.5
4600 0.003682897137573769 230
4610 0.003681902169600976 230.5
4620 0.003680998629422506 231
4630 0.00368019744810718 231.5
4640 0.00367950365312146 232
4650 0.003678918564616379 232.5
4660 0.003678448404819524 233
4670 0.003678096370501424 233.5
4680 0.003677862140674912 234
4690 0.003677746165413731 234.5
4700 0.003677749027581039 235
4710 0.003677870550177236 235.5
4720 0.003678110965494823 236
4730 0.003678470773530399 236.5
4740 0.003678953362801412 237
4750 0.003679560697270838 237.5
4760 0.003680292237549075 238
4770 0.003681146471497096 238.5
4780 0.00368212240327767 239
4790 0.003683222028719489 239.5
4800 0.003684448068237242 240
4810 0.00368579807504811 240.5
4820 0.003687270055898636 241
4830 0.003688860426246096 241.5
4840 0.003690564321712993 242
4850 0.003692380881718132 242.5
4860 0.003694312294711095 243
4870 0.00369635488267114 243.5
4880 0.003698499447409109 244
4890 0.003700748818414607 244.5
4900 0.003703102630291342 245
4910 0.003705560146560114 245.5
4920 0.003708123588946875 246
4930 0.003710790374484173 246.5
4940 0.003713558262749649 247
4950 0.003716426587084236 247.5
4960 0.003719391926758631 248
4970 0.003722451584771225 248.5
4980 0.003725604419380454 249
4990 0.003728848848684576 249.5
5000 0.00373218440939135 250
5010 0.003735601562624145 250.5
5020 0.003739092194951692 251
5030 0.00374264992722881 251.5
5040 0.00374627038554084 252
5050 0.003749945825154833 252.5
5060 0.003753668143772672 253
5070 0.003757427944677877 253.5
5080 0.003761215265129096 254
5090 0.003765017644383189 254.5
5100 0.003768827306127717 255
5110 0.003772649974934175 255.5
5120 0.003776483474504533 256
5130 0.003780320951466485 256.5
5140 0.003784156049072286 257
5150 0.00378797847436831 257.5
5160 0.003791779059065383 258
5170 0.003795551851256218 258.5
5180 0.003799292488190586 259
5190 0.003802998297297269 259.5
5200 0.003806666646097522 260
5210 0.003810297534000344 260.5
5220 0.003813891190011385 261
5230 0.003817450039963191 261.5
5240 0.003820973717518566 262
5250 0.003824458473911817 262.5
5260 0.003827901900499665 263
5270 0.003831302382935211 263.5
5280 0.003834657161374939 264
5290 0.003837963005639674 264.5
5300 0.00384121963586582 265
5310 0.003844426920183339 265.5
5320 0.003847583063666922 266
5330 0.003850685780688284 266.5
5340 0.003853732431925173 267
5350 0.003856721426880293 267.5
5360 0.003859652136477868 268
5370 0.003862523463069642 268.5
5380 0.003865333951664748 269
5390 0.003868081527992766 269.5
5400 0.003870764375148007 270
5410 0.003873381188060389 270.5
5420 0.003875930642943606 271
5430 0.003878411218041831 271.5
5440 0.00388082137471964 272
5450 0.003883158991917357 272.5
5460 0.003885421944324926 273
5470 0.00388760812255908 273.5
5480 0.003889715978168875 274
5490 0.00389174382355477 274.5
5500 0.00389369053653233 275
5510 0.003895555133073062 275.5
5520 0.003897336869748729 276
5530 0.003899035312207538 276.5
5540 0.003900650785101568 277
5550 0.003902182914638523 277.5
5560 0.003903631028679441 278
5570 0.003904994435784039 278.5
5580 0.003906272920711324 279
5590 0.003907466593794885 279.5
5600 0.003908575498077251 280
5610 0.003909599136831847 280.5
5620 0.003910537239528656 281
5630 0.003911390462499077 281.5
5640 0.003912159665565965 282
5650 0.00391284559187839 282.5
5660 0.003913449026546392 283
5670 0.003913970718178062 283.5
5680 0.00391441231416617 284
5690 0.003914774943381754 284.5
5700 0.003915060041165985 285
5710 0.003915269924847578 285.5
5720 0.003915406249831433 286
5730 0.00391546992639792 286.5
5740 0.003915461779778164 287
5750 0.003915382150258179 287.5
5760 0.003915231599642953 288
5770 0.003915011228148121 288.5
5780 0.003914721704473936 289
5790 0.003914364538555993 289.5
5800 0.003913941881407678 290
5810 0.003913456424924983 290.5
5820 0.003912910571362505 291
5830 0.003912305696108479 291.5
5840 0.003911641059442088 292
5850 0.003910916152449535 292.5
5860 0.003910131102401669 293
5870 0.003909286406710953 293.5
5880 0.003908382393233349 294
5890 0.003907420101390826 294.5
5900 0.003906400566030147 295
5910 0.0039053247479168 295.5
5920 0.003904194134378185 296
5930 0.003903010716535044 296.5
5940 0.003901776671493841 297
5950 0.003900493973903149 297.5
5960 0.003899164642016266 298
5970 0.003897790884463487 298.5
5980 0.00389637489050654 299
5990 0.00389491688224376 299.5
6000 0.003893414020577955 300
