0 0 0
0 0 0
10 4.277457860601875e-23 0.5
20 7.586164209562628e-20 1
30 2.266864748510309e-16 1.5
40 1.778485172222922e-13 2
50 6.668890573826119e-12 2.5
60 9.535597677780539e-11 3
70 9.218305508652996e-10 3.5
80 4.647659463607713e-09 4
90 1.536160023566696e-08 4.5
100 3.683841671421004e-08 5
110 7.169944610415951e-08 5.5
120 1.310147620779691e-07 6
130 2.349846792465366e-07 6.5
140 3.854833013144194e-07 7
150 5.989813244590974e-07 7.5
160 9.297037699317674e-07 8
170 1.436434825239451e-06 8.5
180 2.289886325091177e-06 9
190 3.606143740228807e-06 9.5
200 5.385231371006788e-06 10
210 7.834648376655369e-06 10.5
220 1.210057807021112e-05 11
230 2.161091758993992e-05 11.5
240 4.134452146089619e-05 12
250 7.392797967012951e-05 12.5
260 0.0001524877998803675 13
270 0.0003527610249900012 13.5
280 0.0007056142889141965 14
290 0.001091118280476112 14.5
300 0.001423980907190771 15
310 0.001629577055756295 15.5
320 0.001629400150664336 16
330 0.001590621675804651 16.5
340 0.001678158872049807 17
350 0.002074090824124532 17.5
360 0.002934975108479758 18
370 0.004406706762977022 18.5
380 0.006444817378175979 19
390 0.008686788269922406 19.5
400 0.01073002563215152 20
410 0.01228950487148218 20.5
420 0.01307499080429446 21
430 0.01298717186760586 21.5
440 0.01220804327842051 22
450 0.01108761961943069 22.5
460 0.009880242007428094 23
470 0.008808131768275333 23.5
480 0.007920617976609864 24
490 0.007184645757184209 24.5
500 0.00658791493158372 25
510 0.00613272873998033 25.5
520 0.005805077440508818 26
530 0.005581076611364775 26.5
540 0.005433745170304775 27
550 0.005301292563406794 27.5
560 0.005182493625086965 28
570 0.005082841372799954 28.5
580 0.005004631108041507 29
590 0.004931092340809991 29.5
600 0.004850919722930301 30
610 0.004775213390395805 30.5
620 0.004697213850154052 31
630 0.004599847671708677 31.5
640 0.00448132315573391 32
650 0.004354270677527364 32.5
660 0.004252007681765932 33
670 0.004200661925493491 33.5
680 0.004219813475031435 34
690 0.004293891639060961 34.5
700 0.004387312214078799 35
710 0.004482295395073252 35.5
720 0.004586618799264262 36
730 0.004702621115009523 36.5
740 0.004828755482327383 37
750 0.004935545963969244 37.5
760 0.00505118953697715 38
770 0.005190807879451219 38.5
780 0.005346903448429712 39
790 0.005496628751514835 39.5
800 0.0056280405842291 40
810 0.005735243445393291 40.5
820 0.005815973574566541 41
830 0.005871488430287541 41.5
840 0.005910602191126163 42
850 0.005947391474623187 42.5
860 0.005979253584169757 43
870 0.006017575235859106 43.5
880 0.006043527838431431 44
890 0.006039348175856618 44.5
900 0.006002144092247376 45
910 0.005947467431045855 45.5
920 0.005902626659872187 46
930 0.005882207506342856 46.5
940 0.005885020648596789 47
950 0.005933091097122917 47.5
960 0.006050100005135048 48
970 0.006349648902109459 48.5
980 0.006904539550445088 49
990 0.007628541643773975 49.5
1000 0.008320082482967278 50
1010 0.008888857631570071 50.5
1020 0.009271008169178198 51
1030 0.009443900855114281 51.5
1040 0.009463639788355857 52
1050 0.009444914644315629 52.5
1060 0.009406678383782259 53
1070 0.009418329743728821 53.5
1080 0.009507375972678058 54
1090 0.009675037572913402 54.5
1100 0.009900023955999529 55
1110 0.01014763436762195 55.5
1120 0.01042234372782201 56
1130 0.01073982207275809 56.5
1140 0.01111859355792357 57
1150 0.01155159043037387 57.5
1160 0.0120215856527329 58
1170 0.01252139128227271 58.5
1180 0.01305693540342556 59
1190 0.01363835159355936 59.5
1200 0.01425527052962107 60
1210 0.0148946953440667 60.5
1220 0.0155590465247611 61
1230 0.01614826151169486 61.5
1240 0.01655929284250862 62
1250 0.0167583117919239 62.5
1260 0.01677922116452021 63
1270 0.01665605990057836 63.5
1280 0.01638775439297496 64
1290 0.01605012993730514 64.5
1300 0.01570180922512301 65
1310 0.01534855374147655 65.5
1320 0.01497176605843574 66
1330 0.01458267634030927 66.5
1340 0.01422305069524601 67
1350 0.01390038742779992 67.5
1360 0.01360414968275418 68
1370 0.01328420076773137 68.5
1380 0.01284803512703059 69
1390 0.01228085391738788 69.5
1400 0.01163201027411111 70
1410 0.01095112887392612 70.5
1420 0.01033836837138617 71
1430 0.009862777900786875 71.5
1440 0.009557799040324706 72
1450 0.009452124375552505 72.5
1460 0.009446568262474038 73
1470 0.009504976124836294 73.5
1480 0.009622181572586671 74
1490 0.009762225428417657 74.5
1500 0.009901075554730528 75
1510 0.01001767885814883 75.5
1520 0.01008951834423185 76
1530 0.01009279904386344 76.5
1540 0.01000794720823361 77
1550 0.009852508366656748 77.5
1560 0.009705063345194491 78
1570 0.009627528568106112 78.5
1580 0.00964034570948912 79
1590 0.009758036243106387 79.5
1600 0.009956434818632839 80
1610 0.01020925224517327 80.5
1620 0.01045776616351512 81
1630 0.01066145083467346 81.5
1640 0.01079637743035653 82
1650 0.01085658050626906 82.5
1660 0.01086602538643119 83
1670 0.01084782637075224 83.5
1680 0.01081144926411644 84
1690 0.01077207087323727 84.5
1700 0.01074501838321212 85
1710 0.01076711099212769 85.5
1720 0.01086495701224622 86
1730 0.01102132233135163 86.5
1740 0.01124049717855494 87
1750 0.01151935516838924 87.5
1760 0.01182589406134936 88
1770 0.01210025688375638 88.5
1780 0.0122120394621653 89
1790 0.01208095960206227 89.5
1800 0.01172681874834537 90
1810 0.01119134217311623 90.5
1820 0.01066177777599976 91
1830 0.01015023691560848 91.5
1840 0.009722659280646397 92
1850 0.009366798032945118 92.5
1860 0.009081857727322274 93
1870 0.008898658776017957 93.5
1880 0.008809320876504607 94
1890 0.008802696635898142 94.5
1900 0.008830637184347911 95
1910 0.008849392002182856 95.5
1920 0.008862972634403049 96
1930 0.00889118574331026 96.5
1940 0.008943810470651917 97
1950 0.009030786829502785 97.5
1960 0.009141467086934646 98
1970 0.009239612641543772 98.5
1980 0.00931742143908202 99
1990 0.009371693215548904 99.5
2000 0.009412701983686964 100
2010 0.009527766713355288 100.5
2020 0.009899111963996099 101
2030 0.01077274717655352 101.5
2040 0.01225243657420621 102
2050 0.01395191470895929 102.5
2060 0.01538032934821498 103
2070 0.01627413285588575 103.5
2080 0.01657025716408999 104
2090 0.01646248066257237 104.5
2100 0.01601919858858317 105
2110 0.01517902485477546 105.5
2120 0.01410182601094559 106
2130 0.01309664377448965 106.5
2140 0.0122886448318045 107
2150 0.0116962759284295 107.5
2160 0.01134190029613479 108
2170 0.01120406646125667 108.5
2180 0.01120927982446351 109
2190 0.01125322357843898 109.5
2200 0.01126338898101862 110
2210 0.01124363326835563 110.5
2220 0.01119209768490131 111
2230 0.01109664817261061 111.5
2240 0.01093139722693003 112
2250 0.01067117454669381 112.5
2260 0.01027265952185804 113
2270 0.00979619764242981 113.5
2280 0.009359811866808041 114
2290 0.008998426552579021 114.5
2300 0.008719152851472142 115
2310 0.00855088153632063 115.5
2320 0.008472700285245703 116
2330 0.008440344954130329 116.5
2340 0.008463855573371416 117
2350 0.008558540547518109 117.5
2360 0.008732356286246429 118
2370 0.008986764047152941 118.5
2380 0.009280982388155586 119
2390 0.009571471672148456 119.5
2400 0.009835585782323256 120
2410 0.01006275145605923 120.5
2420 0.01025228676954579 121
2430 0.01041653328924713 121.5
2440 0.01056103341000105 122
2450 0.01068553003513187 122.5
2460 0.01079309050217509 123
2470 0.01089239108989201 123.5
2480 0.0109847776539263 124
2490 0.01107156712994622 124.5
2500 0.01115374364326662 125
2510 0.01123421294791634 125.5
2520 0.01131363907879827 126
2530 0.01138894703625702 126.5
2540 0.01145806076413278 127
2550 0.01151795130354763 127.5
2560 0.01156399208454087 128
2570 0.01159376450497017 128.5
2580 0.01160789835058074 129
2590 0.01160972232839221 129.5
2600 0.01159900373723402 130
2610 0.01157214866851974 130.5
2620 0.01152707586715563 131
2630 0.01146641301267122 131.5
2640 0.01139048535380924 132
2650 0.01129854922055543 132.5
2660 0.01119433262258986 133
2670 0.01108244239961907 133.5
2680 0.01096729332237578 134
2690 0.01085322913614874 134.5
2700 0.01074365496271981 135
2710 0.01064446278118406 135.5
2720 0.01055939699407149 136
2730 0.01049402524064446 136.5
2740 0.01044917456834483 137
2750 0.01042187976114784 137.5
2760 0.01041060631832536 138
2770 0.01041765415632182 138.5
2780 0.01044884623526204 139
2790 0.01050833923742606 139.5
2800 0.01059808274926729 140
2810 0.01071549363617364 140.5
2820 0.01085719364191389 141
2830 0.01101875501424207 141.5
2840 0.01119212518385658 142
2850 0.01136595007698636 142.5
2860 0.01152818924707896 143
2870 0.01166562743657255 143.5
2880 0.01176345012079712 144
2890 0.01180878743169434 144.5
2900 0.01178938675454076 145
2910 0.01171996001604886 145.5
2920 0.01160668152162424 146
2930 0.01146271281091676 146.5
2940 0.01131481892887752 147
2950 0.01117000915705981 147.5
2960 0.01102611451366657 148
2970 0.01087377318165255 148.5
2980 0.01071056038117543 149
2990 0.01053509623761217 149.5
3000 0.01036071924882309 150
3010 0.01020034906451198 150.5
3020 0.01008282174892504 151
3030 0.0100190323893304 151.5
3040 0.01000294006381068 152
3050 0.01000671711177982 152.5
3060 0.01003552395086093 153
3070 0.01009240075473537 153.5
3080 0.01015670370470397 154
3090 0.01021832243414736 154.5
3100 0.01028947500733539 155
3110 0.0104079704184741 155.5
3120 0.0106640845417624 156
3130 0.0111898423550907 156.5
3140 0.01214227281728828 157
3150 0.01372459205610861 157.5
3160 0.01610293619985689 158
3170 0.01929495224144828 158.5
3180 0.02297921936398625 159
3190 0.02655463150239191 159.5
3200 0.02944333428252759 160
3210 0.03154492160195504 160.5
3220 0.03302700479579054 161
3230 0.0340657433902988 161.5
3240 0.03474713088037171 162
3250 0.03511571125232132 162.5
3260 0.03517958156560465 163
3270 0.03502186171968084 163.5
3280 0.0348021085497155 164
3290 0.03458271591901226 164.5
3300 0.03410107368880494 165
3310 0.03304478857692947 165.5
3320 0.03138608914728204 166
3330 0.0293985450168727 166.5
3340 0.02747664628796365 167
3350 0.02572330631416108 167.5
3360 0.02403434192360351 168
3370 0.02234809197675803 168.5
3380 0.02065574630112582 169
3390 0.019057043688064 169.5
3400 0.0175516198099409 170
3410 0.0163111046080509 170.5
3420 0.01550920259046623 171
3430 0.01491932616839047 171.5
3440 0.01447257723643207 172
3450 0.01406658200693552 172.5
3460 0.01369741010404818 173
3470 0.0133748069529171 173.5
3480 0.01309364848279471 174
3490 0.01286792832189066 174.5
3500 0.01285997158618122 175
3510 0.01299322679835425 175.5
3520 0.01310358527933377 176
3530 0.01309381062259181 176.5
3540 0.01291009026478996 177
3550 0.01261261733615433 177.5
3560 0.01228232943411888 178
3570 0.01196941707833611 178.5
3580 0.01172839982211918 179
3590 0.011522021077188 179.5
3600 0.0112995159502407 180
3610 0.01108591640154141 180.5
3620 0.01095291676144183 181
3630 0.01094097452685006 181.5
3640 0.01107338127254437 182
3650 0.01140462683163366 182.5
3660 0.01190509379354708 183
3670 0.01247022048394286 183.5
3680 0.01301318359238298 184
3690 0.01343768615059371 184.5
3700 0.01370637454747911 185
3710 0.01384692349459239 185.5
3720 0.01390910889969184 186
3730 0.01394017154482863 186.5
3740 0.01395872170050232 187
3750 0.01394131080891181 187.5
3760 0.01379366814500837 188
3770 0.01342512666249391 188.5
3780 0.01289103771286936 189
3790 0.01237122283419635 189.5
3800 0.01185745730131671 190
3810 0.01136058680308112 190.5
3820 0.01091693627936564 191
3830 0.01054156048842074 191.5
3840 0.01021820753214283 192
3850 0.009953422177154572 192.5
3860 0.009739083584648211 193
3870 0.009519801174654337 193.5
3880 0.009280692393274765 194
3890 0.009052152373193829 194.5
3900 0.00883486386869042 195
3910 0.008618868427316035 195.5
3920 0.008415140639411031 196
3930 0.008228318305238513 196.5
3940 0.008091947738564861 197
3950 0.008043031796327087 197.5
3960 0.00808523844439424 198
3970 0.008233072928915525 198.5
3980 0.008495949806683388 199
3990 0.008882029043810673 199.5
4000 0.009359880289256842 200
4010 0.009863677467615404 200.5
4020 0.01030087720270241 201
4030 0.01061563224551111 201.5
4040 0.01080869674448836 202
4050 0.01088115000885086 202.5
4060 0.01091552192041479 203
4070 0.01092054692277653 203.5
4080 0.01090781897236001 204
4090 0.01093409982202594 204.5
4100 0.01102300202060562 205
4110 0.01117830326122087 205.5
4120 0.01138024181373578 206
4130 0.01158210723322374 206.5
4140 0.01175630124304639 207
4150 0.0118462811772739 207.5
4160 0.01181806238733811 208
4170 0.01167393226166071 208.5
4180 0.01144986212888247 209
4190 0.01120710220339183 209.5
4200 0.01100084544340699 210
4210 0.01085336508512169 210.5
4220 0.0107504898791586 211
4230 0.01068274692174764 211.5
4240 0.01062262647598359 212
4250 0.01055752578661157 212.5
4260 0.01048241348963088 213
4270 0.01039945792081583 213.5
4280 0.01032013901656762 214
4290 0.0102533340611914 214.5
4300 0.01020749695985806 215
4310 0.01018436128546592 215.5
4320 0.01019463012560774 216
4330 0.01024038497038787 216.5
4340 0.01031792210584284 217
4350 0.01042401453550189 217.5
4360 0.01053864004065034 218
4370 0.01065265457656206 218.5
4380 0.01076422042539685 219
4390 0.01085547789582008 219.5
4400 0.01092848990738522 220
4410 0.01100202709492088 220.5
4420 0.01107755355113195 221
4430 0.01115739195661465 221.5
4440 0.01124272125100664 222
4450 0.0113504562516671 222.5
4460 0.01148305659615314 223
4470 0.011634167767789 223.5
4480 0.01180615073594409 224
4490 0.01199129659481554 224.5
4500 0.01217232807063475 225
4510 0.01234186903886431 225.5
4520 0.01249875683800585 226
4530 0.01263788624474468 226.5
4540 0.01275562231144333 227
4550 0.01283978559269474 227.5
4560 0.01289721338422132 228
4570 0.01293912243710515 228.5
4580 0.01297452444056349 229
4590 0.01301950012121319 229.5
4600 0.01308758576641439 230
4610 0.01318728772357864 230.5
4620 0.01330943166542217 231
4630 0.01344622015131651 231.5
4640 0.01358204284441259 232
4650 0.01369602069300413 232.5
4660 0.013777568438467 233
4670 0.01381417850916764 233.5
4680 0.01378249026134149 234
4690 0.01367243881765766 234.5
4700 0.01349707315199282 235
4710 0.01328214758597766 235.5
4720 0.01306722922608569 236
4730 0.01288570130189818 236.5
4740 0.01274632364445276 237
4750 0.01262641563870404 237.5
4760 0.01253078256476408 238
4770 0.0124592194929252 238.5
4780 0.01239525629306432 239
4790 0.01232840804801382 239.5
4800 0.01226992960114705 240
4810 0.01220390466587115 240.5
4820 0.01211692401870221 241
4830 0.01202952748008869 241.5
4840 0.01194160103314735 242
4850 0.01185331097818516 242.5
4860 0.01176655973500777 243
4870 0.01168844867214933 243.5
4880 0.01161785238055468 244
4890 0.01155052163031695 244.5
4900 0.01149101419831433 245
4910 0.01145119716578369 245.5
4920 0.01143304015572406 246
4930 0.01141992712506712 246.5
4940 0.01139156671620445 247
4950 0.01132518993053085 247.5
4960 0.01129403791666731 248
4970 0.01145639111235151 248.5
4980 0.01189274520760533 249
4990 0.01247733624295774 249.5
5000 0.01303871223193209 250
