0 0 0
10 1.34698829346396e-19 0.5
20 2.879892249691533e-16 1
30 3.732831345755848e-14 1.5
40 6.819681020806041e-13 2
50 6.024094671659084e-12 2.5
60 3.520346069583431e-11 3
70 1.554414438740071e-10 3.5
80 5.666121598596934e-10 4
90 1.907706097173067e-09 4.5
100 6.596645792557475e-09 5
110 2.377252273774669e-08 5.5
120 8.840577584663779e-08 6
130 3.251215985671729e-07 6.5
140 1.059456856287732e-06 7
150 2.898076745174386e-06 7.5
160 6.595351581184011e-06 8
170 1.305355410172767e-05 8.5
180 2.374201403753686e-05 9
190 4.089006040121864e-05 9.5
200 6.78337604626117e-05 10
210 0.0001094058144064271 10.5
220 0.0001715540298040984 11
230 0.0002584541448913621 11.5
240 0.000368116689780764 12
250 0.0004943768282728528 12.5
260 0.0006302471379480595 13
270 0.000766334672219506 13.5
280 0.0008952194041934861 14
290 0.001013619671128413 14.5
300 0.001124075542717266 15
310 0.001235009400149101 15.5
320 0.00136045216421872 16
330 0.001518338712558128 16.5
340 0.001725236468016093 17
350 0.001991290661071146 17.5
360 0.002318368047437924 18
370 0.002698508384402143 18.5
380 0.003114255114109139 19
390 0.003542832494682762 19.5
400 0.003963360930266255 20
410 0.004358600201340117 20.5
420 0.00471727283781169 21
430 0.005034572301403103 21.5
440 0.005309279465149568 22
450 0.005539274885928836 22.5
460 0.00572976076352406 23
470 0.005886325072746957 23.5
480 0.006014616652666048 24
490 0.00612005644622648 24.5
500 0.006208529258294233 25
510 0.006286501803735203 25.5
520 0.006359294872799032 26
530 0.006430994144600881 26.5
540 0.006504934094010598 27
550 0.006584298743750367 27.5
560 0.006671111559285292 28
570 0.006765096596682578 28.5
580 0.006866931839940161 29
590 0.006977192127995088 29.5
600 0.007096545133097877 30
610 0.007225042992396018 30.5
620 0.007361275899509761 31
630 0.007501598701754359 31.5
640 0.007641293531722188 32
650 0.007777166227455102 32.5
660 0.007908513146225826 33
670 0.008036160569808423 33.5
680 0.008160850645922969 34
690 0.008282800089803507 34.5
700 0.0084010610604513 35
710 0.008513004073766978 35.5
720 0.008618482519922843 36
730 0.008717897978824714 36.5
740 0.008811750576713006 37
750 0.008900485854979281 37.5
760 0.008985173659829315 38
770 0.009067125641720943 38.5
780 0.009147684625320066 39
790 0.009227748751834613 39.5
800 0.009306751887716395 40
810 0.009384117767746638 40.5
820 0.009459517628000897 41
830 0.009532723280897687 41.5
840 0.00960396274530249 42
850 0.009673617836321972 42.5
860 0.009742370418481996 43
870 0.009811540727946339 43.5
880 0.009881463445584888 44
890 0.009952483340826584 44.5
900 0.01002450146922138 45
910 0.01009801834389854 45.5
920 0.01017297441264782 46
930 0.01025001354550772 46.5
940 0.0103290054772891 47
950 0.01040938306087426 47.5
960 0.01049118280013744 48
970 0.0105744079843279 48.5
980 0.01065894225803298 49
990 0.01074469543926516 49.5
1000 0.01083174917244475 50
1010 0.01092026236169865 50.5
1020 0.01101032826283255 51
1030 0.01110194760256526 51.5
1040 0.01119505601143692 52
1050 0.01128963652248404 52.5
1060 0.01138550401039297 53
1070 0.01148247634485111 53.5
1080 0.01158041618635653 54
1090 0.01167915472936954 54.5
1100 0.01177867041133915 55
1110 0.01187863018096118 55.5
1120 0.01197859706593127 56
1130 0.01207853309530401 56.5
1140 0.01217824677310525 57
1150 0.012277569970507 57.5
1160 0.01237644731283435 58
1170 0.01247479067464716 58.5
1180 0.01257256378888933 59
1190 0.01266984311409636 59.5
1200 0.01276668860214538 60
1210 0.01286308113236451 60.5
1220 0.01295918174066841 61
1230 0.01305523798016618 61.5
1240 0.01315131280906985 62
1250 0.01324747143315604 62.5
1260 0.01334387979432342 63
1270 0.01344068620248318 63.5
1280 0.01353792408913511 64
1290 0.01363557344870789 64.5
1300 0.01373365093855719 65
1310 0.0138321158073398 65.5
1320 0.0139309186578402 66
1330 0.01403015662186627 66.5
1340 0.01412977326422324 67
1350 0.01422894377655815 67.5
1360 0.01432799885395893 68
1370 0.01442735330889581 68.5
1380 0.01452719507043865 69
1390 0.01462778816327888 69.5
1400 0.01472939464527563 70
1410 0.01483224446124559 70.5
1420 0.01493681503966164 71
1430 0.01504204594991847 71.5
1440 0.01514811024948093 72
1450 0.01525532714562096 72.5
1460 0.01536334821214878 73
1470 0.01547186880933466 73.5
1480 0.01558081750387932 74
1490 0.01569018955333485 74.5
1500 0.01579917482604488 75
1510 0.01590542054589976 75.5
1520 0.01600786708141879 76
1530 0.01610681362164296 76.5
1540 0.01620147448242559 77
1550 0.01629133986030688 77.5
1560 0.01637729732215943 78
1570 0.01646057622242298 78.5
1580 0.01654204115799233 79
1590 0.01662221963921373 79.5
1600 0.01670117279381428 80
1610 0.0167787665560999 80.5
1620 0.01685478916059256 81
1630 0.01692903772283069 81.5
1640 0.01700129723061072 82
1650 0.01707128840536611 82.5
1660 0.01713899741537628 83
1670 0.01720448602562719 83.5
1680 0.01726787796977534 84
1690 0.01732918281242728 84.5
1700 0.01738826686378651 85
1710 0.01744513910826832 85.5
1720 0.01749980096833917 86
1730 0.01755219828142907 86.5
1740 0.01760236497156065 87
1750 0.01765034575423525 87.5
1760 0.01769614617431143 88
1770 0.01773973036247358 88.5
1780 0.01778098329635007 89
1790 0.01781980461988625 89.5
1800 0.01785615884187559 90
1810 0.01789001432089068 90.5
1820 0.01792134466683742 91
1830 0.01795012071735544 91.5
1840 0.01797633978260091 92
1850 0.01799999796594643 92.5
1860 0.01802107568561902 93
1870 0.01803954424214847 93.5
1880 0.01805537690137118 94
1890 0.01806853742356849 94.5
1900 0.01807901187477572 95
1910 0.01808679909969596 95.5
1920 0.01809192174151539 96
1930 0.01809442480015867 96.5
1940 0.01809434718735058 97
1950 0.01809168746277678 97.5
1960 0.01808642882930048 98
1970 0.01807858139311867 98.5
1980 0.01806814564653484 99
1990 0.0180551728789037 99.5
2000 0.01803969677666451 100
2010 0.01802175212365418 100.5
2020 0.01800139334311528 101
2030 0.01797867488145853 101.5
2040 0.01795368236377148 102
2050 0.01792652054059012 102.5
2060 0.01789725256993295 103
2070 0.01786592626014452 103.5
2080 0.01783260544922109 104
2090 0.01779737946254708 104.5
2100 0.0177601125355864 105
2110 0.01772124469014205 105.5
2120 0.01768083835484155 106
2130 0.01763882428234831 106.5
2140 0.01759524912082596 107
2150 0.01755022194413705 107.5
2160 0.01750388163140508 108
2170 0.01745632791771543 108.5
2180 0.01740764213938641 109
2190 0.01735800558184123 109.5
2200 0.01730760255906951 110
2210 0.01725660050322107 110.5
2220 0.01720538414873458 111
2230 0.01715450733999161 111.5
2240 0.01710368994787393 112
2250 0.01705165891963939 112.5
2260 0.01699767824058922 113
2270 0.01694201475275244 113.5
2280 0.01688505343029563 114
2290 0.01682705975439497 114.5
2300 0.01676829019710004 115
2310 0.01670889639744458 115.5
2320 0.01664905551139093 116
2330 0.01658900515425439 116.5
2340 0.01652891979719797 117
2350 0.0164690038127145 117.5
2360 0.01640936310920382 118
2370 0.01635012129268251 118.5
2380 0.016291472468159 119
2390 0.01623356448933835 119.5
2400 0.01617647576142435 120
2410 0.01612026935567281 120.5
2420 0.01606488001169809 121
2430 0.01601046251040314 121.5
2440 0.01595730547478751 122
2450 0.01590556967942498 122.5
2460 0.01585533807691971 123
2470 0.01580665780190229 123.5
2480 0.01575963109201357 124
2490 0.01571445573782851 124.5
2500 0.01567116287714107 125
2510 0.01562969310130059 125.5
2520 0.01558994276268887 126
2530 0.01555176412526859 126.5
2540 0.01551495583907989 127
2550 0.0154793048746679 127.5
2560 0.01544458882237394 128
2570 0.01541072877185305 128.5
2580 0.01537766599506446 129
2590 0.01534526149073519 129.5
2600 0.01531333459115452 130
2610 0.01528170549301028 130.5
2620 0.01525027223545207 131
2630 0.01521898048732791 131.5
2640 0.01518781996097007 132
2650 0.01515677917389562 132.5
2660 0.01512588774717499 133
2670 0.01509518170025846 133.5
2680 0.01506468994463827 134
2690 0.01503446986998144 134.5
2700 0.0150046295496685 135
2710 0.01497529870873932 135.5
2720 0.01494658070247782 136
2730 0.01491862642052599 136.5
2740 0.0148916692931271 137
2750 0.01486577155042349 137.5
2760 0.01484096316255528 138
2770 0.01481726279880598 138.5
2780 0.01479466709280467 139
2790 0.01477311260584828 139.5
2800 0.01475252916226982 140
2810 0.01473313403820391 140.5
2820 0.01471452763405567 141
2830 0.01469687753651893 141.5
2840 0.01467996384407819 142
2850 0.01466357412219149 142.5
2860 0.01464771932461408 143
2870 0.0146323861406699 143.5
2880 0.01461737818065801 144
2890 0.01460259533429429 144.5
2900 0.0145880092060269 145
2910 0.01457345442429872 145.5
2920 0.01455904229629102 146
2930 0.01454465914924677 146.5
2940 0.01453026285645259 147
2950 0.01451582410845357 147.5
2960 0.01450138137081565 148
2970 0.01448707059070635 148.5
2980 0.01447277499573784 149
2990 0.0144584989399136 149.5
3000 0.01444426724855729 150
3010 0.01443011480903825 150.5
3020 0.01441607133381996 151
3030 0.01440217593971306 151.5
3040 0.01438846388532762 152
3050 0.01437495762020352 152.5
3060 0.01436169015949556 153
3070 0.01434870466360656 153.5
3080 0.01433603656253842 154
3090 0.0143237171956201 154.5
3100 0.0143117797284601 155
3110 0.01430023720134789 155.5
3120 0.01428910390726471 156
3130 0.0142784029911885 156.5
3140 0.01426815418444189 157
3150 0.01425838031861125 157.5
3160 0.01424909575990487 158
3170 0.01424030896463887 158.5
3180 0.014232018677029 159
3190 0.01422422662237435 159.5
3200 0.01421693434175904 160
3210 0.01421014567412894 160.5
3220 0.01420386066766388 161
3230 0.01419808063919602 161.5
3240 0.01419278666177473 162
3250 0.01418795101793538 162.5
3260 0.01418356260577507 163
3270 0.01417960626975797 163.5
3280 0.01417606121505992 164
3290 0.01417289533950885 164.5
3300 0.01417006484597494 165
3310 0.01416756458256238 165.5
3320 0.01416539765314121 166
3330 0.01416356407931249 166.5
3340 0.01416206414911612 167
3350 0.01416088930016532 167.5
3360 0.01415999590724348 168
3370 0.01415936056316692 168.5
3380 0.01415898521606708 169
3390 0.01415904340036642 169.5
3400 0.01415975456732236 170
3410 0.01416136580491976 170.5
3420 0.01416397022919711 171
3430 0.01416695093832902 171.5
3440 0.01416936787054922 172
3450 0.01417110045947582 172.5
3460 0.01417245378878023 173
3470 0.0141735761035702 173.5
3480 0.01417391316235087 174
3490 0.01417408620021449 174.5
3500 0.01417564341757786 175
3510 0.01417923532780621 175.5
3520 0.01418465350868123 176
3530 0.0141915114196372 176.5
3540 0.01419948208569639 177
3550 0.01420834777439084 177.5
3560 0.01421792932393059 178
3570 0.01422804719785751 178.5
3580 0.01423854400832483 179
3590 0.01424929237991238 179.5
3600 0.01426023932703214 180
3610 0.01427127945894561 180.5
3620 0.01428243939083383 181
3630 0.01429371369263784 181.5
3640 0.0143050229692357 182
3650 0.01431654022213363 182.5
3660 0.01432852557173838 183
3670 0.01434060076329692 183.5
3680 0.01435274457458223 184
3690 0.0143651595783271 184.5
3700 0.01437775049042067 185
3710 0.0143904139692006 185.5
3720 0.01440306588360289 186
3730 0.01441595695483525 186.5
3740 0.01442887254752866 187
3750 0.01444171076778687 187.5
3760 0.01445485498132283 188
3770 0.01446804334319776 188.5
3780 0.01448150370398272 189
3790 0.01449555573462175 189.5
3800 0.01450978124985013 190
3810 0.01452452131175542 190.5
3820 0.01453946383813616 191
3830 0.01455473932032553 191.5
3840 0.01457059565546461 192
3850 0.01458696416332166 192.5
3860 0.01460368754550228 193
3870 0.01462098037694982 193.5
3880 0.01463884098361528 194
3890 0.01465703137548382 194.5
3900 0.01467576151275661 195
3910 0.01469475687742296 195.5
3920 0.01471445167910028 196
3930 0.01473449189104289 196.5
3940 0.01475477883118539 197
3950 0.01477515447761977 197.5
3960 0.01479601334420905 198
3970 0.01481703470534417 198.5
3980 0.01483816518615272 199
3990 0.01485971533540387 199.5
4000 0.01488141710258562 200
4010 0.01490295451139952 200.5
4020 0.01492460672581141 201
4030 0.01494641574103245 201.5
4040 0.0149683247859152 202
4050 0.01499027104693056 202.5
4060 0.01501253460244716 203
4070 0.01503493141276326 203.5
4080 0.01505717378764887 204
4090 0.01507927255825614 204.5
4100 0.0151011682737676 205
4110 0.01512299044556334 205.5
4120 0.01514425879482701 206
4130 0.01516529864482644 206.5
4140 0.01518617737494146 207
4150 0.01520671367540678 207.5
4160 0.01522706756503203 208
4170 0.01524731221938338 208.5
4180 0.01526718339558765 209
4190 0.01528707894264941 209.5
4200 0.01530671208672165 210
4210 0.01532631089898589 210.5
4220 0.01534577855160542 211
4230 0.01536522893811995 211.5
4240 0.01538441676842238 212
4250 0.0154033340734749 212.5
4260 0.01542214016750131 213
4270 0.01544071017609211 213.5
4280 0.01545912317025658 214
4290 0.01547721826356722 214.5
4300 0.01549517175357378 215
4310 0.0155128569571529 215.5
4320 0.01553045816133023 216
4330 0.01554790260106638 216.5
4340 0.01556509286489147 217
4350 0.0155820915062333 217.5
4360 0.01559884744622723 218
4370 0.01561547255068412 218.5
4380 0.01563186453947669 219
4390 0.0156481122517035 219.5
4400 0.01566420241328446 220
4410 0.01567998314826713 220.5
4420 0.01569563104298791 221
4430 0.01571110736516353 221.5
4440 0.01572644383879955 222
4450 0.01574154242336693 222.5
4460 0.01575654936140703 223
4470 0.01577122752169106 223.5
4480 0.01578586834700051 224
4490 0.01580031868673345 224.5
4500 0.01581449375045695 225
4510 0.01582861709808727 225.5
4520 0.01584241950579523 226
4530 0.01585615307840029 226.5
4540 0.01586968628882764 227
4550 0.01588295616919334 227.5
4560 0.01589604506565314 228
4570 0.01590901403994429 228.5
4580 0.01592165967417604 229
4590 0.01593405066310376 229.5
4600 0.01594616486981465 230
4610 0.01595815307608631 230.5
4620 0.01596978394123896 231
4630 0.01598101976995114 231.5
4640 0.0159919817548719 232
4650 0.01600277816438032 232.5
4660 0.01601316949883169 233
4670 0.01602341775267644 233.5
4680 0.0160333821592456 234
4690 0.01604292698404648 234.5
4700 0.01605243122978094 235
4710 0.01606142415731805 235.5
4720 0.01607005374322329 236
4730 0.01607838224274423 236.5
4740 0.01608648765702575 237
4750 0.01609423188568072 237.5
4760 0.01610146064447174 238
4770 0.01610833665400022 238.5
4780 0.01611472847231019 239
4790 0.01612098424743215 239.5
4800 0.01612671485857542 240
4810 0.0161320817960441 240.5
4820 0.01613748458263416 241
4830 0.01614279020752458 241.5
4840 0.01614773910194589 242
4850 0.01615263417042388 242.5
4860 0.01615733815108182 243
4870 0.01616177263550468 243.5
4880 0.01616602216074717 244
4890 0.0161702196880913 244.5
4900 0.01617411722804213 245
4910 0.01617795111659168 245.5
4920 0.01618160088866642 246
4930 0.01618497341887251 246.5
4940 0.01618813254851075 247
4950 0.01619125167027608 247.5
4960 0.01619436663209131 248
4970 0.01619728460066128 248.5
4980 0.0162001345523349 249
4990 0.01620292395503442 249.5
5000 0.01620556922575066 250
5010 0.01620818088009396 250.5
5020 0.01621064739726801 251
5030 0.01621311376976475 251.5
5040 0.01621519413707919 252
5050 0.01621741515817922 252.5
5060 0.01621942503180469 253
5070 0.01622120837312708 253.5
5080 0.01622284313212968 254
5090 0.016224367103614 254.5
5100 0.01622580283568458 255
5110 0.01622706508184883 255.5
5120 0.0162280517176186 256
5130 0.01622913180805621 256.5
5140 0.01623010607545128 257
5150 0.0162309226001906 257.5
5160 0.01623182944928107 258
5170 0.01623247989220648 258.5
5180 0.01623288267428863 259
5190 0.01623305054769095 259.5
5200 0.01623303196125354 260
5210 0.01623265195376893 260.5
5220 0.01623197384118035 261
5230 0.01623127239547142 261.5
5240 0.01623027047380762 262
5250 0.016229085066528 262.5
5260 0.01622777153816607 263
5270 0.0162261798391619 263.5
5280 0.01622423602167159 264
5290 0.01622219802456645 264.5
5300 0.01621996363476469 265
5310 0.01621705559443293 265.5
5320 0.01621386836480233 266
5330 0.0162102709293033 266.5
5340 0.01620647544901297 267
5350 0.016202532618704 267.5
5360 0.01619853921940002 268
5370 0.01619438390657641 268.5
5380 0.01619012452899304 269
5390 0.01618573861834121 269.5
5400 0.01618111138319576 270
5410 0.01617661561665616 270.5
5420 0.0161719150676389 271
5430 0.01616697098470597 271.5
5440 0.01616198917758069 272
5450 0.01615690018417312 272.5
5460 0.01615166513378957 273
5470 0.01614639860134648 273.5
5480 0.0161409954836513 274
5490 0.01613556278398846 274.5
5500 0.01613013992136765 275
5510 0.01612457938686426 275.5
5520 0.01611890595647866 276
5530 0.01611342137480665 276.5
5540 0.01610763646623628 277
5550 0.01610188760662498 277.5
5560 0.01609613567082112 278
5570 0.01609033422449117 278.5
5580 0.01608455298576089 279
5590 0.0160787284490457 279.5
5600 0.01607281714720332 280
5610 0.01606708728183005 280.5
5620 0.01606134872216642 281
5630 0.01605555396658766 281.5
5640 0.01604982665699481 282
5650 0.01604405186014999 282.5
5660 0.01603841059235008 283
5670 0.01603288155378677 283.5
5680 0.01602728673788754 284
5690 0.01602178986021709 284.5
5700 0.01601615686605755 285
5710 0.01601085429918282 285.5
5720 0.01600547178926239 286
5730 0.01600011066870192 286.5
5740 0.01599514400811894 287
5750 0.01599024306629217 287.5
5760 0.01598524520205297 288
5770 0.0159804492173141 288.5
5780 0.01597579348025705 289
5790 0.01597127472727867 289.5
5800 0.01596684902199266 290
5810 0.01596250882132574 290.5
5820 0.01595806164687997 291
5830 0.01595364090566444 291.5
5840 0.01594957672734815 292
5850 0.01594548206377615 292.5
5860 0.01594150841432198 293
5870 0.01593751941718692 293.5
5880 0.01593368687283024 294
5890 0.01592984884695391 294.5
5900 0.01592598864313528 295
5910 0.01592237629734932 295.5
5920 0.01591882999069601 296
5930 0.01591518493232398 296.5
5940 0.01591185025330818 297
5950 0.01590884538273917 297.5
5960 0.01590583299794885 298
5970 0.01590300265282725 298.5
5980 0.01590012240993504 299
5990 0.01589760679680178 299.5
6000 0.0158952558207644 300
