0 0 0
10 1.447994716961223e-17 0.5
20 1.617934912022563e-14 1
30 1.942263841078762e-12 1.5
40 1.806371892343339e-11 2
50 1.609331556906568e-10 2.5
60 9.232172804019001e-10 3
70 3.742815835039437e-09 3.5
80 1.175339559011945e-08 4
90 3.158833550287454e-08 4.5
100 7.770422172370672e-08 5
110 1.835965690588637e-07 5.5
120 4.335535948030156e-07 6
130 1.415963424733491e-06 6.5
140 7.387313871731749e-06 7
150 2.20354377233889e-05 7.5
160 4.220219125272706e-05 8
170 6.975190626690164e-05 8.5
180 0.0001426719682058319 9
190 0.000263162306509912 9.5
200 0.0004461568023543805 10
210 0.0007026360253803432 10.5
220 0.00103787484113127 11
230 0.00142243318259716 11.5
240 0.001746252062730491 12
250 0.001916487235575914 12.5
260 0.001958806533366442 13
270 0.00189902656711638 13.5
280 0.001864334219135344 14
290 0.001839111908338964 14.5
300 0.001814250252209604 15
310 0.001946181640960276 15.5
320 0.002287808572873473 16
330 0.002834303537383676 16.5
340 0.003605730831623077 17
350 0.004498600028455257 17.5
360 0.005463233683258295 18
370 0.006479057483375072 18.5
380 0.007428733166307211 19
390 0.008229208178818226 19.5
400 0.008795774541795254 20
410 0.009137128479778767 20.5
420 0.009393813088536263 21
430 0.00957795325666666 21.5
440 0.009685829281806946 22
450 0.009737908840179443 22.5
460 0.009751958772540092 23
470 0.009738549590110779 23.5
480 0.009705343283712864 24
490 0.009665735997259617 24.5
500 0.009630005806684494 25
510 0.009675350971519947 25.5
520 0.009746461175382137 26
530 0.009856333024799824 26.5
540 0.009958162903785706 27
550 0.01017261669039726 27.5
560 0.01039777603000402 28
570 0.0105353482067585 28.5
580 0.01062745973467827 29
590 0.01070747617632151 29.5
600 0.01079127006232738 30
610 0.01089336164295673 30.5
620 0.01100397389382124 31
630 0.01106666121631861 31.5
640 0.01115806307643652 32
650 0.01131309196352959 32.5
660 0.01144649926573038 33
670 0.01153929904103279 33.5
680 0.01160349324345589 34
690 0.01164726726710796 34.5
700 0.01167769078165293 35
710 0.01170325186103582 35.5
720 0.01172913424670696 36
730 0.01175528299063444 36.5
740 0.01177964266389608 37
750 0.01180054154247046 37.5
760 0.01181723084300756 38
770 0.01183044072240591 38.5
780 0.01184200495481491 39
790 0.01185231562703848 39.5
800 0.01186093129217625 40
810 0.01186777744442225 40.5
820 0.01187367271631956 41
830 0.01187967322766781 41.5
840 0.01188665069639683 42
850 0.01189510989934206 42.5
860 0.0119047500193119 43
870 0.01191549282521009 43.5
880 0.01192639954388142 44
890 0.01193665899336338 44.5
900 0.01194636523723602 45
910 0.01195578183978796 45.5
920 0.01196461264044046 46
930 0.01197230722755194 46.5
940 0.01197834499180317 47
950 0.01198235340416431 47.5
960 0.01198361162096262 48
970 0.01198270544409752 48.5
980 0.01198069658130407 49
990 0.01197767537087202 49.5
1000 0.01197378896176815 50
1010 0.01196871418505907 50.5
1020 0.01196236815303564 51
1030 0.01195477601140738 51.5
1040 0.01194601785391569 52
1050 0.01193610113114119 52.5
1060 0.01192481908947229 53
1070 0.011911915615201 53.5
1080 0.0118975630030036 54
1090 0.01188194286078215 54.5
1100 0.01186530943959951 55
1110 0.01184795424342155 55.5
1120 0.0118301622569561 56
1130 0.01181221380829811 56.5
1140 0.01179429888725281 57
1150 0.01177658326923847 57.5
1160 0.01175928488373756 58
1170 0.0117427809163928 58.5
1180 0.01172761153429747 59
1190 0.01171429082751274 59.5
1200 0.01170338597148657 60
1210 0.01169566251337528 60.5
1220 0.01169184129685163 61
1230 0.01169142965227365 61.5
1240 0.01169346366077662 62
1250 0.0116971405223012 62.5
1260 0.01170201878994703 63
1270 0.01170794479548931 63.5
1280 0.01171497348695993 64
1290 0.01172327343374491 64.5
1300 0.011733029037714 65
1310 0.01174431759864092 65.5
1320 0.0117571959272027 66
1330 0.01177158020436764 66.5
1340 0.0117871630936861 67
1350 0.01180313061922789 67.5
1360 0.01181950885802507 68
1370 0.01183640491217375 68.5
1380 0.0118537088856101 69
1390 0.01187088340520859 69.5
1400 0.01188743114471436 70
1410 0.01190271135419607 70.5
1420 0.01191582623869181 71
1430 0.01192599628120661 71.5
1440 0.01193284429609776 72
1450 0.01193292625248432 72.5
1460 0.01192287355661392 73
1470 0.01190427783876657 73.5
1480 0.01187729369848967 74
1490 0.01186437718570232 74.5
1500 0.01187840849161148 75
1510 0.01189106144011021 75.5
1520 0.0119018629193306 76
1530 0.01191001012921333 76.5
1540 0.01191700808703899 77
1550 0.01192373316735029 77.5
1560 0.0119304284453392 78
1570 0.01193716004490852 78.5
1580 0.01194395404309034 79
1590 0.01197560597211123 79.5
1600 0.01200837083160877 80
1610 0.01203614380210638 80.5
1620 0.01205922197550535 81
1630 0.01207878720015287 81.5
1640 0.01209614705294371 82
1650 0.01211234088987112 82.5
1660 0.01212804112583399 83
1670 0.01214359421283007 83.5
1680 0.01215909980237484 84
1690 0.01217452622950077 84.5
1700 0.01218978967517614 85
1710 0.01220492366701365 85.5
1720 0.0122199859470129 86
1730 0.0122349951416254 86.5
1740 0.01224993634968996 87
1750 0.01226471737027168 87.5
1760 0.01227913796901703 88
1770 0.01229299791157246 88.5
1780 0.01230619382113218 89
1790 0.01231873035430908 89.5
1800 0.0123306754976511 90
1810 0.01234209723770618 90.5
1820 0.01235303655266762 91
1830 0.01236349064856768 91.5
1840 0.01237342227250338 92
1850 0.01238278392702341 92.5
1860 0.01239154487848282 93
1870 0.01239970233291388 93.5
1880 0.01240727212280035 94
1890 0.01241426076740026 94.5
1900 0.01242066454142332 95
1910 0.01242649834603071 95.5
1920 0.01243178732693195 96
1930 0.01243655104190111 96.5
1940 0.01244080625474453 97
1950 0.01244459673762321 97.5
1960 0.01244794949889183 98
1970 0.01245087198913097 98.5
1980 0.01245336420834064 99
1990 0.01245542149990797 99.5
2000 0.01245704293251038 100
2010 0.01245823781937361 100.5
2020 0.01245901174843311 101
2030 0.01245936751365662 101.5
2040 0.01245931163430214 102
2050 0.0124588580802083 102.5
2060 0.01245809625834227 103
2070 0.0124572953209281 103.5
2080 0.01245645340532064 104
2090 0.01245545968413353 104.5
2100 0.01245419029146433 105
2110 0.01245254650712013 105.5
2120 0.0124504528939724 106
2130 0.01244785543531179 106.5
2140 0.01244470942765474 107
2150 0.01244095712900162 107.5
2160 0.01243657525628805 108
2170 0.01243157871067524 108.5
2180 0.01242601592093706 109
2190 0.01241997070610523 109.5
2200 0.0124135185033083 110
2210 0.01240664348006248 110.5
2220 0.01239934470504522 111
2230 0.0123915858566761 111.5
2240 0.01238331943750381 112
2250 0.01237452123314142 112.5
2260 0.01236516237258911 113
2270 0.01235522609204054 113.5
2280 0.01234475150704384 114
2290 0.01233384199440479 114.5
2300 0.01232264470309019 115
2310 0.0123113002628088 115.5
2320 0.01229989808052778 116
2330 0.01228845864534378 116.5
2340 0.01227694936096668 117
2350 0.0122652854770422 117.5
2360 0.01225335709750652 118
2370 0.01224104780703783 118.5
2380 0.01222827471792698 119
2390 0.01221509091556072 119.5
2400 0.01220181025564671 120
2410 0.01218891516327858 120.5
2420 0.01217676140367985 121
2430 0.01216546073555946 121.5
2440 0.01215493399649858 122
2450 0.0121450237929821 122.5
2460 0.01213556341826916 123
2470 0.01212642062455416 123.5
2480 0.01211750507354736 124
2490 0.01210874784737825 124.5
2500 0.01210011355578899 125
2510 0.01209167018532753 125.5
2520 0.01208361238241196 126
2530 0.01207591965794563 126.5
2540 0.01206857711076736 127
2550 0.01206160336732864 127.5
2560 0.01205499842762947 128
2570 0.0120487567037344 128.5
2580 0.01204287633299828 129
2590 0.01203778106719255 129.5
2600 0.01203625369817019 130
2610 0.01203475426882505 130.5
2620 0.01203327346593142 131
2630 0.0120318029075861 131.5
2640 0.01203033048659563 132
2650 0.01202883385121822 132.5
2660 0.01202728599309921 133
2670 0.01202566362917423 133.5
2680 0.01202396117150784 134
2690 0.01202221866697073 134.5
2700 0.01202043052762747 135
2710 0.01201860047876835 135.5
2720 0.01201674714684486 136
2730 0.0120148928835988 136.5
2740 0.01201305817812681 137
2750 0.01201126631349325 137.5
2760 0.01200954057276249 138
2770 0.01200789865106344 138.5
2780 0.01200636383146048 139
2790 0.01200495939701796 139.5
2800 0.0120037067681551 140
2810 0.01200262364000082 140.5
2820 0.01200172118842602 141
2830 0.01200100686401129 141.5
2840 0.01200048439204693 142
2850 0.01200015936046839 142.5
2860 0.01200002897530794 143
2870 0.01200009509921074 143.5
2880 0.01200035121291876 144
2890 0.01200079079717398 144.5
2900 0.01200140453875065 145
2910 0.01200218312442303 145.5
2920 0.01200311724096537 146
2930 0.01200419757515192 146.5
2940 0.01200541201978922 147
2950 0.01200674474239349 147.5
2960 0.0120081827044487 148
2970 0.01200971100479364 148.5
2980 0.01201131381094456 149
2990 0.0120129743590951 149.5
3000 0.01201467681676149 150
3010 0.01201640442013741 150.5
3020 0.01201813854277134 151
3030 0.0120198568329215 151.5
3040 0.01202153693884611 152
3050 0.01202315557748079 152.5
3060 0.01202469225972891 153
3070 0.01202612835913897 153.5
3080 0.01202744338661432 154
3090 0.01202861778438091 154.5
3100 0.01202963478863239 155
3110 0.01203049160540104 155.5
3120 0.01203118544071913 156
3130 0.01203168835490942 156.5
3140 0.0120319789275527 157
3150 0.01203204691410065 157.5
3160 0.01203188952058554 158
3170 0.01203150488436222 158.5
3180 0.01203086506575346 159
3190 0.01202994398772717 159.5
3200 0.01202869229018688 160
3210 0.01202704198658466 160.5
3220 0.01202493067830801 161
3230 0.01202231924980879 161.5
3240 0.01201919373124838 162
3250 0.01201556250452995 162.5
3260 0.0120114553719759 163
3270 0.0120069133117795 163.5
3280 0.01200197264552116 164
3290 0.01199667155742645 164.5
3300 0.01199105102568865 165
3310 0.01198513526469469 165.5
3320 0.0119789419695735 166
3330 0.01197248511016369 166.5
3340 0.01196577120572329 167
3350 0.01195880584418774 167.5
3360 0.01195159368216991 168
3370 0.01194414775818586 168.5
3380 0.01193646900355816 169
3390 0.01192856766283512 169.5
3400 0.01192047912627459 170
3410 0.01191227696835995 170.5
3420 0.01190399657934904 171
3430 0.01189550384879112 171.5
3440 0.01188680715858936 172
3450 0.01187804993242025 172.5
3460 0.01186912227421999 173
3470 0.01185987517237663 173.5
3480 0.0118501940742135 174
3490 0.01184012927114964 174.5
3500 0.01183002255856991 175
3510 0.01182000245898962 175.5
3520 0.01181007921695709 176
3530 0.01180033572018147 176.5
3540 0.01179089955985546 177
3550 0.01178197748959064 177.5
3560 0.01177353505045176 178
3570 0.01176544185727835 178.5
3580 0.01175756566226482 179
3590 0.01174976862967014 179.5
3600 0.01174198091030121 180
3610 0.01173421088606119 180.5
3620 0.01172646507620811 181
3630 0.01171875 181.5
3640 0.01171105820685625 182
3650 0.01170337572693825 182.5
3660 0.01169568952172995 183
3670 0.01168799120932817 183.5
3680 0.01168028172105551 184
3690 0.01167256291955709 184.5
3700 0.01166482642292976 185
3710 0.0116570508107543 185.5
3720 0.01164921186864376 186
3730 0.01164129003882408 186.5
3740 0.01163327228277922 187
3750 0.01162515860050917 187.5
3760 0.0116169610992074 188
3770 0.01160870678722858 188.5
3780 0.01160042639821768 189
3790 0.01159214694052935 189.5
3800 0.01158389542251825 190
3810 0.01157570537179708 190.5
3820 0.01156760472804308 191
3830 0.0115596279501915 191.5
3840 0.01155179459601641 192
3850 0.01154434587806463 192.5
3860 0.01153939310461283 193
3870 0.0115344226360321 193.5
3880 0.01152949500828981 194
3890 0.01152462791651487 194.5
3900 0.01151984743773937 195
3910 0.01151518616825342 195.5
3920 0.01151068508625031 196
3930 0.01150637399405241 196.5
3940 0.01150226686149836 197
3950 0.01149836648255587 197.5
3960 0.01149467099457979 198
3970 0.01149117760360241 198.5
3980 0.0114878760650754 199
3990 0.01148475240916014 199.5
4000 0.01148179639130831 200
4010 0.01147899869829416 200.5
4020 0.01147635746747255 201
4030 0.01147390063852072 201.5
4040 0.01147160585969687 202
4050 0.01146945916116238 202.5
4060 0.01146745588630438 203
4070 0.01146561745554209 203.5
4080 0.01146401930600405 204
4090 0.01146264187991619 204.5
4100 0.0114614674821496 205
4110 0.01146045513451099 205.5
4120 0.01145954616367817 206
4130 0.01145868375897408 206.5
4140 0.01145783253014088 207
4150 0.01145697571337223 207.5
4160 0.01145611051470041 208
4170 0.01145524345338345 208.5
4180 0.01145439315587282 209
4190 0.01145358476787806 209.5
4200 0.01145284529775381 210
4210 0.01145219523459673 210.5
4220 0.01145164854824543 211
4230 0.01145121268928051 211.5
4240 0.01145088765770197 212
4250 0.01145067159086466 212.5
4260 0.01145055890083313 213
4270 0.01145055051892996 213.5
4280 0.01145065110176802 214
4290 0.01145086530596018 214.5
4300 0.01145120244473219 215
4310 0.01145167369395494 215.5
4320 0.01145228929817677 216
4330 0.01145305763930082 216.5
4340 0.01145398803055286 217
4350 0.01145508885383606 217.5
4360 0.01145636290311813 218
4370 0.01145781576633453 218.5
4380 0.01145944651216269 219
4390 0.01146124955266714 219.5
4400 0.01146322023123503 220
4410 0.01146535202860832 220.5
4420 0.0114676347002387 221
4430 0.011470059864223 221.5
4440 0.01147261448204517 222
4450 0.01147528830915689 222.5
4460 0.01147807110100985 223
4470 0.01148095075041056 223.5
4480 0.01148391980677843 224
4490 0.0114869698882103 224.5
4500 0.01149009540677071 225
4510 0.01149329543113708 225.5
4520 0.01149656530469656 226
4530 0.01149990316480398 226.5
4540 0.0115033034235239 227
4550 0.01150676235556602 227.5
4560 0.0115102818235755 228
4570 0.01151386182755232 228.5
4580 0.01151750516146421 229
4590 0.01152120716869831 229.5
4600 0.01152496784925461 230
4610 0.01152878906577826 230.5
4620 0.01153267081826925 231
4630 0.01153661496937275 231.5
4640 0.01154062338173389 232
4650 0.01154469419270754 232.5
4660 0.01154883112758398 233
4670 0.01155303325504065 233.5
4680 0.01155729871243238 234
4690 0.01156162191182375 234.5
4700 0.01156600378453732 235
4710 0.01157043315470219 235.5
4720 0.01157491281628609 236
4730 0.01157945301383734 236.5
4740 0.01158404350280762 237
4750 0.01158866379410028 237.5
4760 0.01159329060465097 238
4770 0.01159791182726622 238.5
4780 0.01160251814872026 239
4790 0.01160710584372282 239.5
4800 0.01161167398095131 240
4810 0.01161624025553465 240.5
4820 0.01162079814821482 241
4830 0.01162534113973379 241.5
4840 0.01162985898554325 242
4850 0.01163434889167547 242.5
4860 0.01163880527019501 243
4870 0.01164321415126324 243.5
4880 0.01164755411446095 244
4890 0.01165181118994951 244.5
4900 0.01165598258376122 245
4910 0.01166007108986378 245.5
4920 0.0116640767082572 246
4930 0.01166800037026405 246.5
4940 0.01167183648794889 247
4950 0.01167558040469885 247.5
4960 0.01167921628803015 248
4970 0.01168272644281387 248.5
4980 0.01168609783053398 249
4990 0.01168933790177107 249.5
5000 0.01169245410710573 250
5010 0.01169544458389282 250.5
5020 0.01169829443097115 251
5030 0.01170098874717951 251.5
5040 0.01170350983738899 252
5050 0.01170585118234158 252.5
5060 0.01170800905674696 253
5070 0.01170998066663742 253.5
5080 0.01171175297349691 254
5090 0.01171332411468029 254.5
5100 0.0117146810516715 255
5110 0.01171580608934164 255.5
5120 0.01171671133488417 256
5130 0.01171741914004087 256.5
5140 0.0117179686203599 257
5150 0.01171839330345392 257.5
5160 0.01171870622783899 258
5170 0.0117189260199666 258.5
5180 0.0117190508171916 259
5190 0.01171904988586903 259.5
5200 0.01171890273690224 260
5210 0.01171862054616213 260.5
5220 0.01171824242919683 261
5230 0.01171781029552221 261.5
5240 0.0117173558101058 262
5250 0.01171688642352819 262.5
5260 0.01171639375388622 263
5270 0.01171586103737354 263.5
5280 0.01171527802944183 264
5290 0.01171464193612337 264.5
5300 0.01171395648270845 265
5310 0.01171323098242283 265.5
5320 0.01171248033642769 266
5330 0.0117126302793622 266.5
5340 0.01171345636248589 267
5350 0.01171419583261013 267.5
5360 0.01171485055238008 268
5370 0.01171542052179575 268.5
5380 0.01171590480953455 269
5390 0.01171630062162876 269.5
5400 0.01171660982072353 270
5410 0.01171683613210917 270.5
5420 0.01171698328107595 271
5430 0.01171704940497875 271.5
5440 0.01171703636646271 272
5450 0.01171694416552782 272.5
5460 0.01171677280217409 273
5470 0.01171652134507895 273.5
5480 0.01171618886291981 274
5490 0.01171577535569668 274.5
5500 0.01171528361737728 275
5510 0.01171471551060677 275.5
5520 0.01171407382935286 276
5530 0.01171336323022842 276.5
5540 0.01171258557587862 277
5550 0.01171174459159374 277.5
5560 0.01171084307134151 278
5570 0.01170988474041224 278.5
5580 0.01170887239277363 279
5590 0.01170780602842569 279.5
5600 0.0117066903039813 280
5610 0.01170552521944046 280.5
5620 0.01170431450009346 281
5630 0.01170305628329515 281.5
5640 0.01170175336301327 282
5650 0.0117004057392478 282.5
5660 0.01169901434332132 283
5670 0.01169757824391127 283.5
5680 0.01169609744101763 284
5690 0.01169457286596298 284.5
5700 0.01169300172477961 285
5710 0.0116913840174675 285.5
5720 0.01168971508741379 286
5730 0.01168798748403788 286.5
5740 0.01168620027601719 287
5750 0.011684350669384 287.5
5760 0.01168243866413832 288
5770 0.01168046239763498 288.5
5780 0.01167842745780945 289
5790 0.01167634036391973 289.5
5800 0.01167420484125614 290
5810 0.01167202275246382 290.5
5820 0.01166979968547821 291
5830 0.01166753750294447 291.5
5840 0.01166524551808834 292
5850 0.0116629283875227 292.5
5860 0.01166058983653784 293
5870 0.01165822520852089 293.5
5880 0.01165583916008472 294
5890 0.01165343634784222 294.5
5900 0.01165102049708366 295
5910 0.01164859533309937 295.5
5920 0.01164616551250219 296
5930 0.01164373476058245 296.5
5940 0.01164130307734013 297
5950 0.0116388788446784 297.5
5960 0.0116364611312747 298
5970 0.01163404993712902 298.5
5980 0.01163164433091879 299
5990 0.0116292480379343 299.5
6000 0.01162756979465485 300
