0 0 0
10 5.237123882913257e-20 0.5
20 1.119709247234068e-16 1
30 1.451334082605244e-14 1.5
40 2.651508889959717e-13 2
50 2.342182944793382e-12 2.5
60 1.368719280382409e-11 3
70 6.043601878778055e-11 3.5
80 2.20300212640984e-10 4
90 7.4172086064619e-10 4.5
100 2.564792240211579e-09 5
110 9.242815783260016e-09 5.5
120 3.437238484703213e-08 6
130 1.26408083646247e-07 6.5
140 4.119194525968712e-07 7
150 1.126779424165381e-06 7.5
160 2.564289047620641e-06 8
170 5.07525420040983e-06 8.5
180 9.230953924973587e-06 9
190 1.589815686892735e-05 9.5
200 2.637393425840238e-05 10
210 4.253725190766144e-05 10.5
220 6.670063214778012e-05 11
230 0.0001004876123583543 11.5
240 0.0001431246817143472 12
250 0.000192214936615998 12.5
260 0.0002450416499016012 13
270 0.0002979528206488204 13.5
280 0.0003480635240037835 14
290 0.0003940978413558372 14.5
300 0.0004370433580995919 15
310 0.000480174716924241 15.5
320 0.0005289471746237949 16
330 0.0005903338560902422 16.5
340 0.0006707762164053095 17
350 0.0007742187463336599 17.5
360 0.0009013872451256748 18
370 0.001049186750677003 18.5
380 0.001210830110011057 19
390 0.001377462058215036 19.5
400 0.001540964556649881 20
410 0.001694634565220118 20.5
420 0.001834087375591777 21
430 0.001957454193764842 21.5
440 0.002064261020152637 22
450 0.002153683810014174 22.5
460 0.002227745191523748 23
470 0.002288617783143268 23.5
480 0.002338497867508598 24
490 0.002379493120677779 24.5
500 0.002413891569373794 25
510 0.00244420748837041 25.5
520 0.002472509614109333 26
530 0.00250038646876078 26.5
540 0.002529134504421818 27
550 0.002559991677021463 27.5
560 0.002593744714949633 28
570 0.002630286330521067 28.5
580 0.002669880125595191 29
590 0.002712749598976016 29.5
600 0.002759154343290003 30
610 0.002809114629589367 30.5
620 0.002862082321658117 31
630 0.00291664017509444 31.5
640 0.002970953871352528 32
650 0.003023781512343284 32.5
660 0.003074849520029694 33
670 0.003124479154814242 33.5
680 0.00317295896557061 34
690 0.00322037321171913 34.5
700 0.003266353370329367 35
710 0.003309877091463808 35.5
720 0.003350887372857931 36
730 0.003389540349774816 36.5
740 0.003426030472536776 37
750 0.003460530968741549 37.5
760 0.003493457797246571 38
770 0.003525320931002024 38.5
780 0.00355664246356748 39
790 0.003587771594471478 39.5
800 0.003618488209586782 40
810 0.00364856825556751 40.5
820 0.003677883908184684 41
830 0.003706346447540843 41.5
840 0.003734044527936249 42
850 0.003761126600031064 42.5
860 0.003787857774443594 43
870 0.003814751362267778 43.5
880 0.003841937488255654 44
890 0.003869550199616031 44.5
900 0.003897551026501407 45
910 0.003926134569657432 45.5
920 0.003955277675037111 46
930 0.003985230680907855 46.5
940 0.004015942939841143 47
950 0.004047193943631397 47.5
960 0.004078997885075432 48
970 0.004111356043041517 48.5
980 0.004144223178256709 49
990 0.004177564227740658 49.5
1000 0.004211410935046415 50
1010 0.004245825082492519 50.5
1020 0.00428084292816744 51
1030 0.004316464754621251 51.5
1040 0.004352665534848366 52
1050 0.004389438672051305 52.5
1060 0.004426712189049109 53
1070 0.004464415273124663 53.5
1080 0.004502494526339087 54
1090 0.004540884316680003 54.5
1100 0.004579576260574122 55
1110 0.004618440866848598 55.5
1120 0.004657308239588041 56
1130 0.004696163615594728 56.5
1140 0.004734932540759109 57
1150 0.004773549646175988 57.5
1160 0.004811993402034466 58
1170 0.004850229544944911 58.5
1180 0.004888243974185991 59
1190 0.004926066417025879 59.5
1200 0.004963720182903059 60
1210 0.005001197837652886 60.5
1220 0.00503856199243827 61
1230 0.005075908896521818 61.5
1240 0.005113263028212473 62
1250 0.005150649739677854 62.5
1260 0.005188133549539615 63
1270 0.005225772121058951 63.5
1280 0.005263578452485876 64
1290 0.005301544765604653 64.5
1300 0.005339677536836466 65
1310 0.00537796092195804 65.5
1320 0.005416375715209502 66
1330 0.005454959681678587 66.5
1340 0.00549369087922164 67
1350 0.005532248620305956 67.5
1360 0.005570761480001668 68
1370 0.005609390738425709 68.5
1380 0.005648209462866398 69
1390 0.005687320306778406 69.5
1400 0.005726825158907116 70
1410 0.005766813422367395 70.5
1420 0.005807470722533266 71
1430 0.005848384761356089 71.5
1440 0.005889622824007292 72
1450 0.00593130901906566 72.5
1460 0.005973307877564705 73
1470 0.006015500954822164 73.5
1480 0.006057860477394162 74
1490 0.006100384601405195 74.5
1500 0.006142758345658588 75
1510 0.006184066944969304 75.5
1520 0.006223898411990349 76
1530 0.006262369072162684 76.5
1540 0.006299173449542011 77
1550 0.006334113331279126 77.5
1560 0.006367533805574782 78
1570 0.006399912848483268 78.5
1580 0.006431586617421013 79
1590 0.006462760209718572 79.5
1600 0.006493457391987806 80
1610 0.00652362603915445 80.5
1620 0.006553183816275576 81
1630 0.006582051841369493 81.5
1640 0.006610146517158335 82
1650 0.006637359259442976 82.5
1660 0.006663684690416155 83
1670 0.006689146824457561 83.5
1680 0.006713793769519632 84
1690 0.006737629244345106 84.5
1700 0.006760601270009632 85
1710 0.006782713339676148 85.5
1720 0.006803966006403142 86
1730 0.006824338211649105 86.5
1740 0.006843843145158157 87
1750 0.006862498192428077 87.5
1760 0.006880305509313631 88
1770 0.006897251149735968 88.5
1780 0.006913290392711808 89
1790 0.006928384219558274 89.5
1800 0.006942518831206272 90
1810 0.006955681925390368 90.5
1820 0.00696786324157654 91
1830 0.006979051441366775 91.5
1840 0.006989245478943125 92
1850 0.006998443839287188 92.5
1860 0.007006638908957081 93
1870 0.007013819529527627 93.5
1880 0.007019975306689732 94
1890 0.007025092150350925 94.5
1900 0.007029164642951191 95
1910 0.007032192335308231 95.5
1920 0.00703418403114897 96
1930 0.00703515722655569 96.5
1940 0.007035127050503466 97
1950 0.007034092942994516 97.5
1960 0.007032048373260401 98
1970 0.007028997270615573 98.5
1980 0.007024939826468851 99
1990 0.007019895982248511 99.5
2000 0.007013878835325666 100
2010 0.007006901909742345 100.5
2020 0.006998986365390206 101
2030 0.006990153371168732 101.5
2040 0.006980436218324263 102
2050 0.006969875634124918 102.5
2060 0.006958496174564891 103
2070 0.006946316427647074 103.5
2080 0.006933361213742699 104
2090 0.006919665262782708 104.5
2100 0.006905175789178849 105
2110 0.006890063874499134 105.5
2120 0.00687435379114874 106
2130 0.006858018615591499 106.5
2140 0.006841076484749099 107
2150 0.006823569806809736 107.5
2160 0.006805552578320976 108
2170 0.006787063576531299 108.5
2180 0.006768134425202934 109
2190 0.006748835608557917 109.5
2200 0.006729238788332407 110
2210 0.006709409062561396 110.5
2220 0.006689496016948567 111
2230 0.006669714987562705 111.5
2240 0.006649957059508078 112
2250 0.006629727266722063 112.5
2260 0.006608739444864865 113
2270 0.006587097342778988 113.5
2280 0.006564950639374927 114
2290 0.006542402554392229 114.5
2300 0.006519552804799675 115
2310 0.006496460348229569 115.5
2320 0.006473194063359318 116
2330 0.006449846335612667 116.5
2340 0.006426484999810383 117
2350 0.006403189516484417 117.5
2360 0.006380001063083213 118
2370 0.006356967697932502 118.5
2380 0.006334164889540826 119
2390 0.006311650123795316 119.5
2400 0.006289453884833606 120
2410 0.006267600694916334 120.5
2420 0.006246065180643753 121
2430 0.006224907521214705 121.5
2440 0.006204239933967039 122
2450 0.00618412492845368 122.5
2460 0.006164594756852795 123
2470 0.006145667745225623 123.5
2480 0.00612738364382043 124
2490 0.006109819354103164 124.5
2500 0.00609298698252533 125
2510 0.006076863430856239 125.5
2520 0.006061408400644954 126
2530 0.006046564451753857 126.5
2540 0.006032253298819323 127
2550 0.006018392115461092 127.5
2560 0.006004894428252422 128
2570 0.005991729556655538 128.5
2580 0.005978874667062571 129
2590 0.005966275715433945 129.5
2600 0.005953862457715773 130
2610 0.005941564985934468 130.5
2620 0.005929343657458589 131
2630 0.005917177348201534 131.5
2640 0.005905062058292584 132
2650 0.005892993323313901 132.5
2660 0.005880982660011119 133
2670 0.00586904407283581 133.5
2680 0.005857188802647841 134
2690 0.005845439162692046 134.5
2700 0.00583383717216674 135
2710 0.005822433268489067 135.5
2720 0.005811267636449684 136
2730 0.005800398942315518 136.5
2740 0.005789917944343932 137
2750 0.005779848837768565 137.5
2760 0.005770203275054203 138
2770 0.005760988514864565 138.5
2780 0.005752203248346295 139
2790 0.005743822810374337 139.5
2800 0.005735819916475375 140
2810 0.005728279044149274 140.5
2820 0.005721044828082758 141
2830 0.005714182426397908 141.5
2840 0.005707606340840263 142
2850 0.005701233976333189 142.5
2860 0.005695069591723883 143
2870 0.005689108011788496 143.5
2880 0.005683272879724361 144
2890 0.005677525272404792 144.5
2900 0.005671854149568829 145
2910 0.005666195214345034 145.5
2920 0.005660591743241462 146
2930 0.005654999540008337 146.5
2940 0.005649402225675048 147
2950 0.005643788404652849 147.5
2960 0.005638173032449154 148
2970 0.005632608965659767 148.5
2980 0.005627050802890774 149
2990 0.005621500236989515 149.5
3000 0.005615966920103389 150
3010 0.005610464416528094 150.5
3020 0.005605004278543104 151
3030 0.005599601714861384 151.5
3040 0.005594270434117947 152
3050 0.005589019164749564 152.5
3060 0.005583860743130276 153
3070 0.005578811950131725 153.5
3080 0.005573886561026485 154
3090 0.005569096760623364 154.5
3100 0.005564455443793184 155
3110 0.005559967680632816 155.5
3120 0.005555639028288811 156
3130 0.005551478485585975 156.5
3140 0.00554749372411147 157
3150 0.005543693620842689 157.5
3160 0.00554008376139703 158
3170 0.005536667433611174 158.5
3180 0.005533444149233091 159
3190 0.005530414579063337 159.5
3200 0.005527579322279247 160
3210 0.005524939871472489 160.5
3220 0.005522496245375506 161
3230 0.0055202489559759 161.5
3240 0.00551819064442834 162
3250 0.005516310534113854 162.5
3260 0.00551460430858507 163
3270 0.005513066075332074 163.5
3280 0.005511687749275681 164
3290 0.005510456849011791 164.5
3300 0.005509356346107734 165
3310 0.00550838423749365 165.5
3320 0.0055075417299619 166
3330 0.005506828831911035 166.5
3340 0.005506245655331681 167
3350 0.005505788871146628 167.5
3360 0.005505441517763492 168
3370 0.005505194494411223 168.5
3380 0.005505048558528148 169
3390 0.005505071180727998 169.5
3400 0.005505347684203772 170
3410 0.005505974137376629 170.5
3420 0.005506986743993204 171
3430 0.005508145651094216 171.5
3440 0.005509085360334097 172
3450 0.005509758995204631 172.5
3460 0.005510285172993699 173
3470 0.005510721531766765 173.5
3480 0.005510852581056411 174
3490 0.005510919858606824 174.5
3500 0.005511525308578747 175
3510 0.005512921852181501 175.5
3520 0.005515028454339824 176
3530 0.005517694827123366 176.5
3540 0.00552079384185006 177
3550 0.005524240843596509 177.5
3560 0.005527966173814554 178
3570 0.005531900028284122 178.5
3580 0.005535981214220151 179
3590 0.005540160207743463 179.5
3600 0.005544416407926051 180
3610 0.005548708838587483 180.5
3620 0.005553047847776135 181
3630 0.005557431324271623 181.5
3640 0.005561828399053679 182
3650 0.005566306335536867 182.5
3660 0.00557096626918029 183
3670 0.005575661133598107 183.5
3680 0.00558038267753583 184
3690 0.005585209661774237 184.5
3700 0.005590105039614776 185
3710 0.005595028631562898 185.5
3720 0.005599947727252323 186
3730 0.005604959807710252 186.5
3740 0.005609981422173041 187
3750 0.005614972954041178 187.5
3760 0.005620083456854406 188
3770 0.005625211124651286 188.5
3780 0.005630444546298794 189
3790 0.005635908010652582 189.5
3800 0.005641438926244853 190
3810 0.005647169898860902 190.5
3820 0.005652979590167011 191
3830 0.005658918735517059 191.5
3840 0.00566508371793415 192
3850 0.005671447834373897 192.5
3860 0.005677949926830544 193
3870 0.00568467342257409 193.5
3880 0.005691617670730131 194
3890 0.005698690140190822 194.5
3900 0.005705972464002952 195
3910 0.00571335790888332 195.5
3920 0.005721015296607775 196
3930 0.005728806980699801 196.5
3940 0.005736694593327696 197
3950 0.005744616695181815 197.5
3960 0.005752726674230281 198
3970 0.005760899831561068 198.5
3980 0.005769115414891438 199
3990 0.005777494166352845 199.5
4000 0.005785931867241593 200
4010 0.005794305665189406 200.5
4020 0.005802724099838369 201
4030 0.005811203499030711 201.5
4040 0.005819721790003545 202
4050 0.005828254550701015 202.5
4060 0.005836910676287281 203
4070 0.005845618611669991 203.5
4080 0.005854266502174413 204
4090 0.005862858558979355 204.5
4100 0.005871371667459583 205
4110 0.005879856181960789 205.5
4120 0.005888125368888351 206
4130 0.005896305714735423 206.5
4140 0.005904423416771948 207
4150 0.00591240798131163 207.5
4160 0.005920321624064417 208
4170 0.005928192795871864 208.5
4180 0.005935918758449708 209
4190 0.005943654196477372 209.5
4200 0.005951287611572094 210
4210 0.005958907678374739 210.5
4220 0.005966476749982318 211
4230 0.005974039108485463 211.5
4240 0.005981499384482348 212
4250 0.005988854479591315 212.5
4260 0.005996166335577587 213
4270 0.006003386400961132 213.5
4280 0.006010545418746408 214
4290 0.006017580835891496 214.5
4300 0.006024561197320858 215
4310 0.006031437248322031 215.5
4320 0.006038280640147513 216
4330 0.006045063081569578 216.5
4340 0.006051746698767203 217
4350 0.006058355812668218 217.5
4360 0.006064870563683404 218
4370 0.006071334445517386 218.5
4380 0.006077707691403086 219
4390 0.006084024842202288 219.5
4400 0.006090280736919743 220
4410 0.006096416325808576 220.5
4420 0.006102500266074219 221
4430 0.006108517498508892 221.5
4440 0.006114480357484625 222
4450 0.006120350724600633 222.5
4460 0.006126185459319604 223
4470 0.006131892364431828 223.5
4480 0.006137584753613362 224
4490 0.006143203081530451 224.5
4500 0.006148714381452531 225
4510 0.006154205574029363 225.5
4520 0.006159571984368619 226
4530 0.0061649116314492 226.5
4540 0.006170173377218294 227
4550 0.00617533273960651 227.5
4560 0.006180421735003366 228
4570 0.006185464104363711 228.5
4580 0.006190380758307257 229
4590 0.006195198405525215 229.5
4600 0.006199908439130999 230
4610 0.006204569483453603 230.5
4620 0.006209091592663122 231
4630 0.006213460110725112 231.5
4640 0.006217722157642015 232
4650 0.006221919828428068 232.5
4660 0.00622596000502757 233
4670 0.006229944551532463 233.5
4680 0.006233818737512819 234
4690 0.006237529789061334 234.5
4700 0.006241225063368211 235
4710 0.00624472153589217 235.5
4720 0.006248076740288767 236
4730 0.006251314881552623 236.5
4740 0.006254466286722261 237
4750 0.006257477262024758 237.5
4760 0.006260287821366063 238
4770 0.00626296123091947 238.5
4780 0.006265446385726593 239
4790 0.006267878646604903 239.5
4800 0.006270106722426179 240
4810 0.006272193401021067 240.5
4820 0.006274294017843232 241
4830 0.006276356857955668 241.5
4840 0.006278281000377216 242
4850 0.006280184215138547 242.5
4860 0.006282013134481647 243
4870 0.006283737273020344 243.5
4880 0.006285389498971119 244
4890 0.006287021508010083 244.5
4900 0.006288536881206728 245
4910 0.006290027506580733 245.5
4920 0.006291446547012828 246
4930 0.006292757795118983 246.5
4940 0.006293986072555239 247
4950 0.006295198794831311 247.5
4960 0.00629640989970847 248
4970 0.006297544413123435 248.5
4980 0.006298652481400459 249
4990 0.006299737008086221 249.5
5000 0.006300765495899517 250
5010 0.006301780913583663 250.5
5020 0.006302739901576544 251
5030 0.006303698833318527 251.5
5040 0.006304507685288551 252
5050 0.006305371223799159 252.5
5060 0.006306152667648125 253
5070 0.00630684603517598 253.5
5080 0.006307481633529498 254
5090 0.006308074157421215 254.5
5100 0.006308632373610085 255
5110 0.006309123138048423 255.5
5120 0.006309506744482028 256
5130 0.006309926686322202 256.5
5140 0.006310305483901053 257
5150 0.006310622950744234 257.5
5160 0.006310975535919096 258
5170 0.006311228429741238 258.5
5180 0.006311385032413456 259
5190 0.006311450302008515 259.5
5200 0.006311443075555563 260
5210 0.006311295327703337 260.5
5220 0.00631103167584755 261
5230 0.006310758952016717 261.5
5240 0.006310369402389615 262
5250 0.006309908513100137 262.5
5260 0.00630939781001619 263
5270 0.006308778953496827 263.5
5280 0.006308023192436995 264
5290 0.0063072308141094 264.5
5300 0.006306362077814415 265
5310 0.00630523142452308 265.5
5320 0.006303992221740121 266
5330 0.006302593529898431 266.5
5340 0.006301117837750839 267
5350 0.006299584855550652 267.5
5360 0.006298032211999825 268
5370 0.006296416616071107 268.5
5380 0.006294760559505774 269
5390 0.006293055306569687 269.5
5400 0.006291256226072131 270
5410 0.006289508260894497 270.5
5420 0.006287680675781802 271
5430 0.006285758404078863 271.5
5440 0.006283821465116405 272
5450 0.006281842851861625 272.5
5460 0.006279807451292448 273
5470 0.006277759810420458 273.5
5480 0.006275659064863803 274
5490 0.006273546817764774 274.5
5500 0.006271438395332077 275
5510 0.006269276445730081 275.5
5520 0.006267070601929164 276
5530 0.00626493818297633 276.5
5540 0.006262688996180768 277
5550 0.006260453825309876 277.5
5560 0.006258217458407688 278
5570 0.006255961841690196 278.5
5580 0.006253714081737561 279
5590 0.006251449487421035 279.5
5600 0.006249151158607932 280
5610 0.006246923372743877 280.5
5620 0.006244692206518177 281
5630 0.00624243919118134 281.5
5640 0.006240212399011051 282
5650 0.006237967143679453 282.5
5660 0.006235773804771598 283
5670 0.006233624100869199 283.5
5680 0.006231448822575502 284
5690 0.006229311622907988 284.5
5700 0.00622712150081202 285
5710 0.006225059849663667 285.5
5720 0.00622296711646093 286
5730 0.006220882699494378 286.5
5740 0.006218951649545119 287
5750 0.006217046151211224 287.5
5760 0.006215102969203057 288
5770 0.006213238278445175 288.5
5780 0.006211428116333716 289
5790 0.006209671213971693 289.5
5800 0.00620795048878317 290
5810 0.006206263008002552 290.5
5820 0.00620453393555148 291
5830 0.006202815140405871 291.5
5840 0.00620123497779956 292
5850 0.006199642962450246 292.5
5860 0.006198097997689994 293
5870 0.006196547065713358 293.5
5880 0.00619505696296487 294
5890 0.006193564728987951 294.5
5900 0.00619206387217208 295
5910 0.006190659383173862 295.5
5920 0.006189280570354156 296
5930 0.006187863362621366 296.5
5940 0.006186566831151846 297
5950 0.006185398530024185 297.5
5960 0.006184227307348645 298
5970 0.006183126862147664 298.5
5980 0.006182007016569747 299
5990 0.006181028939946195 299.5
6000 0.00618011487463373 300
