0 0 0
10 1.295138696897995e-28 0.5
20 1.857327686649144e-25 1
30 4.642519090894967e-28 1.5
40 5.098191753742296e-27 2
50 4.647714257754815e-24 2.5
60 4.465003077133614e-22 3
70 2.898967305449538e-20 3.5
80 4.744697416386715e-19 4
90 3.318230325090804e-18 4.5
100 2.033919288319499e-17 5
110 1.391048415927881e-16 5.5
120 1.079852932557837e-15 6
130 1.25271088171664e-14 6.5
140 1.097758879946215e-13 7
150 5.289802354842096e-13 7.5
160 2.04554173533587e-12 8
170 7.402906903624256e-12 8.5
180 2.67202606247833e-11 9
190 9.456830867809009e-11 9.5
200 3.159807225442184e-10 10
210 9.740317243466854e-10 10.5
220 2.740253417378968e-09 11
230 7.221746790613779e-09 11.5
240 1.68763700323953e-08 12
250 3.47434649032327e-08 12.5
260 6.369663764308139e-08 13
270 1.054347792215111e-07 13.5
280 1.599266390256989e-07 14
290 2.265488087171662e-07 14.5
300 3.05158536469945e-07 15
310 3.97633183194918e-07 15.5
320 5.0732300631383e-07 16
330 6.407417521015572e-07 16.5
340 8.088874175525298e-07 17
350 1.028170248028161e-06 17.5
360 1.320816091309034e-06 18
370 1.713939006633688e-06 18.5
380 2.241721212186526e-06 19
390 2.949718835032706e-06 19.5
400 3.894085591750842e-06 20
410 5.149576980192922e-06 20.5
420 6.812912208010944e-06 21
430 9.00425468217411e-06 21.5
440 1.186474934053132e-05 22
450 1.556350920410769e-05 22.5
460 2.030337357752148e-05 23
470 2.632642749257947e-05 23.5
480 3.390142726752645e-05 24
490 4.330209749296677e-05 24.5
500 5.479806611253359e-05 25
510 6.861842990752937e-05 25.5
520 8.495917073430836e-05 26
530 0.0001039717281267845 26.5
540 0.0001257718138680762 27
550 0.0001504565304926545 27.5
560 0.000178113412897667 28
570 0.0002087584331865195 28.5
580 0.0002423528322084178 29
590 0.0002787238436847772 29.5
600 0.000317463279044143 30
610 0.0003579033280896746 30.5
620 0.0003992177135955594 31
630 0.0004405890082264596 31.5
640 0.0004812006959498333 32
650 0.0005201473378818776 32.5
660 0.0005568312681542691 33
670 0.0005911351806628028 33.5
680 0.0006231129264435667 34
690 0.0006530319865456424 34.5
700 0.0006812235070422003 35
710 0.0007078780371599853 35.5
720 0.0007331142931907367 36
730 0.0007570927257114674 36.5
740 0.0007799987530566593 37
750 0.0008020304525291857 37.5
760 0.000823276340055666 38
770 0.0008437857006502419 38.5
780 0.0008635344270626318 39
790 0.0008824898339791607 39.5
800 0.0009006470997626904 40
810 0.0009180277334882745 40.5
820 0.0009346419338764767 41
830 0.000950485709926861 41.5
840 0.000965573640731322 42
850 0.0009799591001258775 42.5
860 0.0009936969390596173 43
870 0.001006835734984045 43.5
880 0.001019416243685323 44
890 0.001031467857738528 44.5
900 0.0010430374552955 45
910 0.001054232030489814 45.5
920 0.001065161329627728 46
930 0.001075961743004042 46.5
940 0.001086763168256798 47
950 0.001097602201135721 47.5
960 0.001108568035805252 48
970 0.001119795339669193 48.5
980 0.001131507112679207 49
990 0.001143909501195927 49.5
1000 0.001157193747829352 50
1010 0.001171577828368032 50.5
1020 0.001187271872861209 51
1030 0.001204424567580431 51.5
1040 0.001223182164662534 52
1050 0.001243671480475473 52.5
1060 0.001265999868950967 53
1070 0.001290265304294006 53.5
1080 0.001316565033360113 54
1090 0.001345011969574984 54.5
1100 0.001375678780254849 55
1110 0.001408600943935973 55.5
1120 0.001443826778091829 56
1130 0.001481437086008405 56.5
1140 0.001521515793141246 57
1150 0.001564135576767931 57.5
1160 0.001609326525637314 58
1170 0.001657065312720534 58.5
1180 0.001707378212093478 59
1190 0.001760349662426443 59.5
1200 0.00181600850319685 60
1210 0.001874371156412422 60.5
1220 0.00193534513493 61
1230 0.001998736989970166 61.5
1240 0.002064406414017039 62
1250 0.002132194747644524 62.5
1260 0.002201926946588057 63
1270 0.002273386476772143 63.5
1280 0.002346333858130549 64
1290 0.002420599558437315 64.5
1300 0.002495930793513436 65
1310 0.002572080557892149 65.5
1320 0.002648794383090743 66
1330 0.002725839225465125 66.5
1340 0.002802995198338546 67
1350 0.00288002697481899 67.5
1360 0.002956748787606662 68
1370 0.003032958785962059 68.5
1380 0.003108514833265688 69
1390 0.003183335579383475 69.5
1400 0.003257344896844381 70
1410 0.003330495981015207 70.5
1420 0.003402720338449903 71
1430 0.003473973072108808 71.5
1440 0.003544227662838608 72
1450 0.003613454166918774 72.5
1460 0.003681632326817353 73
1470 0.003748751890785968 73.5
1480 0.003814830915380322 74
1490 0.003879893989387633 74.5
1500 0.003943951968605149 75
1510 0.004007047318864469 75.5
1520 0.004069233274559917 76
1530 0.004130564924952076 76.5
1540 0.004191087188110805 77
1550 0.004250829479750143 77.5
1560 0.004309810182144881 78
1570 0.004368061556425715 78.5
1580 0.004425605593749842 79
1590 0.004482446782938728 79.5
1600 0.00453859407923939 80
1610 0.004594054805684099 80.5
1620 0.004648837758162186 81
1630 0.004702927533586587 81.5
1640 0.004756306086205801 82
1650 0.004808979387616582 82.5
1660 0.004860940248932482 83
1670 0.004912164376187327 83.5
1680 0.004962606633039855 84
1690 0.005012197537116493 84.5
1700 0.005060888113603948 85
1710 0.005108619518759533 85.5
1720 0.005155332459318783 86
1730 0.005200950124538477 86.5
1740 0.005245391594927653 87
1750 0.005288586318817687 87.5
1760 0.005330469033935291 88
1770 0.005370977165969316 88.5
1780 0.005410051024078243 89
1790 0.005447634848317858 89.5
1800 0.005483676290870665 90
1810 0.005518122616018357 90.5
1820 0.005550923809076949 91
1830 0.005582038347924773 91.5
1840 0.005611439257877335 92
1850 0.005639116469200317 92.5
1860 0.005665072669415004 93
1870 0.005689320989894406 93.5
1880 0.005711885032268413 94
1890 0.005732786593119363 94.5
1900 0.00575204895195528 95
1910 0.005769688011924201 95.5
1920 0.005785721777292338 96
1930 0.005800171097981499 96.5
1940 0.005813056434176248 97
1950 0.005824389783818642 97.5
1960 0.005834179680988726 98
1970 0.005842428011722732 98.5
1980 0.005849132561218156 99
1990 0.005854310798869222 99.5
2000 0.005857974837302795 100
2010 0.005860138485948959 100.5
2020 0.005860797487622429 101
2030 0.005859952771003668 101.5
2040 0.005857582917426873 102
2050 0.005853651571933609 102.5
2060 0.005848179159296496 103
2070 0.00584122825049305 103.5
2080 0.005832858716701143 104
2090 0.00582317373010745 104.5
2100 0.005812307722741439 105
2110 0.005800369189357437 105.5
2120 0.0057874404545617 106
2130 0.005773585909403313 106.5
2140 0.005758854738226044 107
2150 0.005743301939330719 107.5
2160 0.005726980324118657 108
2170 0.005709919452201121 108.5
2180 0.005692154001199882 109
2190 0.005673730065555591 109.5
2200 0.005654695265575416 110
2210 0.005635113620702517 110.5
2220 0.005615066934769643 111
2230 0.005594639549496228 111.5
2240 0.005573913849853115 112
2250 0.005552962051389908 112.5
2260 0.005531850345304054 113
2270 0.00551067689912274 113.5
2280 0.005489523345349352 114
2290 0.00546843689646736 114.5
2300 0.005447467398010194 115
2310 0.005426663596569127 115.5
2320 0.005406051474281587 116
2330 0.005385668877784329 116.5
2340 0.005365564729769541 117
2350 0.005345783723175898 117.5
2360 0.005326360478491044 118
2370 0.005307307028852477 118.5
2380 0.005288638205694859 119
2390 0.005270368932383645 119.5
2400 0.005252513963661254 120
2410 0.005235081449005759 120.5
2420 0.005218060475380711 121
2430 0.005201444745549391 121.5
2440 0.005185226784003421 122
2450 0.005169399925231211 122.5
2460 0.00515395600190095 123
2470 0.005138884420979391 123.5
2480 0.005124165801888597 124
2490 0.005109781816688974 124.5
2500 0.005095714169963648 125
2510 0.005081939803035672 125.5
2520 0.005068436315542301 126
2530 0.005055180235969281 126.5
2540 0.005042148613983991 127
2550 0.005029321169271913 127.5
2560 0.005016681422700213 128
2570 0.005004208577656106 128.5
2580 0.004991886448259386 129
2590 0.004979702963390376 129.5
2600 0.004967643102918513 130
2610 0.004955697095370506 130.5
2620 0.004943858635086658 131
2630 0.004932123848789141 131.5
2640 0.004920487052012399 132
2650 0.004908949463600039 132.5
2660 0.004897517352088813 133
2670 0.00488619717175675 133.5
2680 0.004875000195878518 134
2690 0.004863943683365699 134.5
2700 0.004853043844460393 135
2710 0.004842314258647898 135.5
2720 0.004831770661106709 136
2730 0.004821431185817038 136.5
2740 0.004811313539537352 137
2750 0.004801433538767252 137.5
2760 0.004791806628214476 138
2770 0.004782446487515399 138.5
2780 0.004773366301107394 139
2790 0.004764577530586714 139.5
2800 0.004756088432442729 140
2810 0.004747904359070078 140.5
2820 0.004740028820906664 141
2830 0.004732461854504024 141.5
2840 0.004725201942709717 142
2850 0.004718246232859657 142.5
2860 0.004711592923719709 143
2870 0.00470523801435047 143.5
2880 0.004699172804566294 144
2890 0.004693388480353634 144.5
2900 0.004687872348244435 145
2910 0.004682610889613179 145.5
2920 0.004677591664611327 146
2930 0.004672799608455752 146.5
2940 0.004668220764978904 147
2950 0.004663843245239527 147.5
2960 0.004659654883490163 148
2970 0.004655640613739187 148.5
2980 0.00465178456044461 149
2990 0.004648071185652632 149.5
3000 0.004644486215322355 150
3010 0.004641019708484993 150.5
3020 0.004637660023468104 151
3030 0.004634391683623951 151.5
3040 0.004631207041525114 152
3050 0.004628102988277981 152.5
3060 0.004625075917237607 153
3070 0.004622121364859548 153.5
3080 0.004619235228684758 154
3090 0.004616414238029067 154.5
3100 0.004613656546395233 155
3110 0.004610961152356602 155.5
3120 0.004608328137487075 156
3130 0.004605756659275644 156.5
3140 0.004603246078171195 157
3150 0.004600794623717366 157.5
3160 0.004598399039970485 158
3170 0.00459606032382572 158.5
3180 0.004593778648740259 159
3190 0.004591547085485349 159.5
3200 0.004589358007952449 160
3210 0.004587207564830568 160.5
3220 0.00458509336037539 161
3230 0.004583011286461602 161.5
3240 0.004580953123033356 162
3250 0.004578909701135222 162.5
3260 0.00457687340709908 163
3270 0.004574836820326271 163.5
3280 0.004572792142311992 164
3290 0.004570731406110993 164.5
3300 0.004568646309779639 165
3310 0.004566528348090008 165.5
3320 0.004564369538517918 166
3330 0.004562161735758886 166.5
3340 0.004559894663075048 167
3350 0.004557556565246183 167.5
3360 0.004555138588319771 168
3370 0.004552630378403102 168.5
3380 0.004550020410234655 169
3390 0.004547289262608153 169.5
3400 0.004544422406593809 170
3410 0.004541410225932648 170.5
3420 0.00453824519796859 171
3430 0.004534918452302195 171.5
3440 0.004531419126665369 172
3450 0.004527737212990212 172.5
3460 0.004523863453146046 173
3470 0.004519788251664417 173.5
3480 0.004515500794332906 174
3490 0.004510989765174815 174.5
3500 0.004506246225307913 175
3510 0.004501261718948184 175.5
3520 0.004496029450139925 176
3530 0.004490543372336744 176.5
3540 0.004484798038883946 177
3550 0.004478789364368012 177.5
3560 0.004472516310033522 178
3570 0.004465979029029983 178.5
3580 0.00445917156942644 179
3590 0.00445208405086466 179.5
3600 0.004444714456241367 180
3610 0.004437065361720676 180.5
3620 0.004429140223587911 181
3630 0.004420945872309532 181.5
3640 0.004412491584933149 182
3650 0.004403782072954705 182.5
3660 0.004394825335575225 183
3670 0.004385634202454925 183.5
3680 0.004376218631422154 184
3690 0.004366593646020762 184.5
3700 0.004356775842164794 185
3710 0.00434677874665823 185.5
3720 0.004336617176260551 186
3730 0.004326310301781352 186.5
3740 0.004315876379771473 187
3750 0.004305331055798017 187.5
3760 0.004294687736832794 188
3770 0.004283958214811303 188.5
3780 0.00427315516565741 189
3790 0.0042622914578733 189.5
3800 0.004251376596790068 190
3810 0.004240421427603433 190.5
3820 0.004229440487435555 191
3830 0.004218448685218769 191.5
3840 0.004207459617165843 192
3850 0.004196486718958107 192.5
3860 0.004185543439060389 193
3870 0.004174642724211042 193.5
3880 0.004163797634625516 194
3890 0.004153020936152332 194.5
3900 0.004142326008621271 195
3910 0.00413172653191276 195.5
3920 0.004121235833682719 196
3930 0.004110866243592711 196.5
3940 0.004100629289542848 197
3950 0.004090535825905225 197.5
3960 0.004080596538324175 198
3970 0.004070821603014694 198.5
3980 0.004061219193253391 199
3990 0.004051799638883504 199.5
4000 0.004042573690046659 200
4010 0.004033552851252257 200.5
4020 0.004024747791018333 201
4030 0.004016168350164515 201.5
4040 0.004007819755290471 202
4050 0.003999703376341259 202.5
4060 0.003991820758793467 203
4070 0.003984176825573177 203.5
4080 0.003976775915913296 204
4090 0.003969622835492049 204.5
4100 0.003962720652208348 205
4110 0.003956070812312274 205.5
4120 0.003949675083982734 206
4130 0.003943534616073345 206.5
4140 0.003937648423157516 207
4150 0.003932018157119334 207.5
4160 0.003926650023689435 208
4170 0.003921548556862982 208.5
4180 0.003916716167337055 209
4190 0.003912153923061498 209.5
4200 0.003907862163085645 210
4210 0.003903841801351305 210.5
4220 0.003900091162697007 211
4230 0.00389660724322318 211.5
4240 0.003893393120512933 212
4250 0.003890451776804655 212.5
4260 0.003887785703943753 213
4270 0.003885396742568235 213.5
4280 0.003883288172683492 214
4290 0.003881460914069364 214.5
4300 0.003879915059463775 215
4310 0.00387865103829007 215.5
4320 0.003877668686745697 216
4330 0.003876965969224637 216.5
4340 0.003876538933825078 217
4350 0.003876382032529734 217.5
4360 0.003876489170902335 218
4370 0.003876850764289214 218.5
4380 0.003877455282710641 219
4390 0.003878301925712132 219.5
4400 0.00387938598956871 220
4410 0.003880698315430908 220.5
4420 0.003882228422193377 221
4430 0.00388396565253924 221.5
4440 0.003885897425873058 222
4450 0.003888011729321815 222.5
4460 0.003890299778764342 223
4470 0.003892752075655494 223.5
4480 0.003895355152667567 224
4490 0.003898098965275495 224.5
4500 0.003900970128966117 225
4510 0.003903952245123939 225.5
4520 0.003907036922030002 226
4530 0.003910221639047974 226.5
4540 0.003913504031727875 227
4550 0.003916880568131422 227.5
4560 0.003920345971008343 228
4570 0.003923892645708948 228.5
4580 0.003927518252702596 229
4590 0.003931221695788255 229.5
4600 0.003934997491741559 230
4610 0.003938837600105148 230.5
4620 0.00394273721942342 231
4630 0.003946692252397678 231.5
4640 0.003950697699797304 232
4650 0.003954747344466427 232.5
4660 0.003958834853011199 233
4670 0.003962952810892146 233.5
4680 0.003967099623305957 234
4690 0.003971273454778156 234.5
4700 0.003975469906242002 235
4710 0.003979684720653221 235.5
4720 0.003983914205501167 236
4730 0.003988151622402478 236.5
4740 0.003992388496546888 237
4750 0.003996626278292782 237.5
4760 0.004000861849026982 238
4770 0.004005092557829761 238.5
4780 0.004009317488630984 239
4790 0.004013534471489222 239.5
4800 0.00401774136500992 240
4810 0.004021937351419079 240.5
4820 0.004026120997301163 241
4830 0.004030289916340203 241.5
4840 0.004034440351325812 242
4850 0.004038568190533324 242.5
4860 0.0040426649396804 243
4870 0.004046725837651772 243.5
4880 0.004050748648303622 244
4890 0.004054730625674768 244.5
4900 0.004058669333598628 245
4910 0.004062563188857852 245.5
4920 0.004066410488266847 246
4930 0.004070209096972771 246.5
4940 0.004073957511988086 247
4950 0.004077653816903061 247.5
4960 0.004081296595524543 248
4970 0.004084886436121792 248.5
4980 0.004088424129502476 249
4990 0.004091910763150559 249.5
5000 0.004095346887047943 250
5010 0.004098733406442575 250.5
5020 0.004102071239393964 251
5030 0.004105361239571023 251.5
5040 0.004108604413915808 252
5050 0.004111801717780408 252.5
5060 0.004114955289483449 253
5070 0.004118069850054407 253.5
5080 0.004121148548898671 254
5090 0.004124195044423459 254.5
5100 0.004127213869777992 255
5110 0.004130208938671104 255.5
5120 0.004133186237110086 256
5130 0.004136147874577151 256.5
5140 0.004139094947300831 257
5150 0.004142026737499516 257.5
5160 0.004144942359716353 258
5170 0.004147845518211495 258.5
5180 0.004150736869915966 259
5190 0.004153614909525778 259.5
5200 0.004156483096239554 260
5210 0.004159345368605975 260.5
5220 0.004162204213925445 261
5230 0.004165062379798884 261.5
5240 0.004167921835690942 262
5250 0.004170781546033658 262.5
5260 0.004173638079713812 263
5270 0.004176491140586368 263.5
5280 0.00417934342968412 264
5290 0.004182191240656621 264.5
5300 0.004185032175369591 265
5310 0.004187867707865174 265.5
5320 0.004190700561006741 266
5330 0.004193533415192532 266.5
5340 0.004196368140370962 267
5350 0.004199203636808533 267.5
5360 0.00420203481771422 268
5370 0.004204864188207543 268.5
5380 0.004207692698197428 269
5390 0.004210522078214263 269.5
5400 0.004213354835622077 270
5410 0.004216192594624767 270.5
5420 0.004219035372149455 271
5430 0.004221882192052901 271.5
5440 0.004224731344423196 272
5450 0.004227580192607969 272.5
5460 0.004230425890145994 273
5470 0.004233265726181096 273.5
5480 0.004236097649184156 274
5490 0.004238919942427092 274.5
5500 0.004241730455347793 275
5510 0.004244528520524314 275.5
5520 0.004247313687309668 276
5530 0.004250084946755547 276.5
5540 0.004252840821170398 277
5550 0.004255579815055917 277.5
5560 0.004258299777083115 278
5570 0.004260997940118493 278.5
5580 0.004263671603987996 279
5590 0.004266318015738537 279.5
5600 0.004268934257206519 280
5610 0.004271517160187771 280.5
5620 0.004274063430545108 281
5630 0.004276569609838105 281.5
5640 0.004279032195632179 282
5650 0.004281447664537017 282.5
5660 0.004283812416189923 283
5670 0.0042861227268971 283.5
5680 0.004288374779444726 284
5690 0.004290564514191493 284.5
5700 0.004292687992248621 285
5710 0.004294741394984081 285.5
5720 0.004296720998843558 286
5730 0.00429862306466105 286.5
5740 0.004300444061805671 287
5750 0.004302180654275589 287.5
5760 0.004303829755174204 288
5770 0.004305388567188737 288.5
5780 0.004306854241719887 289
5790 0.004308224074336357 289.5
5800 0.004309495697073251 290
5810 0.004310667125140724 290.5
5820 0.004311736403583684 291
5830 0.004312701334064348 291.5
5840 0.004313560117756615 292
5850 0.004314311864715784 292.5
5860 0.004314956132740889 293
5870 0.004315492069782774 293.5
5880 0.004315919211158345 294
5890 0.004316237534603517 294.5
5900 0.004316448787768194 295
5910 0.004316554127942927 295.5
5920 0.004316553990932203 296
5930 0.004316448899541444 296.5
5940 0.004316239619315902 297
5950 0.004315927441269831 297.5
5960 0.004315513275864433 298
5970 0.004314997658069606 298.5
5980 0.004314381683307558 299
5990 0.004313666961873325 299.5
6000 0.004312854919786047 300
