0 0 0
10 5.035531175081775e-29 0.5
20 7.221335823618658e-26 1
30 1.805022865049573e-28 1.5
40 1.982189519470136e-27 2
50 1.807042758729314e-24 2.5
60 1.736004201371892e-22 3
70 1.127125633501451e-20 3.5
80 1.844750049841727e-19 4
90 1.290136128903921e-18 4.5
100 7.907928323401506e-18 5
110 5.40843052657599e-17 5.5
120 4.198494817135969e-16 6
130 4.870570783929821e-15 6.5
140 4.268113581913448e-14 7
150 2.056688193444217e-13 7.5
160 7.953116683861929e-13 8
170 2.878268450221745e-12 8.5
180 1.038890318887627e-11 9
190 3.676839149844231e-11 9.5
200 1.228540837291956e-10 10
210 3.787059351414538e-10 10.5
220 1.06541728263432e-09 11
230 2.80783295177432e-09 11.5
240 6.561574264121883e-09 12
250 1.350834478728937e-08 12.5
260 2.476540971000618e-08 13
270 4.099330202853158e-08 13.5
280 6.217987142757596e-08 14
290 8.808273520861192e-08 14.5
300 1.186463911098598e-07 15
310 1.546007616806397e-07 15.5
320 1.972484352639725e-07 16
330 2.491219724660907e-07 16.5
340 3.144974216254118e-07 17
350 3.997551265851131e-07 17.5
360 5.135365517427767e-07 18
370 6.663837101589104e-07 18.5
380 8.715867325132066e-07 19
390 1.146857953291696e-06 19.5
400 1.514030075903331e-06 20
410 2.002168222164334e-06 20.5
420 2.648877058395569e-06 21
430 3.50087641339581e-06 21.5
440 4.613043786883461e-06 22
450 6.051130738249328e-06 22.5
460 7.894001689071085e-06 23
470 1.023577989638702e-05 23.5
480 1.318095847913978e-05 24
490 1.683596223281081e-05 24.5
500 2.130562316644205e-05 25
510 2.667901467326334e-05 25.5
520 3.303233498206559e-05 26
530 4.042446415689058e-05 26.5
540 4.890039122421192e-05 27
550 5.849786988876248e-05 27.5
560 6.925093393430231e-05 28
570 8.116579335400228e-05 28.5
580 9.422737849450317e-05 29
590 0.0001083685174008708 29.5
600 0.000123430505350453 30
610 0.000139153696092753 30.5
620 0.0001552168310058328 31
630 0.0001713020923269837 31.5
640 0.00018709201661027 32
650 0.0002022345669860158 32.5
660 0.0002164973694915379 33
670 0.0002298348152243947 33.5
680 0.000242267841600145 34
690 0.0002539004459099375 34.5
700 0.0002648613785632034 35
710 0.0002752247255689514 35.5
720 0.0002850366441140122 36
730 0.0002943595177781943 36.5
740 0.0003032654376669485 37
750 0.0003118314167238369 37.5
760 0.0003200918701592961 38
770 0.0003280659601082983 38.5
780 0.0003357443136125162 39
790 0.000343114222541433 39.5
800 0.0003501738122306453 40
810 0.0003569314454615479 40.5
820 0.0003633910875218327 41
830 0.0003695511867006937 41.5
840 0.0003754174113849928 42
850 0.0003810105134537253 42.5
860 0.0003863518190910896 43
870 0.0003914602153299598 43.5
880 0.0003963515481204483 44
890 0.0004010372453681883 44.5
900 0.0004055355334141576 45
910 0.0004098880118412001 45.5
920 0.000414137350283683 46
930 0.0004183365776243888 46.5
940 0.0004225361983851491 47
950 0.0004267504410836552 47.5
960 0.0004310139846308808 48
970 0.0004353791880453415 48.5
980 0.0004399327542578758 49
990 0.0004447548334815916 49.5
1000 0.0004499197813146156 50
1010 0.0004555123472807851 50.5
1020 0.0004616142304611575 51
1030 0.0004682832404445805 51.5
1040 0.0004755762404223266 52
1050 0.0004835425369108235 52.5
1060 0.0004922238693833209 53
1070 0.0005016583304521983 53.5
1080 0.0005118837299345686 54
1090 0.000522943968848643 54.5
1100 0.0005348673004260755 55
1110 0.0005476675188092118 55.5
1120 0.0005613634099508262 56
1130 0.0005759863903676684 56.5
1140 0.0005915690904837079 57
1150 0.0006081397674035957 57.5
1160 0.000625710119707047 58
1170 0.0006442710777877456 58.5
1180 0.0006638328570711551 59
1190 0.0006844282875204047 59.5
1200 0.0007060685819953964 60
1210 0.0007287601254132087 60.5
1220 0.0007524669585446269 61
1230 0.0007771138680274157 61.5
1240 0.0008026463019535823 62
1250 0.0008290025731472093 62.5
1260 0.0008561146239667997 63
1270 0.0008838982654301048 63.5
1280 0.0009122603870971222 64
1290 0.0009411350744205492 64.5
1300 0.000970424044288546 65
1310 0.001000031260366836 65.5
1320 0.001029857784682148 66
1330 0.001059813009291271 66.5
1340 0.001089811441712326 67
1350 0.001119761586269682 67.5
1360 0.001149591216179314 68
1370 0.001179221851376199 68.5
1380 0.00120859822879235 69
1390 0.001237688719295135 69.5
1400 0.001266463724336179 70
1410 0.001294905046158736 70.5
1420 0.001322986054342163 71
1430 0.001350689292806782 71.5
1440 0.001378004450840423 72
1450 0.00140491988625074 72.5
1460 0.001431427722859381 73
1470 0.001457523974761309 73.5
1480 0.001483215662389887 74
1490 0.001508512345926189 74.5
1500 0.001533418246130941 75
1510 0.001557949873824136 75.5
1520 0.001582127926669494 76
1530 0.00160597382350731 76.5
1540 0.001629505028593856 77
1550 0.001652732978831251 77.5
1560 0.001675664821293241 78
1570 0.001698313099186957 78.5
1580 0.001720686362728516 79
1590 0.00174278635718277 79.5
1600 0.001764616564371831 80
1610 0.001786179831508696 80.5
1620 0.001807479578456814 81
1630 0.001828509816457972 81.5
1640 0.001849263529279508 82
1650 0.001869743038692958 82.5
1660 0.001889945549641554 83
1670 0.001909861616571368 83.5
1680 0.00192947369036167 84
1690 0.001948754756094359 84.5
1700 0.001967685772241319 85
1710 0.001986243860210359 85.5
1720 0.002004405966634114 86
1730 0.002022142227306302 86.5
1740 0.002039421180529394 87
1750 0.002056215395640739 87.5
1760 0.002072499498507629 88
1770 0.002088249160083661 88.5
1780 0.00210344117242253 89
1790 0.002118053855920496 89.5
1800 0.002132066857617091 90
1810 0.00214545967373506 90.5
1820 0.002158212858441996 91
1830 0.002170310267834657 91.5
1840 0.002181741414089223 92
1850 0.002192502382068175 92.5
1860 0.002202594216686411 93
1870 0.002212022023454122 93.5
1880 0.002220794978743182 94
1890 0.002228921557118526 94.5
1900 0.002236410809710252 95
1910 0.002243268919701512 95.5
1920 0.002249502887195386 96
1930 0.002255120818692861 96.5
1940 0.002260130669164126 97
1950 0.002264537103438621 97.5
1960 0.002268343439587706 98
1970 0.002271550410906913 98.5
1980 0.002274157156275571 99
1990 0.002276170467837211 99.5
2000 0.002277595055011013 100
2010 0.00227843628693743 100.5
2020 0.002278692508412329 101
2030 0.002278364080508965 101.5
2040 0.002277442675597282 102
2050 0.002275914158779835 102.5
2060 0.002273786471258561 103
2070 0.002271083940783737 103.5
2080 0.002267829845416886 104
2090 0.002264064298758478 104.5
2100 0.002259839568312908 105
2110 0.002255197837108066 105.5
2120 0.002250171113153772 106
2130 0.002244784431848617 106.5
2140 0.002239056916186683 107
2150 0.002233009949642886 107.5
2160 0.002226664065420225 108
2170 0.002220030756368415 108.5
2180 0.002213123505232271 109
2190 0.002205960233643928 109.5
2200 0.002198559456496184 110
2210 0.002190946064706329 110.5
2220 0.00218315186380616 111
2230 0.002175209646064072 111.5
2240 0.002167151442959783 112
2250 0.002159005332076972 112.5
2260 0.002150797048716348 113
2270 0.002142564760654437 113.5
2280 0.002134340206809757 114
2290 0.002126141743512246 114.5
2300 0.002117988750828158 115
2310 0.002109900181552325 115.5
2320 0.00210188613760382 116
2330 0.002093961333848293 116.5
2340 0.002086144791549048 117
2350 0.002078453887430797 117.5
2360 0.002070902082024467 118
2370 0.002063494053843574 118.5
2380 0.00205623556938647 119
2390 0.002049132430894427 119.5
2400 0.002042190375047663 120
2410 0.002035412570383339 120.5
2420 0.002028794773885987 121
2430 0.002022334537174448 121.5
2440 0.002016028953752641 122
2450 0.00200987543205323 122.5
2460 0.002003870796597478 123
2470 0.001998010928787949 123.5
2480 0.001992288293408174 124
2490 0.001986695764510065 124.5
2500 0.001981226228790448 125
2510 0.001975870720978893 125.5
2520 0.001970620531759155 126
2530 0.00196546653534864 126.5
2540 0.00196039980860146 127
2550 0.001955412466481345 127.5
2560 0.001950498101860832 128
2570 0.001945648628965613 128.5
2580 0.00194085775468557 129
2590 0.00193612078573962 129.5
2600 0.00193143188226398 130
2610 0.001926787245085751 130.5
2620 0.001922184422548902 131
2630 0.001917621908713465 131.5
2640 0.001913097493445222 132
2650 0.001908611650633571 132.5
2660 0.001904166817501053 133
2670 0.001899765503486872 133.5
2680 0.001895412091668005 134
2690 0.001891113292351814 134.5
2700 0.00188687540812038 135
2710 0.001882703718711057 135.5
2720 0.001878604342000027 136
2730 0.001874584328523492 136.5
2740 0.001870650562712785 137
2750 0.001866809194061934 137.5
2760 0.001863066227511376 138
2770 0.001859426981737449 138.5
2780 0.0018558965828819 139
2790 0.001852479487241601 139.5
2800 0.00184917890495997 140
2810 0.001845996917061234 140.5
2820 0.001842934888412302 141
2830 0.001839992833224502 141.5
2840 0.001837170161625226 142
2850 0.001834465764491646 142.5
2860 0.00183187894149949 143
2870 0.001829408137073658 143.5
2880 0.001827049968560526 144
2890 0.001824801009049904 144.5
2900 0.001822656323290127 145
2910 0.001820610655206272 145.5
2920 0.001818659168154568 146
2930 0.001816796004910204 146.5
2940 0.001815015739280838 147
2950 0.001813313748816808 147.5
2960 0.001811685303445516 148
2970 0.001810124545472286 148.5
2980 0.001808625302447263 149
2990 0.001807181533175713 149.5
3000 0.001805787687875353 150
3010 0.001804439901473018 150.5
3020 0.001803133647657769 151
3030 0.001801862909070819 151.5
3040 0.00180062471237354 152
3050 0.001799417848820433 152.5
3060 0.001798240916139053 153
3070 0.001797092178892319 153.5
3080 0.001795970042034044 154
3090 0.001794873233914159 154.5
3100 0.001793801036609986 155
3110 0.001792753060764375 155.5
3120 0.001791729338093459 156
3130 0.001790729541026881 156.5
3140 0.001789753420905591 157
3150 0.001788800289371794 157.5
3160 0.001787868880506563 158
3170 0.001786959581905198 158.5
3180 0.001786072461008281 159
3190 0.001785204823714593 159.5
3200 0.001784353704974339 160
3210 0.001783517607388311 160.5
3220 0.001782695599485216 161
3230 0.001781886084015806 161.5
3240 0.001781085865002107 162
3250 0.00178029137753165 162.5
3260 0.001779499661391503 163
3270 0.001778707831434619 163.5
3280 0.001777912855583109 164
3290 0.001777111636269023 164.5
3300 0.001776300945676213 165
3310 0.001775477476951103 165.5
3320 0.001774638126468613 166
3330 0.001773779727314286 166.5
3340 0.00177289828386711 167
3350 0.001771989225668491 167.5
3360 0.001771049110279866 168
3370 0.00177007391208223 168.5
3380 0.001769059150025497 169
3390 0.001767997273096799 169.5
3400 0.001766882632412425 170
3410 0.001765711489147183 170.5
3420 0.00176448091847385 171
3430 0.001763187471559259 171.5
3440 0.001761826925126803 172
3450 0.001760395388015016 172.5
3460 0.001758889260639871 173
3470 0.001757304812259583 173.5
3480 0.001755637838281709 174
3490 0.00175388393902662 174.5
3500 0.001752039639034871 175
3510 0.001750101650676796 175.5
3520 0.001748067331668067 176
3530 0.001745934331096545 176.5
3540 0.001743700531289459 177
3550 0.001741364343827963 177.5
3560 0.001738925364841391 178
3570 0.001736383653874648 178.5
3580 0.001733736896802309 179
3590 0.00173098125211674 179.5
3600 0.001728115935563216 180
3610 0.001725141948760696 180.5
3620 0.00172206063552143 181
3630 0.001718874651547615 181.5
3640 0.001715587603778226 182
3650 0.001712201324054499 182.5
3660 0.001708718922485508 183
3670 0.001705145387274766 183.5
3680 0.001701484590050478 184
3690 0.001697742372003523 184.5
3700 0.001693925185666185 185
3710 0.001690038290293192 185.5
3720 0.001686087446677148 186
3730 0.001682080108476076 186.5
3740 0.001678023373881939 187
3750 0.001673923325929789 187.5
3760 0.001669785177283309 188
3770 0.001665613512676086 188.5
3780 0.001661413260538561 189
3790 0.001657189424176101 189.5
3800 0.001652945699284864 190
3810 0.001648686302503676 190.5
3820 0.001644416885901462 191
3830 0.001640143246107861 191.5
3840 0.001635870669363908 192
3850 0.001631604379495619 192.5
3860 0.001627349605299265 193
3870 0.001623111380498629 193.5
3880 0.001618894782937668 194
3890 0.00161470477600975 194.5
3900 0.001610546561825672 195
3910 0.00160642545915666 195.5
3920 0.001602346649828187 196
3930 0.001598314927643055 196.5
3940 0.001594334774677243 197
3950 0.001590410411137374 197.5
3960 0.001586545991628301 198
3970 0.001582745472687496 198.5
3980 0.00157901203210505 199
3990 0.001575349686149474 199.5
4000 0.001571762614502328 200
4010 0.001568255290145223 200.5
4020 0.001564831861024266 201
4030 0.001561496153274382 201.5
4040 0.001558250199010405 202
4050 0.00155509453087035 202.5
4060 0.001552029749739323 203
4070 0.001549057769663119 203.5
4080 0.001546180277746188 204
4090 0.001543399142448067 204.5
4100 0.001540715556575415 205
4110 0.001538130082433828 205.5
4120 0.001535643407495623 206
4130 0.001533255978437919 206.5
4140 0.001530967412124427 207
4150 0.001528778350811752 207.5
4160 0.001526691207303262 208
4170 0.00152470774442745 208.5
4180 0.001522828899469282 209
4190 0.001521055087650291 209.5
4200 0.001519386440793693 210
4210 0.001517823314242316 210.5
4220 0.00151636505668925 211
4230 0.001515010500210941 211.5
4240 0.001513760841379284 212
4250 0.001512617239695917 212.5
4260 0.001511580663996475 213
4270 0.001510651829925553 213.5
4280 0.00150983201275733 214
4290 0.001509121570104476 214.5
4300 0.001508520538023725 215
4310 0.00150802908347593 215.5
4320 0.001507647142774256 216
4330 0.001507373924470066 216.5
4340 0.001507207892054195 217
4350 0.001507146888443847 217.5
4360 0.001507188544107181 218
4370 0.001507329132507226 218.5
4380 0.001507564170759445 219
4390 0.001507893347645163 219.5
4400 0.001508314834344514 220
4410 0.001508825069874253 220.5
4420 0.001509419979154785 221
4430 0.001510095418595043 221.5
4440 0.001510846496828512 222
4450 0.001511668543220555 222.5
4460 0.001512558142483211 223
4470 0.001513511601558716 223.5
4480 0.001514523684316865 224
4490 0.001515590485421558 224.5
4500 0.001516706800941086 225
4510 0.001517866255053328 225.5
4520 0.001519065585037271 226
4530 0.001520303810863294 226.5
4540 0.001521580013227419 227
4550 0.001522892818903334 227.5
4560 0.001524240176083129 228
4570 0.001525619131948284 228.5
4580 0.001527028776883521 229
4590 0.001528468684683175 229.5
4600 0.001529936723456099 230
4610 0.001531429767052655 230.5
4620 0.001532945948655069 231
4630 0.001534483675223509 231.5
4640 0.001536041003044789 232
4650 0.001537615514873385 232.5
4660 0.001539204748270156 233
4670 0.001540805820443881 233.5
4680 0.001542418111331103 234
4690 0.001544040907294819 234.5
4700 0.001545672497967041 235
4710 0.00154731122819846 235.5
4720 0.001548955662331837 236
4730 0.001550603180467113 236.5
4740 0.001552250487577168 237
4750 0.001553898147564917 237.5
4760 0.00155554494790587 238
4770 0.001557189857915903 238.5
4780 0.00155883252142469 239
4790 0.001560472094753654 239.5
4800 0.001562107745323316 240
4810 0.001563739155181129 240.5
4820 0.001565365767011599 241
4830 0.001566986653009196 241.5
4840 0.001568600352361261 242
4850 0.001570205266419109 242.5
4860 0.001571798092584832 243
4870 0.001573376979725078 243.5
4880 0.001574941058421619 244
4890 0.001576489261037979 244.5
4900 0.001578020640386588 245
4910 0.001579534580908638 245.5
4920 0.001581030420401371 246
4930 0.001582507328828741 246.5
4940 0.001583964721825489 247
4950 0.001585401854286788 247.5
4960 0.001586818175593249 248
4970 0.001588213914465411 248.5
4980 0.001589589378371245 249
4990 0.001590944990127195 249.5
5000 0.001592280963567582 250
5010 0.001593597650655036 250.5
5020 0.00159489540833336 251
5030 0.00159617456851113 251.5
5040 0.001597435522689899 252
5050 0.001598678642312914 252.5
5060 0.001599904758763728 253
5070 0.001601115707590236 253.5
5080 0.001602312713289016 254
5090 0.001603497198257812 254.5
5100 0.001604670924996214 255
5110 0.001605835415163862 255.5
5120 0.001606992996135145 256
5130 0.001608144488081947 256.5
5140 0.001609290317220623 257
5150 0.001610430204475914 257.5
5160 0.001611563805580012 258
5170 0.001612692560758396 258.5
5180 0.001613816725427467 259
5190 0.001614935714321324 259.5
5200 0.001616050872384916 260
5210 0.001617163730935681 260.5
5220 0.001618275257042144 261
5230 0.001619386518978316 261.5
5240 0.001620498282476906 262
5250 0.001621610144906539 262.5
5260 0.001622720772241939 263
5270 0.001623830049341185 263.5
5280 0.001624939026372485 264
5290 0.00162604626229765 264.5
5300 0.001627150824716161 265
5310 0.001628253286739237 265.5
5320 0.001629354707022869 266
5330 0.001630456127712497 266.5
5340 0.001631558275848674 267
5350 0.001632660723852306 267.5
5360 0.001633761493966505 268
5370 0.001634861560187915 268.5
5380 0.001635961291843468 269
5390 0.001637061361767643 269.5
5400 0.001638162744829754 270
5410 0.001639266072524282 270.5
5420 0.001640371351432531 271
5430 0.001641478202027605 271.5
5440 0.001642585959491539 272
5450 0.001643693598687391 272.5
5460 0.001644800012904023 273
5470 0.001645904148153871 273.5
5480 0.001647005206797358 274
5490 0.001648102521366374 274.5
5500 0.00164919525571707 275
5510 0.001650283150354149 275.5
5520 0.001651366030064951 276
5530 0.001652443502567887 276.5
5540 0.00165351499333284 277
5550 0.001654579920906382 277.5
5560 0.001655637448846502 278
5570 0.001656686501284873 278.5
5580 0.001657726028387169 279
5590 0.001658754959798443 279.5
5600 0.001659772160929497 280
5610 0.00166077639997474 280.5
5620 0.001661766396165516 281
5630 0.001662740804851664 281.5
5640 0.001663698264277984 282
5650 0.00166463740454164 282.5
5660 0.001665556825812741 283
5670 0.00166645508030996 283.5
5680 0.001667330683891156 284
5690 0.001668182058157782 284.5
5700 0.001669007671660172 285
5710 0.001669806039704781 285.5
5720 0.001670575714564515 286
5730 0.001671315242442416 286.5
5740 0.001672023250620493 287
5750 0.001672698442053011 287.5
5760 0.001673339616546964 288
5770 0.00167394568650025 288.5
5780 0.001674515544370438 289
5790 0.001675048138667976 289.5
5800 0.001675542548722274 290
5810 0.00167599800284215 290.5
5820 0.001676413740936245 291
5830 0.00167678890828541 291.5
5840 0.001677122805501625 292
5850 0.001677415086572196 292.5
5860 0.001677665579568297 293
5870 0.001677873953211116 293.5
5880 0.001678040026830722 294
5890 0.001678163791770783 294.5
5900 0.00167824592752189 295
5910 0.00167828688404146 295.5
5920 0.001678286830771353 296
5930 0.001678245970979605 296.5
5940 0.001678164602312097 297
5950 0.001678043226718353 297.5
5960 0.001677882198187932 298
5970 0.00167768172471845 298.5
5980 0.001677442232212761 299
5990 0.001677164346757543 299.5
6000 0.001676848622792553 300
