0 0.131914883852005 0
10 0.1342732608318329 0.5
20 0.1340115517377853 1
30 0.1338328272104263 1.5
40 0.1337034404277802 2
50 0.1336056739091873 2.5
60 0.1335311532020569 3
70 0.1334790587425232 3.5
80 0.1334493309259415 4
90 0.1334393322467804 4.5
100 0.1334452927112579 5
110 0.1334622800350189 5.5
120 0.1334842145442963 6
130 0.1335055530071259 6.5
140 0.1335230022668839 7
150 0.1335350275039673 7.5
160 0.1335407793521881 8
170 0.1335398852825165 8.5
180 0.133532851934433 9
190 0.1335198134183884 9.5
200 0.1335018128156662 10
210 0.1334780007600784 10.5
220 0.1334469467401505 11
230 0.1334058344364166 11.5
240 0.133353516459465 12
250 0.1332863718271255 12.5
260 0.1332006007432938 13
270 0.133101224899292 13.5
280 0.1329924017190933 14
290 0.1328761279582977 14.5
300 0.1327530741691589 15
310 0.1326226443052292 15.5
320 0.1324836760759354 16
330 0.1323331147432327 16.5
340 0.1321634352207184 17
350 0.1319683343172073 17.5
360 0.1317415237426758 18
370 0.1314767748117447 18.5
380 0.131167858839035 19
390 0.1308277994394302 19.5
400 0.1304697245359421 20
410 0.130090668797493 20.5
420 0.1296700090169907 21
430 0.1292335689067841 21.5
440 0.1287914961576462 22
450 0.1283203214406967 22.5
460 0.1278482377529144 23
470 0.1274423748254776 23.5
480 0.1278449445962906 24
490 0.1281695514917374 24.5
500 0.1284475028514862 25
510 0.1286572962999344 25.5
520 0.128748282790184 26
530 0.1287240833044052 26.5
540 0.1285811364650726 27
550 0.1283651441335678 27.5
560 0.1280650645494461 28
570 0.1276957541704178 28.5
580 0.1272501051425934 29
590 0.1268458217382431 29.5
600 0.1267539411783218 30
610 0.1266824156045914 30.5
620 0.126642569899559 31
630 0.1266264766454697 31.5
640 0.1266063153743744 32
650 0.1265834867954254 32.5
660 0.1265504211187363 33
670 0.1264926195144653 33.5
680 0.1264337152242661 34
690 0.1263953298330307 34.5
700 0.1263464689254761 35
710 0.126302570104599 35.5
720 0.1263115257024765 36
730 0.1263532936573029 36.5
740 0.1263799965381622 37
750 0.1264169812202454 37.5
760 0.1264435797929764 38
770 0.1264690756797791 38.5
780 0.1265061646699905 39
790 0.1265439540147781 39.5
800 0.1265804469585419 40
810 0.1266154497861862 40.5
820 0.1266417801380157 41
830 0.1266704201698303 41.5
840 0.1267015486955643 42
850 0.1267333328723907 42.5
860 0.1267666667699814 43
870 0.1268073618412018 43.5
880 0.1268519461154938 44
890 0.1269077062606812 44.5
900 0.1269663870334625 45
910 0.1270294338464737 45.5
920 0.1270925402641296 46
930 0.1271562129259109 46.5
940 0.1272207051515579 47
950 0.1272868812084198 47.5
960 0.1273539811372757 48
970 0.1274282783269882 48.5
980 0.1275043785572052 49
990 0.1275812387466431 49.5
1000 0.1276612281799316 50
1010 0.1277423948049545 50.5
1020 0.1278311461210251 51
1030 0.1279268711805344 51.5
1040 0.1280238777399063 52
1050 0.1281065195798874 52.5
1060 0.1281794756650925 53
1070 0.1282437294721603 53.5
1080 0.1283064782619476 54
1090 0.1283576786518097 54.5
1100 0.1283975094556808 55
1110 0.1284264475107193 55.5
1120 0.1284459978342056 56
1130 0.1284620016813278 56.5
1140 0.1284718811511993 57
1150 0.1284745186567307 57.5
1160 0.1284789144992828 58
1170 0.128477081656456 58.5
1180 0.1284707933664322 59
1190 0.1284642815589905 59.5
1200 0.1284588575363159 60
1210 0.1284541040658951 60.5
1220 0.1284466087818146 61
1230 0.1284369677305222 61.5
1240 0.1284294128417969 62
1250 0.1284270584583282 62.5
1260 0.1284290254116058 63
1270 0.1284354329109192 63.5
1280 0.1284433752298355 64
1290 0.1284559071063995 64.5
1300 0.1284739524126053 65
1310 0.1284951865673065 65.5
1320 0.1285209953784943 66
1330 0.1285495012998581 66.5
1340 0.1285800635814667 67
1350 0.128613755106926 67.5
1360 0.1286525428295135 68
1370 0.1286941915750504 68.5
1380 0.1287379413843155 69
1390 0.1287833601236343 69.5
1400 0.1288309544324875 70
1410 0.1288815438747406 70.5
1420 0.1289323568344116 71
1430 0.128982812166214 71.5
1440 0.1290368437767029 72
1450 0.1290983408689499 72.5
1460 0.1291617453098297 73
1470 0.1292237937450409 73.5
1480 0.1292814016342163 74
1490 0.1293512135744095 74.5
1500 0.1294176429510117 75
1510 0.1294841468334198 75.5
1520 0.1295478194952011 76
1530 0.1296070963144302 76.5
1540 0.1296765804290771 77
1550 0.1297365128993988 77.5
1560 0.1297980546951294 78
1570 0.1298482716083527 78.5
1580 0.1298945248126984 79
1590 0.129951223731041 79.5
1600 0.1300001293420792 80
1610 0.1300480216741562 80.5
1620 0.1300946623086929 81
1630 0.1301397532224655 81.5
1640 0.1301834136247635 82
1650 0.1302274912595749 82.5
1660 0.1302705705165863 83
1670 0.1303129494190216 83.5
1680 0.1303549557924271 84
1690 0.1303957849740982 84.5
1700 0.1304349452257156 85
1710 0.1304725855588913 85.5
1720 0.1305103003978729 86
1730 0.1305462270975113 86.5
1740 0.1305810064077377 87
1750 0.1306140273809433 87.5
1760 0.1306449770927429 88
1770 0.1306744366884232 88.5
1780 0.1307027190923691 89
1790 0.1307284086942673 89.5
1800 0.1307501792907715 90
1810 0.1307685971260071 90.5
1820 0.1307825744152069 91
1830 0.1307935863733292 91.5
1840 0.1308015137910843 92
1850 0.1308069229125977 92.5
1860 0.1308088153600693 93
1870 0.1308093219995499 93.5
1880 0.1308063119649887 94
1890 0.1307977885007858 94.5
1900 0.1307922750711441 95
1910 0.1307825595140457 95.5
1920 0.1307711899280548 96
1930 0.1307574361562729 96.5
1940 0.1307411193847656 97
1950 0.1307241767644882 97.5
1960 0.130703404545784 98
1970 0.1306805312633514 98.5
1980 0.1306929141283035 99
1990 0.1307182163000107 99.5
2000 0.1307399868965149 100
2010 0.1307577192783356 100.5
2020 0.1307713836431503 101
2030 0.1307810693979263 101.5
2040 0.1307856291532516 102
2050 0.1307852417230606 102.5
2060 0.130782812833786 103
2070 0.1307780593633652 103.5
2080 0.130769282579422 104
2090 0.130756601691246 104.5
2100 0.130738765001297 105
2110 0.1307190507650375 105.5
2120 0.1306988298892975 106
2130 0.1306731104850769 106.5
2140 0.1306466162204742 107
2150 0.1306150406599045 107.5
2160 0.1305816620588303 108
2170 0.1305413991212845 108.5
2180 0.1305070370435715 109
2190 0.1304627358913422 109.5
2200 0.130413830280304 110
2210 0.1303629130125046 110.5
2220 0.1303040981292725 111
2230 0.1302373260259628 111.5
2240 0.1301624178886414 112
2250 0.1300822496414185 112.5
2260 0.1299995481967926 113
2270 0.1299151182174683 113.5
2280 0.1298284381628036 114
2290 0.1297409534454346 114.5
2300 0.1296544075012207 115
2310 0.1295676827430725 115.5
2320 0.129479855298996 116
2330 0.1293913275003433 116.5
2340 0.1293026357889175 117
2350 0.1292129158973694 117.5
2360 0.1291557103395462 118
2370 0.1291228979825974 118.5
2380 0.1290914863348007 119
2390 0.1290617734193802 119.5
2400 0.1290342807769775 120
2410 0.1290078312158585 120.5
2420 0.128982812166214 121
2430 0.1289611756801605 121.5
2440 0.1289403587579727 122
2450 0.1289215087890625 122.5
2460 0.1289033144712448 123
2470 0.1288909614086151 123.5
2480 0.1288792490959167 124
2490 0.12886843085289 124.5
2500 0.1288603395223618 125
2510 0.1288547366857529 125.5
2520 0.1288488954305649 126
2530 0.128843829035759 126.5
2540 0.1288397759199142 127
2550 0.1288379579782486 127.5
2560 0.1288391500711441 128
2570 0.128843292593956 128.5
2580 0.1288497895002365 129
2590 0.128858670592308 129.5
2600 0.1288691759109497 130
2610 0.1288822144269943 130.5
2620 0.1288975179195404 131
2630 0.1289145350456238 131.5
2640 0.1289329826831818 132
2650 0.1289530098438263 132.5
2660 0.1289750039577484 133
2670 0.1289987564086914 133.5
2680 0.1290247738361359 134
2690 0.1290518790483475 134.5
2700 0.1290796250104904 135
2710 0.1291076838970184 135.5
2720 0.1291356235742569 136
2730 0.1291634142398834 136.5
2740 0.1291905492544174 137
2750 0.1292168200016022 137.5
2760 0.1292414367198944 138
2770 0.129265770316124 138.5
2780 0.1292899549007416 139
2790 0.1293139159679413 139.5
2800 0.1293380856513977 140
2810 0.1293624490499496 140.5
2820 0.1293871253728867 141
2830 0.1294127851724625 141.5
2840 0.1294388473033905 142
2850 0.1294649839401245 142.5
2860 0.1294911652803421 143
2870 0.1295177787542343 143.5
2880 0.1295445561408997 144
2890 0.1295716613531113 144.5
2900 0.1295980364084244 145
2910 0.1296254843473434 145.5
2920 0.1296532154083252 146
2930 0.1296811252832413 146.5
2940 0.1297099888324738 147
2950 0.1297392100095749 147.5
2960 0.1297688037157059 148
2970 0.1297995746135712 148.5
2980 0.1298314034938812 149
2990 0.1298646777868271 149.5
3000 0.1298995316028595 150
3010 0.1299351006746292 150.5
3020 0.1299722194671631 151
3030 0.1300089359283447 151.5
3040 0.130046933889389 152
3050 0.1300850510597229 152.5
3060 0.1301230043172836 153
3070 0.1301607638597488 153.5
3080 0.1301982253789902 154
3090 0.1302337497472763 154.5
3100 0.130268931388855 155
3110 0.1303039044141769 155.5
3120 0.1303369849920273 156
3130 0.1303698867559433 156.5
3140 0.1304012089967728 157
3150 0.1304314136505127 157.5
3160 0.1304606199264526 158
3170 0.1304886788129807 158.5
3180 0.13051538169384 159
3190 0.1305402517318726 159.5
3200 0.1305639743804932 160
3210 0.1305860131978989 160.5
3220 0.1306063085794449 161
3230 0.1306253224611282 161.5
3240 0.1306430548429489 162
3250 0.1306594014167786 162.5
3260 0.1306745409965515 163
3270 0.1306885927915573 163.5
3280 0.1307013183832169 164
3290 0.1307128518819809 164.5
3300 0.1307232677936554 165
3310 0.1307329386472702 165.5
3320 0.1307417899370193 166
3330 0.1307496428489685 166.5
3340 0.1307567805051804 167
3350 0.1307629942893982 167.5
3360 0.1307676285505295 168
3370 0.1307713985443115 168.5
3380 0.1307747960090637 169
3390 0.1307779103517532 169.5
3400 0.1307801306247711 170
3410 0.1307809501886368 170.5
3420 0.130780816078186 171
3430 0.130779966711998 171.5
3440 0.1307786405086517 172
3450 0.1307765543460846 172.5
3460 0.1307734400033951 173
3470 0.130769670009613 173.5
3480 0.1307647973299026 174
3490 0.1307589113712311 174.5
3500 0.1307526379823685 175
3510 0.1307459473609924 175.5
3520 0.1307383924722672 176
3530 0.1307299584150314 176.5
3540 0.1307211071252823 177
3550 0.1307122260332108 177.5
3560 0.1307031065225601 178
3570 0.1306944340467453 178.5
3580 0.1306862682104111 179
3590 0.1306779384613037 179.5
3600 0.1306698620319366 180
3610 0.13066466152668 180.5
3620 0.130661204457283 181
3630 0.1306589543819427 181.5
3640 0.1306580305099487 182
3650 0.1306581050157547 182.5
3660 0.1306584477424622 183
3670 0.1306593418121338 183.5
3680 0.1306605637073517 184
3690 0.1306619048118591 184.5
3700 0.1306616067886353 185
3710 0.1306611895561218 185.5
3720 0.1306605935096741 186
3730 0.1306581944227219 186.5
3740 0.1306576877832413 187
3750 0.1306581497192383 187.5
3760 0.1306592375040054 188
3770 0.1306606829166412 188.5
3780 0.1306622475385666 189
3790 0.130664199590683 189.5
3800 0.1306665390729904 190
3810 0.1306698173284531 190.5
3820 0.1306732445955276 191
3830 0.1306766867637634 191.5
3840 0.1306802183389664 192
3850 0.1306839138269424 192.5
3860 0.1306874603033066 193
3870 0.130691334605217 193.5
3880 0.1306958049535751 194
3890 0.1307009607553482 194.5
3900 0.1307067722082138 195
3910 0.1307132244110107 195.5
3920 0.1307202279567719 196
3930 0.130728006362915 196.5
3940 0.1307373642921448 197
3950 0.1307463943958282 197.5
3960 0.1307556480169296 198
3970 0.1307641267776489 198.5
3980 0.1307732760906219 199
3990 0.1307841241359711 199.5
4000 0.1307960748672485 200
4010 0.1308087110519409 200.5
4020 0.1308215111494064 201
4030 0.1308343112468719 201.5
4040 0.1308469176292419 202
4050 0.1308597177267075 202.5
4060 0.1308733820915222 203
4070 0.1308876872062683 203.5
4080 0.1309025585651398 204
4090 0.1309177726507187 204.5
4100 0.130933403968811 205
4110 0.130949929356575 205.5
4120 0.1309670060873032 206
4130 0.1309830844402313 206.5
4140 0.1309992969036102 207
4150 0.1310195922851562 207.5
4160 0.1310339123010635 208
4170 0.1310489922761917 208.5
4180 0.1310637146234512 209
4190 0.1310806572437286 209.5
4200 0.1310960799455643 210
4210 0.1311131119728088 210.5
4220 0.1311286389827728 211
4230 0.1311398446559906 211.5
4240 0.1311584860086441 212
4250 0.1311763077974319 212.5
4260 0.1311952918767929 213
4270 0.1312113851308823 213.5
4280 0.1312341839075089 214
4290 0.1312505602836609 214.5
4300 0.1312738358974457 215
4310 0.1312953680753708 215.5
4320 0.131317675113678 216
4330 0.1313408464193344 216.5
4340 0.1313627809286118 217
4350 0.1313860863447189 217.5
4360 0.1314097493886948 218
4370 0.1314331144094467 218.5
4380 0.1314566880464554 219
4390 0.1314803510904312 219.5
4400 0.1315043717622757 220
4410 0.1315278112888336 220.5
4420 0.1315520256757736 221
4430 0.1315765678882599 221.5
4440 0.1316021829843521 222
4450 0.131630927324295 222.5
4460 0.1316559910774231 223
4470 0.131681963801384 223.5
4480 0.1317121684551239 224
4490 0.131740391254425 224.5
4500 0.1317697316408157 225
4510 0.1317955553531647 225.5
4520 0.1318197995424271 226
4530 0.1318439692258835 226.5
4540 0.1318609416484833 227
4550 0.1318838894367218 227.5
4560 0.131904661655426 228
4570 0.1319235265254974 228.5
4580 0.131940096616745 229
4590 0.1319557279348373 229.5
4600 0.1319655030965805 230
4610 0.1319766044616699 230.5
4620 0.1319899410009384 231
4630 0.1319999247789383 231.5
4640 0.1320062726736069 232
4650 0.1320169717073441 232.5
4660 0.1320224553346634 233
4670 0.1320324391126633 233.5
4680 0.1320355534553528 234
4690 0.1320407092571259 234.5
4700 0.132044330239296 235
4710 0.132052481174469 235.5
4720 0.1320523619651794 236
4730 0.1320568174123764 236.5
4740 0.1320623755455017 237
4750 0.1320632845163345 237.5
4760 0.132070392370224 238
4770 0.1320711672306061 238.5
4780 0.132074698805809 239
4790 0.132072851061821 239.5
4800 0.1320748329162598 240
4810 0.1320771425962448 240.5
4820 0.1320825815200806 241
4830 0.1320807933807373 241.5
4840 0.132084846496582 242
4850 0.1320852637290955 242.5
4860 0.1320862174034119 243
4870 0.1320881694555283 243.5
4880 0.1320910006761551 244
4890 0.1320932656526566 244.5
4900 0.1320977360010147 245
4910 0.1321001201868057 245.5
4920 0.1321015059947968 246
4930 0.1321043074131012 246.5
4940 0.1321045160293579 247
4950 0.1321112066507339 247.5
4960 0.132113054394722 248
4970 0.1321160942316055 248.5
4980 0.1321191787719727 249
4990 0.1321228891611099 249.5
5000 0.1321272253990173 250
5010 0.1321322321891785 250.5
5020 0.1321382820606232 251
5030 0.1321441531181335 251.5
5040 0.1321516185998917 252
5050 0.1321588605642319 252.5
5060 0.1321638971567154 253
5070 0.1321786791086197 253.5
5080 0.1321901082992554 254
5090 0.1321892440319061 254.5
5100 0.1321830153465271 255
5110 0.1321752071380615 255.5
5120 0.1321635544300079 256
5130 0.1321489214897156 256.5
5140 0.1321420222520828 257
5150 0.1321323066949844 257.5
5160 0.132124736905098 258
5170 0.1321170777082443 258.5
5180 0.1321101933717728 259
5190 0.1321046352386475 259.5
5200 0.1320993155241013 260
5210 0.1320946663618088 260.5
5220 0.1320906728506088 261
5230 0.1320870667695999 261.5
5240 0.1320840567350388 262
5250 0.1320817917585373 262.5
5260 0.1320806443691254 263
5270 0.1320799738168716 263.5
5280 0.1320797652006149 264
5290 0.1320799738168716 264.5
5300 0.1320805549621582 265
5310 0.1320815831422806 265.5
5320 0.1320829689502716 266
5330 0.1320846080780029 266.5
5340 0.1320864856243134 267
5350 0.1320885568857193 267.5
5360 0.1320903897285461 268
5370 0.132090836763382 268.5
5380 0.1320905536413193 269
5390 0.1320905387401581 269.5
5400 0.1320911794900894 270
5410 0.1320925503969193 270.5
5420 0.132094532251358 271
5430 0.1320970505475998 271.5
5440 0.1320999711751938 272
5450 0.1321035623550415 272.5
5460 0.1321067363023758 273
5470 0.1321103423833847 273.5
5480 0.1321140974760056 274
5490 0.1321177184581757 274.5
5500 0.1321218460798264 275
5510 0.132125660777092 275.5
5520 0.1321295946836472 276
5530 0.1321337670087814 276.5
5540 0.1321379095315933 277
5550 0.1321421265602112 277.5
5560 0.132146418094635 278
5570 0.1321508586406708 278.5
5580 0.1321543306112289 279
5590 0.1321588605642319 279.5
5600 0.132163479924202 280
5610 0.1321671903133392 280.5
5620 0.1321711838245392 281
5630 0.1321752518415451 281.5
5640 0.1321792751550674 282
5650 0.1321831196546555 282.5
5660 0.1321868151426315 283
5670 0.1321906447410583 283.5
5680 0.1321942955255508 284
5690 0.1321977376937866 284.5
5700 0.1322009861469269 285
5710 0.1322039365768433 285.5
5720 0.1322069019079208 286
5730 0.1322097331285477 286.5
5740 0.1322123557329178 287
5750 0.1322152465581894 287.5
5760 0.1322170943021774 288
5770 0.132218986749649 288.5
5780 0.1322212219238281 289
5790 0.1322229653596878 289.5
5800 0.1322246342897415 290
5810 0.1322262138128281 290.5
5820 0.1322276145219803 291
5830 0.1322288513183594 291.5
5840 0.1322299391031265 292
5850 0.1322309225797653 292.5
5860 0.132231667637825 293
5870 0.1322321742773056 293.5
5880 0.1322324126958847 294
5890 0.1322323530912399 294.5
5900 0.1322319507598877 295
5910 0.132231205701828 295.5
5920 0.132230132818222 296
5930 0.132228747010231 296.5
5940 0.1322270631790161 297
5950 0.1322250217199326 297.5
5960 0.1322226375341415 298
5970 0.132219985127449 298.5
5980 0.132217064499855 299
5990 0.1322139203548431 299.5
6000 0.1322105824947357 300
