0 0 0
10 2.256608120765218e-51 0.5
20 9.499115221741735e-40 1
30 1.402584357743214e-35 1.5
40 3.282088582838628e-34 2
50 1.584129990621664e-33 2.5
60 1.465319935991427e-29 3
70 2.562622639482418e-30 3.5
80 3.010415442451534e-27 4
90 9.637235488914937e-24 4.5
100 1.103168772231532e-21 5
110 3.157777226450264e-21 5.5
120 9.499167298315412e-19 6
130 8.981894802053658e-17 6.5
140 1.310402746382936e-14 7
150 5.666019924455897e-13 7.5
160 1.085944052447405e-11 8
170 1.328143938218199e-10 8.500000000000002
180 1.12930537793498e-09 9.000000000000002
190 7.051460258732605e-09 9.500000000000002
200 3.370771988069146e-08 10
210 1.296399529035303e-07 10.5
220 4.164548054041996e-07 11
230 1.16393108627653e-06 11.5
240 2.915134037580613e-06 12
250 6.641892619392633e-06 12.5
260 1.387922914311442e-05 13
270 2.677141179630677e-05 13.5
280 4.799205132840535e-05 14
290 8.063480082417013e-05 14.5
300 0.0001280390890295007 15
310 0.0001937612439867763 15.5
320 0.0002819904080173009 16
330 0.0003966077909155069 16.5
340 0.0005393188503275286 17
350 0.0007080209876005561 17.5
360 0.0008957280988489269 18
370 0.001094229308046612 18.5
380 0.001294977206892312 19
390 0.001488991774940675 19.5
400 0.001666975379164939 20
410 0.001821073328166643 20.5
420 0.001944116513767831 21
430 0.002036711215358562 21.5
440 0.002101995575919057 22
450 0.002144065088620625 22.5
460 0.002167784519190877 23
470 0.002177002669945665 23.5
480 0.002174377481864082 24
490 0.002162802936834968 24.5
500 0.002143986819422425 25
510 0.002121662483221307 25.5
520 0.002099142230669705 26
530 0.002078543694867496 26.5
540 0.00206161016620711 27
550 0.002049700792292664 27.5
560 0.002043376308944926 28
570 0.002043452358338394 28.5
580 0.002050652601205463 29
590 0.002065862657329005 29.5
600 0.00208918047076797 30
610 0.002121004888441783 30.5
620 0.002161259561631802 31
630 0.002210013749501391 31.5
640 0.002267870579214559 32
650 0.00233574368194495 32.5
660 0.002413625781805227 33
670 0.0025007371504853 33.5
680 0.002595625797685614 34
690 0.00269616151053891 34.5
700 0.002799932897807554 35
710 0.002904293564877575 35.5
720 0.003006508553335323 36
730 0.003104434942676497 36.5
740 0.003196531389834456 37
750 0.003281970626029347 37.5
760 0.003361069952367578 38
770 0.003434399860251208 38.5
780 0.003503035150414583 39
790 0.003568198463910139 39.5
800 0.00363098596425883 40
810 0.003692913241635928 40.5
820 0.003755830624601766 41
830 0.003821212202691225 41.5
840 0.003890073641218365 42
850 0.003962954066785453 42.5
860 0.004039828844882031 43
870 0.004119580079474785 43.5
880 0.004201247911624358 44
890 0.004284625891519399 44.5
900 0.004370170143109182 45
910 0.004458631414927963 45.5
920 0.004550877551757114 46
930 0.004647788534996343 46.5
940 0.004749943764221596 47
950 0.004858897893633475 47.5
960 0.004975801328670109 48
970 0.005100878762536493 48.5
980 0.005232254134737898 49
990 0.005367450428751762 49.5
1000 0.005503506800561182 50
1010 0.005636980150106769 50.5
1020 0.005764589256506984 51
1030 0.005886093607806474 51.5
1040 0.006003192109221092 52
1050 0.006118865464348157 52.5
1060 0.006235960717206574 53
1070 0.006356199230794062 53.5
1080 0.00648084139648549 54
1090 0.006610244161395573 54.5
1100 0.006743304625779059 55
1110 0.006877173640990924 55.5
1120 0.007008828697393104 56
1130 0.007134773630532542 56.5
1140 0.007251808629856522 57
1150 0.00735730410678489 57.5
1160 0.007449372334662396 58
1170 0.007526535752527596 58.5
1180 0.007588228479466613 59
1190 0.007635066916755654 59.5
1200 0.007668967897467498 60
1210 0.007692335594998314 60.5
1220 0.007707520768558736 61
1230 0.007715811488242611 61.5
1240 0.007717517763728882 62
1250 0.007712126550959158 62.5
1260 0.00769984588778404 63
1270 0.007681221123352894 63.5
1280 0.007657372921805518 64
1290 0.007629669446840065 64.5
1300 0.007600252266881074 65
1310 0.007571214168610865 65.5
1320 0.007543040633915412 66
1330 0.007515034210117785 66.5
1340 0.007485878176067644 67
1350 0.0074533120315879 67.5
1360 0.007416685867900472 68
1370 0.007375753910539917 68.5
1380 0.007330973197494793 69
1390 0.007282145332392121 69.5
1400 0.00722913152394706 70
1410 0.00717387005334136 70.5
1420 0.00711860603376839 71
1430 0.007065092878375081 71.5
1440 0.007013733247494516 72
1450 0.006964088642817416 72.5
1460 0.006916259351183794 73
1470 0.006870936838522615 73.5
1480 0.006827597728556187 74
1490 0.006785319740968947 74.5
1500 0.006743308165873846 75
1510 0.006701422301175125 75.5
1520 0.006659651171575719 76
1530 0.006618872193076045 76.5
1540 0.006582502347212176 77
1550 0.006551545979855395 77.5
1560 0.006523784312752142 78
1570 0.006499009268873398 78.5
1580 0.006477894615601553 79
1590 0.006460801657717482 79.5
1600 0.006446993008988301 80
1610 0.006436242962912406 80.5
1620 0.006428463960718028 81
1630 0.006423945491941105 81.5
1640 0.0064224024996781 82
1650 0.006423050301792443 82.5
1660 0.006424978250197479 83
1670 0.006426899296049225 83.5
1680 0.006427580308482245 84
1690 0.006428701836718007 84.5
1700 0.006431502922021795 85
1710 0.006436337140023738 85.5
1720 0.006442450350398927 86
1730 0.006446854561639594 86.5
1740 0.00644814990574873 87
1750 0.00644609700647586 87.5
1760 0.006440287291723096 88
1770 0.006431870668799287 88.5
1780 0.006422617124940104 89
1790 0.00641542722161292 89.5
1800 0.006412233121955833 90
1810 0.006413221314563448 90.5
1820 0.006418681246399783 91
1830 0.006428832948045668 91.5
1840 0.006444160003964288 92
1850 0.006464114750331519 92.5
1860 0.006486419583979322 93
1870 0.006509585692525417 93.5
1880 0.006534278825451924 94
1890 0.006559135426989969 94.5
1900 0.006590436073918057 95
1910 0.006625711613425805 95.5
1920 0.006664948163084721 96
1930 0.006705700693556537 96.5
1940 0.006749144394435571 97
1950 0.006793117879344389 97.5
1960 0.006838922867653336 98
1970 0.006883016371159472 98.5
1980 0.006925294863887288 99
1990 0.006962083435907679 99.5
2000 0.006993188916897229 100
2010 0.007017891435976764 100.5
2020 0.007036615369606334 101
2030 0.007049336923776134 101.5
2040 0.007057053545162112 102
2050 0.007060538845235729 102.5
2060 0.007060937069701236 103
2070 0.007058416475926051 103.5
2080 0.007054278365627749 104
2090 0.007047869615508374 104.5
2100 0.007040580428716333 105
2110 0.007034943436228231 105.5
2120 0.007027726388700885 106
2130 0.007021179707876152 106.5
2140 0.007012920472967563 107
2150 0.007002518005075961 107.5
2160 0.006991980804283513 108
2170 0.006977276108658407 108.5
2180 0.006959148466755822 109
2190 0.00693632794126633 109.5
2200 0.006909411560914489 110
2210 0.006876076701339355 110.5
2220 0.006833312482192141 111
2230 0.006787705848897841 111.5
2240 0.006742019324910178 112
2250 0.006686362254427677 112.5
2260 0.006626920279533953 113
2270 0.006561482250564592 113.5
2280 0.006507117945474562 114
2290 0.006447761275543888 114.5
2300 0.006385941664852114 115
2310 0.006338560733361728 115.5
2320 0.006285304808778524 116
2330 0.006245348643465961 116.5
2340 0.006198587987383991 117
2350 0.006160657934308663 117.5
2360 0.006115720416442144 118
2370 0.006079035508987623 118.5
2380 0.006035464066156439 119
2390 0.00600117847703611 119.5
2400 0.005963902101396781 120
2410 0.005938705251203765 120.5
2420 0.005916314386919697 121
2430 0.005905465294884343 121.5
2440 0.005901055771883456 122
2450 0.005904019727927709 122.5
2460 0.005911580201566465 123
2470 0.005926900821074001 123.5
2480 0.005953306569444821 124
2490 0.005984098692987598 124.5
2500 0.006030602341586372 125
2510 0.006092673285844849 125.5
2520 0.00617009850191547 126
2530 0.006252398303698048 126.5
2540 0.006344123215481338 127
2550 0.00641698742619185 127.5
2560 0.006491586182907938 128
2570 0.006559873413790523 128.5
2580 0.006631121148571369 129
2590 0.006688994461347665 129.5
2600 0.006757046963546023 130
2610 0.006806844497622162 130.5
2620 0.006852372695054932 131
2630 0.006888786782197382 131.5
2640 0.006916178058367634 132
2650 0.006935064445869196 132.5
2660 0.006945737720957055 133
2670 0.006949371085198923 133.5
2680 0.006947763144282878 134
2690 0.006943538983547235 134.5
2700 0.006936637145154029 135
2710 0.006927172873457848 135.5
2720 0.006915539194990923 136
2730 0.006903471544151434 136.5
2740 0.00688927092806142 137
2750 0.006874344593759669 137.5
2760 0.006858532119992756 138
2770 0.00684524245489193 138.5
2780 0.006833813609529359 139
2790 0.00682465759038125 139.5
2800 0.006818190975105788 140
2810 0.006814761843193393 140.5
2820 0.006814575842480498 141
2830 0.006817522205080724 141.5
2840 0.00682362216144943 142
2850 0.006832382125711221 142.5
2860 0.006843079963311946 143
2870 0.006853590793660561 143.5
2880 0.006865111302891237 144
2890 0.006876226561330063 144.5
2900 0.006886329941929918 145
2910 0.006896588034632339 145.5
2920 0.006904453200582571 146
2930 0.006912978649945039 146.5
2940 0.006921318783105136 147
2950 0.006929648460625683 147.5
2960 0.006939240521968231 148
2970 0.006947761856764575 148.5
2980 0.006959418357161724 149
2990 0.006970524266494493 149.5
3000 0.006986886462460451 150
3010 0.007003165063673629 150.5
3020 0.007027145689839927 151
3030 0.007050641086364524 151.5
3040 0.007083754254655072 152
3050 0.007113795792791425 152.5
3060 0.00715254029714883 153
3070 0.007185587818098789 153.5
3080 0.007220976483934888 154
3090 0.007255177365062306 154.5
3100 0.007285595222819059 155
3110 0.007312610967218963 155.5
3120 0.007336076177566213 156
3130 0.007356612278535443 156.5
3140 0.007376658309482712 157
3150 0.007391773539343159 157.5
3160 0.007407337369835365 158
3170 0.007423009112735994 158.5
3180 0.00743953199339431 159
3190 0.007456776251834341 159.5
3200 0.0074757396653835 160
3210 0.007496625145990776 160.5
3220 0.007522997212332239 161
3230 0.007547648810152074 161.5
3240 0.007577958202863671 162
3250 0.007610797711492709 162.5
3260 0.007645216979309726 163
3270 0.007680294370806589 163.5
3280 0.007715747771465934 164
3290 0.007751443788650622 164.5
3300 0.007789987534332301 165
3310 0.007820240543590691 165.5
3320 0.007851144569910779 166
3330 0.007877893072259572 166.5
3340 0.007898051638340325 167
3350 0.007911789791439486 167.5
3360 0.007919795383753436 168
3370 0.007923541981011091 168.5
3380 0.007924850143766845 169
3390 0.00792517752967751 169.5
3400 0.007925953571133014 170
3410 0.007927973624453535 170.5
3420 0.007931126234968732 171
3430 0.007934149860857879 171.5
3440 0.007936829687883704 172
3450 0.007939935120867062 172.5
3460 0.007944406375012102 173
3470 0.007951633573416052 173.5
3480 0.00796188960244797 174
3490 0.007976244622518194 174.5
3500 0.007996831220802515 175
3510 0.00801783997378029 175.5
3520 0.00804576979641396 176
3530 0.008079389019924351 176.5
3540 0.008117366481933201 177
3550 0.008160188845304625 177.5
3560 0.008205722140293808 178
3570 0.008252058564338879 178.5
3580 0.00829677246214184 179
3590 0.008337573413630301 179.5
3600 0.008376144551696449 180
3610 0.008413739996122346 180.5
3620 0.008439854792038281 181
3630 0.008463783515831552 181.5
3640 0.008483009235044395 182
3650 0.008497676086061388 182.5
3660 0.008506691207478302 183
3670 0.00850880697324884 183.5
3680 0.008503280853560752 184
3690 0.008490048840033274 184.5
3700 0.008471132878453427 185
3710 0.008448821056753805 185.5
3720 0.008423657999180292 186
3730 0.00839427164607867 186.5
3740 0.008368700649137473 187
3750 0.008339984252321068 187.5
3760 0.008309737552349893 188
3770 0.008286733287225083 188.5
3780 0.008263078488224645 189
3790 0.008241091587612645 189.5
3800 0.008221325904209754 190
3810 0.008203003977813286 190.5
3820 0.00818590177227581 191
3830 0.008169832095484303 191.5
3840 0.008153819542818769 192
3850 0.008137835779510449 192.5
3860 0.008122898022150923 193
3870 0.008109250049697182 193.5
3880 0.00809823187475657 194
3890 0.008090114535224362 194.5
3900 0.008085065291889112 195
3910 0.008083919886991213 195.5
3920 0.008087148213855925 196
3930 0.008095228772427816 196.5
3940 0.008109291535913188 197
3950 0.008130165178906629 197.5
3960 0.00815861651292173 198
3970 0.00819567095845084 198.5
3980 0.008242006911933879 199
3990 0.008297665897877338 199.5
4000 0.008361521764681516 200
4010 0.00843154514925281 200.5
4020 0.00850578679451843 201
4030 0.008582467339272747 201.5
4040 0.008659933340285628 202
4050 0.008736847821772656 202.5
4060 0.008812263811087934 203
4070 0.00888514791121317 203.5
4080 0.008954803054519629 204
4090 0.009020528248184482 204.5
4100 0.009082456108632913 205
4110 0.009140957632216139 205.5
4120 0.009195830522923045 206
4130 0.009246884794022128 206.5
4140 0.009294779161281153 207
4150 0.009341928336921048 207.5
4160 0.009377734266371913 208
4170 0.009414165064056037 208.5
4180 0.009447068076097903 209
4190 0.009476877111021312 209.5
4200 0.009504551353139365 210
4210 0.009530983805618534 210.5
4220 0.009553783307631453 211
4230 0.009574908638645671 211.5
4240 0.009600694291829666 212
4250 0.009631296283688867 212.5
4260 0.00966899707212822 213
4270 0.009712783504895409 213.5
4280 0.009760637706861636 214
4290 0.009812201349489198 214.5
4300 0.00986793085297601 215
4310 0.009926442189123209 215.5
4320 0.00998694427742397 216
4330 0.01004901448045696 216.5
4340 0.01011137599876739 217
4350 0.01017290423266797 217.5
4360 0.01023882473614511 218
4370 0.01029114160647189 218.5
4380 0.01034485553423548 219
4390 0.01039523552459965 219.5
4400 0.01044685899811696 220
4410 0.01048646447430043 220.5
4420 0.01052800205271754 221
4430 0.01056731176289247 221.5
4440 0.01060403134575085 222
4450 0.01063752261756714 222.5
4460 0.0106675116303061 223
4470 0.01069373140833255 223.5
4480 0.01071538498401851 224
4490 0.01073249704420007 224.5
4500 0.01074518367466421 225
4510 0.01075306077589353 225.5
4520 0.01075522083554105 226
4530 0.0107505112729249 226.5
4540 0.01073799074036165 227
4550 0.01071403376971148 227.5
4560 0.01068658042870831 228
4570 0.01064758735871591 228.5
4580 0.01059951464891775 229
4590 0.01054066472151402 229.5
4600 0.01048725787960574 230
4610 0.01042432577955515 230.5
4620 0.01035998691715851 231
4630 0.01029068662435934 231.5
4640 0.01023642230907334 232
4650 0.01018046717065372 232.5
4660 0.01012592055584831 233
4670 0.0100871616806122 233.5
4680 0.01005130132916857 234
4690 0.01002154951956485 234.5
4700 0.01000384981433236 235
4710 0.009990368874167418 235.5
4720 0.009983539083162674 236
4730 0.009982891517656682 236.5
4740 0.009987485660588593 237
4750 0.009996250212352996 237.5
4760 0.01000813198785068 238
4770 0.01002188291029087 238.5
4780 0.01003603211713575 239
4790 0.01004917407148138 239.5
4800 0.01005982204701844 240
4810 0.01006812112097719 240.5
4820 0.01007204040811397 241
4830 0.01007303784911393 241.5
4840 0.01007061467512337 242
4850 0.01006582498948625 242.5
4860 0.01005716920197123 243
4870 0.01004568059189531 243.5
4880 0.01003199248191754 244
4890 0.01001631053395348 244.5
4900 0.009999049504122918 245
4910 0.009978393641971842 245.5
4920 0.009960187992111314 246
4930 0.009938362576470601 246.5
4940 0.009914841646892863 247
4950 0.009889299864101227 247.5
4960 0.009862369560249129 248
4970 0.009829025297800704 248.5
4980 0.009798022466276504 249
4990 0.009758646609238954 249.5
5000 0.009715014715065994 250
