0 0 0
10 2.82367703268689e-18 0.5
20 5.729460943420493e-15 1
30 1.544812492807645e-12 1.5
40 2.424705276188611e-10 2
50 2.163901864736461e-08 2.5
60 4.33565366495208e-07 3
70 2.585010137230089e-06 3.5
80 8.198461705632067e-06 4
90 1.73913925181087e-05 4.5
100 2.903865998949626e-05 5
110 4.344918389243619e-05 5.5
120 6.44415899166868e-05 6
130 9.766435805244635e-05 6.5
140 0.00014650063444973 7
150 0.0002073580203822509 7.5
160 0.0002714796186534936 8
170 0.0003298543361682079 8.500000000000002
180 0.000372887712657573 9.000000000000002
190 0.0003969613226281549 9.500000000000002
200 0.0004025212896128644 10
210 0.00039345201236321 10.5
220 0.0003816169096816443 11
230 0.0003778956841415325 11.5
240 0.0003880094263814287 12
250 0.0004155748855179262 12.5
260 0.0004751342003555398 13
270 0.0005634305149645339 13.5
280 0.0006670338689485955 14
290 0.0007842574631443053 14.5
300 0.0009161641803417585 15
310 0.001072494761129385 15.5
320 0.001247318939667958 16
330 0.001419673592837154 16.5
340 0.001573861906298438 17
350 0.001718306634757783 17.5
360 0.001864494350901067 18
370 0.002022828407538537 18.5
380 0.002212338302543092 19
390 0.002437572940150976 19.5
400 0.002693153384048236 20
410 0.002955343613452881 20.5
420 0.003230130622735434 21
430 0.003519291905798228 21.5
440 0.003815391733742632 22
450 0.004108703851080414 22.5
460 0.004389544183989838 23
470 0.004642546517856542 23.5
480 0.004848489474358092 24
490 0.005006598961761203 24.5
500 0.005117246395644879 25
510 0.00519044038163926 25.5
520 0.005249513958298416 26
530 0.005307662769130531 26.5
540 0.005373483971487614 27
550 0.005442676667546891 27.5
560 0.00550970567374722 28
570 0.005573768584930609 28.5
580 0.0056380587787412 29
590 0.005704465620434492 29.5
600 0.005774427411533175 30
610 0.005847910831638665 30.5
620 0.005923532143559873 31
630 0.005999264048827575 31.5
640 0.006064983118305097 32
650 0.006117841502916881 32.5
660 0.006168851594964349 33
670 0.006228917373380627 33.5
680 0.006299642667895999 34
690 0.006375374213149819 34.5
700 0.006456688196696864 35
710 0.006553342958749852 35.5
720 0.006671616322987145 36
730 0.006820252579145637 36.5
740 0.007004891631555809 37
750 0.007214554341451814 37.5
760 0.007436765552559187 38
770 0.007663357663652764 38.5
780 0.007879054682457257 39
790 0.008052658771364511 39.5
800 0.008185522572829193 40
810 0.008284256020807991 40.5
820 0.008346554111652844 41
830 0.008383108785425754 41.5
840 0.008396322719107324 42
850 0.008385052927016943 42.5
860 0.008354229309655426 43
870 0.008317883683064471 43.5
880 0.008284155416874514 44
890 0.008250628176753491 44.5
900 0.008214724305916016 45
910 0.008175728786482111 45.5
920 0.008133605117963077 46
930 0.008086866825389461 46.5
940 0.008038048169693369 47
950 0.007989788297997149 47.5
960 0.007947096818880664 48
970 0.00791195962966347 48.5
980 0.00788098690995862 49
990 0.007851553462772155 49.5
1000 0.007829386337348185 50
1010 0.007819789000544506 50.5
1020 0.007819129543658316 51
1030 0.007822839477354241 51.5
1040 0.007837743010447484 52
1050 0.007864466594369086 52.5
1060 0.007897921734798721 53
1070 0.007934508902356559 53.5
1080 0.00796949382296871 54
1090 0.007994737724452586 54.5
1100 0.008003988042037807 55
1110 0.008004381194391074 55.5
1120 0.008015470025293275 56
1130 0.008049019493329352 56.5
1140 0.008095505747582166 57
1150 0.008149100495564958 57.5
1160 0.008211946271094943 58
1170 0.008280824316035638 58.5
1180 0.008347640428309855 59
1190 0.008408308111652187 59.5
1200 0.008464460936125677 60
1210 0.008521858798271029 60.5
1220 0.008584976225095776 61
1230 0.008652767223407491 61.5
1240 0.008724553770459461 62
1250 0.008797465869659566 62.5
1260 0.008863272063586036 63
1270 0.008920977130975543 63.5
1280 0.008970735972618316 64
1290 0.009012379827087578 64.5
1300 0.009049625874328749 65
1310 0.009085680459362566 65.5
1320 0.009119946383111753 66
1330 0.009153926210659892 66.5
1340 0.009193365777315634 67
1350 0.009239883216964912 67.5
1360 0.009293427618146863 68
1370 0.009353023382824757 68.5
1380 0.009425148295890475 69
1390 0.009513267767033064 69.5
1400 0.009613825683687908 70
1410 0.009717622550976579 70.5
1420 0.009815898410830417 71
1430 0.009902803153841896 71.5
1440 0.009975837751559729 72
1450 0.01003825345630864 72.5
1460 0.01009394905974827 73
1470 0.01014904680241231 73.5
1480 0.01021367780550128 74
1490 0.01029384558630449 74.5
1500 0.01038628775094961 75
1510 0.01047799324042067 75.5
1520 0.01055853322482937 76
1530 0.01062562466718223 76.5
1540 0.01067552158540445 77
1550 0.01070821222924613 77.5
1560 0.01072293845000729 78
1570 0.01071996895703324 78.5
1580 0.0106926714107765 79
1590 0.01063513134792204 79.5
1600 0.01054892772939613 80
1610 0.01044429061690654 80.5
1620 0.01033566166453968 81
1630 0.01022826436461979 81.5
1640 0.01012614071264319 82
1650 0.01003110558224629 82.5
1660 0.009938077422205559 83
1670 0.009846381924673017 83.5
1680 0.00976243546052696 84
1690 0.009689004978320967 84.5
1700 0.009628085299393437 85
1710 0.009577281973214105 85.5
1720 0.009533501512125193 86
1730 0.009497293801182171 86.5
1740 0.009466164794716098 87
1750 0.009437037338961316 87.5
1760 0.009406348255392641 88
1770 0.009377793251412535 88.5
1780 0.009355676682948906 89
1790 0.009340214595996299 89.5
1800 0.009327172375951749 90
1810 0.009315740063235187 90.5
1820 0.009308641342587617 91
1830 0.009305417477122683 91.5
1840 0.009302033116135169 92
1850 0.00929666036325405 92.5
1860 0.009290598061847196 93
1870 0.009283937472458304 93.5
1880 0.009276583408660173 94
1890 0.009270108176198654 94.5
1900 0.00926218965924934 95
1910 0.009250306861838645 95.5
1920 0.009229986099073604 96
1930 0.0092006291480914 96.5
1940 0.009162754090490501 97
1950 0.009120544796072992 97.5
1960 0.009073504784562401 98
1970 0.009024305530734082 98.5
1980 0.008971209432563828 99
1990 0.00891608192127101 99.5
2000 0.008857174776700548 100
2010 0.008801974029377211 100.5
2020 0.008752742969897986 101
2030 0.008714189172498218 101.5
2040 0.008682623551454457 102
2050 0.008654933608655465 102.5
2060 0.00862727939063577 103
2070 0.008597684588850537 103.5
2080 0.008573228393932861 104
2090 0.008546829008461841 104.5
2100 0.008520968281477791 105
2110 0.008502138267632046 105.5
2120 0.008480852740860747 106
2130 0.008464334035357089 106.5
2140 0.008446499749632552 107
2150 0.008426510232037596 107.5
2160 0.008409924215012458 108
2170 0.008391202818912466 108.5
2180 0.008371600715042582 109
2190 0.008347221051439903 109.5
2200 0.008318352675032635 110
2210 0.008282198007675209 110.5
2220 0.008236231385373249 111
2230 0.00818701940397328 111.5
2240 0.008138253400683509 112
2250 0.008081901374671623 112.5
2260 0.008028831949947805 113
2270 0.007981646189296126 113.5
2280 0.007948918881807664 114
2290 0.007917607617875756 114.5
2300 0.007887853395413612 115
2310 0.007866032138580954 115.5
2320 0.007843231540013103 116
2330 0.007829473164708074 116.5
2340 0.00782292592648226 117
2350 0.007829714805290237 117.5
2360 0.007859017544072864 118
2370 0.007904541644048609 118.5
2380 0.007982729811715104 119
2390 0.008061561071178268 119.5
2400 0.008173247736441312 120
2410 0.008276343638903848 120.5
2420 0.008407235515054082 121
2430 0.008520716705473552 121.5
2440 0.008652895176326284 122
2450 0.008801216991721941 122.5
2460 0.008921865034564991 123
2470 0.009048093755303259 123.5
2480 0.009170586074933165 124
2490 0.009257563884467787 124.5
2500 0.00934417672956267 125
2510 0.009425077074403064 125.5
2520 0.009505717520827005 126
2530 0.009587529540783058 126.5
2540 0.009680413284222174 127
2550 0.009755984791852244 127.5
2560 0.009834638876438226 128
2570 0.009906404416752331 128.5
2580 0.009977029398188935 129
2590 0.01002472671599803 129.5
2600 0.01006859661637613 130
2610 0.01009254984916401 130.5
2620 0.01010676419323555 131
2630 0.01011222110521821 131.5
2640 0.01011199214799992 132
2650 0.01010764953116797 132.5
2660 0.01009964844821086 133
2670 0.01008783983946453 133.5
2680 0.01007138645231528 134
2690 0.01005298231325505 134.5
2700 0.01003162654654159 135
2710 0.01000133325019227 135.5
2720 0.00996391002608988 136
2730 0.009930131761512716 136.5
2740 0.009896660863454979 137
2750 0.009869512995843531 137.5
2760 0.009847324424379822 138
2770 0.009829323660899851 138.5
2780 0.009808471826223488 139
2790 0.009784704024024163 139.5
2800 0.00975990308284942 140
2810 0.009734340366777216 140.5
2820 0.009709036757060436 141
2830 0.009684859344568782 141.5
2840 0.009659371342439849 142
2850 0.009631846994274959 142.5
2860 0.009596846164307416 143
2870 0.009559652752709716 143.5
2880 0.009518252624093731 144
2890 0.009477082231576632 144.5
2900 0.009435077994347618 145
2910 0.009384511867789732 145.5
2920 0.009340691236490232 146
2930 0.009290588607138845 146.5
2940 0.0092426763453864 147
2950 0.009199648099770832 147.5
2960 0.009157718459235338 148
2970 0.009123180356217727 148.5
2980 0.009076039523861539 149
2990 0.00903668169586503 149.5
3000 0.008992102706364542 150
3010 0.00895837922807814 150.5
3020 0.008920914350269005 151
3030 0.008893066349915041 151.5
3040 0.008864522257664971 152
3050 0.008843745020247366 152.5
3060 0.008820408385941213 153
3070 0.008803884302405912 153.5
3080 0.008795689139652091 154
3090 0.008805592718549388 154.5
3100 0.0088350362711944 155
3110 0.008882668856221024 155.5
3120 0.008945413577163594 156
3130 0.009018519683216524 156.5
3140 0.009105875624522794 157
3150 0.009180866229945345 157.5
3160 0.009264512395853379 158
3170 0.009348792169837642 158.5
3180 0.009430143693222684 159
3190 0.009505180375909661 159.5
3200 0.009576023775804302 160
3210 0.009639723639010406 160.5
3220 0.009700572781139994 161
3230 0.009738383771048714 161.5
3240 0.009763221207433592 162
3250 0.00977120362158157 162.5
3260 0.009762912261115753 163
3270 0.009738332638983514 163.5
3280 0.009702227112382703 164
3290 0.009661940060497788 164.5
3300 0.009622591800491777 165
3310 0.009598752656300372 165.5
3320 0.009584868646854119 166
3330 0.009585977608625892 166.5
3340 0.009598887922564012 167
3350 0.009621865621430317 167.5
3360 0.009652681872487462 168
3370 0.009688253391265011 168.5
3380 0.009728405535409469 169
3390 0.009761554203130206 169.5
3400 0.009799389564006061 170
3410 0.00983683421913693 170.5
3420 0.009871510728049385 171
3430 0.009903204629531679 171.5
3440 0.009933990642294853 172
3450 0.009962908636519366 172.5
3460 0.009989253948288519 173
3470 0.01001655193610427 173.5
3480 0.01004727050912155 174
3490 0.01008669583646689 174.5
3500 0.01014392523076564 175
3510 0.01020476675283215 175.5
3520 0.01028873594747811 176
3530 0.01038829624051247 176.5
3540 0.01049706778959731 177
3550 0.01061515747037672 177.5
3560 0.01073339424011614 178
3570 0.01084870992462571 178.5
3580 0.01095917084092308 179
3590 0.01105650080797775 179.5
3600 0.01113864631135625 180
3610 0.01120595698158599 180.5
3620 0.01124437562474659 181
3630 0.01127367653596969 181.5
3640 0.01129377026748959 182
3650 0.01130547226395695 182.5
3660 0.0113101931951762 183
3670 0.01131395231895514 183.5
3680 0.01131658166336017 184
3690 0.011317461501616 184.5
3700 0.01131442664291845 185
3710 0.01130413444141877 185.5
3720 0.01128477940853359 186
3730 0.01125672125051168 186.5
3740 0.01123175503341802 187
3750 0.011204462952297 187.5
3760 0.01117773920491169 188
3770 0.01116041237118934 188.5
3780 0.01114684565682601 189
3790 0.01114029006468381 189.5
3800 0.01114101355428306 190
3810 0.01114877672807157 190.5
3820 0.01116258109067532 191
3830 0.0111807092584401 191.5
3840 0.01120215374537118 192
3850 0.0112254144748181 192.5
3860 0.01124967546785021 193
3870 0.01127471851964921 193.5
3880 0.01129965004517539 194
3890 0.01132350786323886 194.5
3900 0.0113457670424555 195
3910 0.0113659326764862 195.5
3920 0.01138349798030347 196
3930 0.01139902297399908 196.5
3940 0.01141105487344616 197
3950 0.01141683435835318 197.5
3960 0.01141815998494776 198
3970 0.01141914698833353 198.5
3980 0.01141996008895404 199
3990 0.01141981654873166 199.5
4000 0.01142008256156154 200
4010 0.01142243240843832 200.5
4020 0.01142761261502618 201
4030 0.01143387905411506 201.5
4040 0.01143824187602502 202
4050 0.01144054114306247 202.5
4060 0.01144101452783852 203
4070 0.0114405158190429 203.5
4080 0.01144080357527785 204
4090 0.01144359974225214 204.5
4100 0.01144991882669501 205
4110 0.01145865852943893 205.5
4120 0.0114689348811538 206
4130 0.01148000345525364 206.5
4140 0.01149111798247652 207
4150 0.01150444739222725 207.5
4160 0.01151870156866576 208
4170 0.01153867458696002 208.5
4180 0.011559514513876 209
4190 0.01157631663129731 209.5
4200 0.01158805025251813 210
4210 0.01159294011053331 210.5
4220 0.01158973376586181 211
4230 0.01158732265593031 211.5
4240 0.01158941721893443 212
4250 0.01159960641165693 212.5
4260 0.01161772200732995 213
4270 0.01164107530131925 213.5
4280 0.01166809272116285 214
4290 0.01169561348041727 214.5
4300 0.0117219420865837 215
4310 0.0117472873906469 215.5
4320 0.011772059116643 216
4330 0.01179405075873687 216.5
4340 0.01180893150166772 217
4350 0.0118151905628015 217.5
4360 0.01181320426495483 218
4370 0.01180590521698691 218.5
4380 0.01179528278083398 219
4390 0.0117821768099474 219.5
4400 0.01176446075363934 220
4410 0.01174706207199419 220.5
4420 0.01172581560183343 221
4430 0.01170508703571446 221.5
4440 0.01168538318779927 222
4450 0.01166720433873458 222.5
4460 0.01165150606879955 223
4470 0.01163949590161361 223.5
4480 0.01163083805636505 224
4490 0.01162514660059614 224.5
4500 0.01162185403880312 225
4510 0.01161981639103321 225.5
4520 0.01161863029103608 226
4530 0.011617688890047 226.5
4540 0.01161634418503516 227
4550 0.01161320781324962 227.5
4560 0.01160895983236068 228
4570 0.011602226678963 228.5
4580 0.01159283956247698 229
4590 0.01157947971287332 229.5
4600 0.01156519562267938 230
4610 0.01154567098695949 230.5
4620 0.01152363328257565 231
4630 0.0114988625603965 231.5
4640 0.01147936753114308 232
4650 0.011459943771674 232.5
4660 0.01144221824753483 233
4670 0.01143096236362452 233.5
4680 0.01142169234983727 234
4690 0.01141499518471415 234.5
4700 0.01141203466565692 235
4710 0.0114107953334685 235.5
4720 0.0114113000702419 236
4730 0.01141211555458284 236.5
4740 0.01141304570859169 237
4750 0.01141447230352504 237.5
4760 0.01141651988662739 238
4770 0.01142025463766668 238.5
4780 0.01142671151359558 239
4790 0.01143768341490826 239.5
4800 0.01145424568506291 240
4810 0.01147615386187932 240.5
4820 0.01149403558212545 241
4830 0.01151175642322542 241.5
4840 0.01152879960130291 242
4850 0.01154163325793232 242.5
4860 0.01155601176403739 243
4870 0.01157187737900455 243.5
4880 0.01159153522739844 244
4890 0.01161642138916273 244.5
4900 0.01164678067697692 245
4910 0.01168483368914089 245.5
4920 0.01171741635678389 246
4930 0.01175301270556453 246.5
4940 0.01178630611591741 247
4950 0.01181668000464181 247.5
4960 0.01184360160068394 248
4970 0.01187004452423277 248.5
4980 0.01188892149891636 249
4990 0.01190689274026532 249.5
5000 0.01192064446674099 250
