0 0 0
10 8.478770731255209e-06 0.5
20 1.700043631392014e-05 1
30 2.553757779881856e-05 1.5
40 3.407757515781326e-05 2
50 4.261345334730882e-05 2.5
60 5.114211236552006e-05 3
70 5.966223427485159e-05 3.5
80 6.817467681093648e-05 4
90 7.668126591907062e-05 4.5
100 8.518402160626901e-05 5
110 9.368446816679271e-05 5.5
120 0.0001021815617744192 6
130 0.0001106719846789904 6.5
140 0.0001191528974412447 7
150 0.0001276246745902827 7.5
160 0.0001360891487433674 8
170 0.0001445486125554499 8.5
180 0.0001530051785100338 9
190 0.0001614604481801335 9.5
200 0.0001699153982243007 10
210 0.0001783704389276606 10.5
220 0.0001868257179150019 11
230 0.0001952811318703646 11.5
240 0.0002037362971996676 12
250 0.0002121904770519242 12.5
260 0.0002206420849996424 13
270 0.000229087982791849 13.5
280 0.0002375232268754555 14
290 0.0002459410392524286 14.5
300 0.0002543333375263575 15
310 0.0002626915548890718 15.5
320 0.0002710074918048408 16
330 0.0002792738474629285 16.5
340 0.0002874842371959514 17
350 0.0002956326592749496 17.5
360 0.0003037125455259751 18
370 0.0003117164755515701 18.5
380 0.0003196366771715026 19
390 0.0003274659494122805 19.5
400 0.0003351983860838542 20
410 0.0003428296907061825 20.5
420 0.000350357173999108 21
430 0.0003577795459687879 21.5
440 0.0003650963416754897 22
450 0.0003723077711761062 22.5
460 0.0003794140916730179 23
470 0.0003864151516624651 23.5
480 0.0003933105676292018 24
490 0.0004000999185610701 24.5
500 0.0004067825362600341 25
510 0.0004133574334402858 25.5
520 0.0004198235904249424 26
530 0.0004261800316998873 26.5
540 0.0004324260481979966 27
550 0.0004385608512072913 27.5
560 0.0004445840003507029 28
570 0.0004504953388090184 28.5
580 0.000456295004339866 29
590 0.0004619837014845436 29.5
600 0.0004675630361462293 30
610 0.0004730358618052109 30.5
620 0.0004784048168361528 31
630 0.0004836716070234738 31.5
640 0.0004888376199322947 32
650 0.0004939041784590274 32.5
660 0.0004988735677276447 33
670 0.0005037489273836436 33.5
680 0.0005085337573399973 34
690 0.0005132309925457761 34.5
700 0.0005178435430523271 35
710 0.0005223748339747932 35.5
720 0.0005268282881699808 36
730 0.0005312065702089599 36.5
740 0.0005355117297783084 37
750 0.0005397451994299501 37.5
760 0.0005439079099714792 38
770 0.0005480004407659926 38.5
780 0.0005520231212015651 39
790 0.0005559762596695015 39.5
800 0.0005598602451316228 40
810 0.0005636756903049811 40.5
820 0.0005674234755119287 41
830 0.0005711047247363815 41.5
840 0.0005747203846362815 42
850 0.0005782711913012552 42.5
860 0.0005817578293830225 43
870 0.0005851808759933808 43.5
880 0.0005885407620411084 44
890 0.0005918378792558931 44.5
900 0.000595072619952113 45
910 0.0005982454345739407 45.5
920 0.0006013567008421358 46
930 0.0006044067025378177 46.5
940 0.0006073957954266649 47
950 0.0006103244768168518 47.5
960 0.0006131934451850709 48
970 0.0006160034100611405 48.5
980 0.0006187552547186201 49
990 0.0006214501555577545 49.5
1000 0.0006240892672047699 50
1010 0.0006266736576859874 50.5
1020 0.0006292046177883775 51
1030 0.0006316836697658175 51.5
1040 0.000634112479171594 52
1050 0.0006364926655776466 52.5
1060 0.0006388258419696679 53
1070 0.0006411136086757388 53.5
1080 0.0006433575128303724 54
1090 0.0006455589858858458 54.5
1100 0.0006477192490863745 55
1110 0.0006498393681712254 55.5
1120 0.0006519202111228241 56
1130 0.000653962472380479 56.5
1140 0.0006559667406244175 57
1150 0.000657933481508406 57.5
1160 0.0006598629841682562 58
1170 0.0006617553489563204 58.5
1180 0.0006636107361634328 59
1190 0.0006654293467066102 59.5
1200 0.0006672114671241233 60
1210 0.0006689574247224627 60.5
1220 0.0006706676492695119 61
1230 0.0006723425669837425 61.5
1240 0.0006739826016429671 62
1250 0.000675588308329849 62.5
1260 0.0006771605099007685 63
1270 0.0006786999780379532 63.5
1280 0.0006802076291394878 64
1290 0.0006816844814512377 64.5
1300 0.0006831315673572085 65
1310 0.0006845498018048833 65.5
1320 0.0006859400464813698 66
1330 0.0006873031126071132 66.5
1340 0.0006886396776416506 67
1350 0.0006899502197088522 67.5
1360 0.0006912355682714317 68
1370 0.0006924965285394396 68.5
1380 0.0006937337803619375 69
1390 0.0006949479901549912 69.5
1400 0.0006961399007494214 70
1410 0.0006973101378714787 70.5
1420 0.0006984592346778845 71
1430 0.0006995875997038852 71.5
1440 0.0007006958821736719 72
1450 0.0007017845887990828 72.5
1460 0.0007028541455329632 73
1470 0.0007039049901977431 73.5
1480 0.0007049375070672921 74
1490 0.0007059521061531016 74.5
1500 0.0007069491700595827 75
1510 0.0007079289868951185 75.5
1520 0.0007088917714037381 76
1530 0.000709837751247505 76.5
1540 0.000710767227279934 77
1550 0.0007116805002143001 77.5
1560 0.0007125778129633513 78
1570 0.0007134593698032965 78.5
1580 0.0007143254503245735 79
1590 0.0007151763714483565 79.5
1600 0.0007160124266906664 80
1610 0.0007168339250875161 80.5
1620 0.0007176410650696997 81
1630 0.0007184340836241873 81.5
1640 0.0007192132614165788 82
1650 0.0007199788180377582 82.5
1660 0.00072073091509432 83
1670 0.0007214697301112401 83.5
1680 0.0007221954272866259 84
1690 0.0007229081079542628 84.5
1700 0.0007236078796615624 85
1710 0.0007242948240218795 85.5
1720 0.0007249689673749086 86
1730 0.0007256303161618763 86.5
1740 0.0007262788899549099 87
1750 0.0007269146723259686 87.5
1760 0.0007275373606147938 88
1770 0.0007281469539187564 88.5
1780 0.0007287435851657274 89
1790 0.0007293274372378893 89.5
1800 0.0007298986962922254 90
1810 0.0007304575220518214 90.5
1820 0.0007310043201129749 91
1830 0.000731539131371586 91.5
1840 0.0007320619227360926 92
1850 0.0007325727420810024 92.5
1860 0.0007330716382268923 93
1870 0.0007335586921673047 93.5
1880 0.0007340340233914321 94
1890 0.0007344977059573547 94.5
1900 0.000734949960773109 95
1910 0.0007353908005677538 95.5
1920 0.0007358202879743496 96
1930 0.0007362384630402085 96.5
1940 0.0007366454323765755 97
1950 0.000737041354969737 97.5
1960 0.0007374264391387061 98
1970 0.0007378008725186733 98.5
1980 0.0007381648215836209 99
1990 0.0007385184522520381 99.5
2000 0.0007388619454692906 100
2010 0.0007391954831241297 100.5
2020 0.0007395192467972682 101
2030 0.0007398333579217316 101.5
2040 0.000740137961747691 102
2050 0.0007404331275769375 102.5
2060 0.0007407191203584278 103
2070 0.0007409961227209563 103.5
2080 0.0007412642320934486 104
2090 0.0007415236136440663 104.5
2100 0.0007417744454136717 105
2110 0.0007420168412047665 105.5
2120 0.000742250941495395 106
2130 0.0007424769347266398 106.5
2140 0.0007426951065188502 107
2150 0.00074290563196362 107.5
2160 0.0007431086434768989 108
2170 0.0007433044146886965 108.5
2180 0.0007434931204849345 109
2190 0.0007436747867361715 109.5
2200 0.0007438495888036605 110
2210 0.0007440176338935802 110.5
2220 0.0007441791534759125 111
2230 0.0007443341651850875 111.5
2240 0.0007444825201908587 112
2250 0.0007446240724599899 112.5
2260 0.0007447587929266761 113
2270 0.0007448865645102616 113.5
2280 0.0007450074733132018 114
2290 0.0007451216219054703 114.5
2300 0.0007452291468373828 115
2310 0.0007453302415354382 115.5
2320 0.0007454249955464803 116
2330 0.0007455137987819595 116.5
2340 0.0007455968909734986 117
2350 0.0007456744468632949 117.5
2360 0.0007457467457601235 118
2370 0.0007458139304936113 118.5
2380 0.0007458762625351708 119
2390 0.0007459338779601536 119.5
2400 0.0007459869692736698 120
2410 0.0007460357119089666 120.5
2420 0.0007460802466912376 121
2430 0.0007461207109828923 121.5
2440 0.0007461571593300016 122
2450 0.0007461897140039899 122.5
2460 0.0007462185081032481 123
2470 0.000746243674214633 123.5
2480 0.0007462651406198264 124
2490 0.000746282965924665 124.5
2500 0.0007462973323343731 125
2510 0.0007463084979338391 125.5
2520 0.0007463166675464923 126
2530 0.0007463220837669158 126.5
2540 0.0007463250053752359 127
2550 0.0007463254738859716 127.5
2560 0.0007463236461645983 128
2570 0.0007463197221966724 128.5
2580 0.0007463139019014819 129
2590 0.0007463062515562303 129.5
2600 0.0007462968347242393 130
2610 0.0007462857419297436 130.5
2620 0.0007462729904326662 131
2630 0.0007462585936595691 131.5
2640 0.0007462426058871877 132
2650 0.0007462250693190456 132.5
2660 0.0007462056798926206 133
2670 0.0007461843976384889 133.5
2680 0.0007461613909569365 134
2690 0.0007461368540722852 134.5
2700 0.0007461109430457881 135
2710 0.0007460838322699732 135.5
2720 0.0007460557188973924 136
2730 0.0007460267971408478 136.5
2740 0.0007459972734233709 137
2750 0.0007459673596394331 137.5
2760 0.0007459372119842998 138
2770 0.0007459069582400653 138.5
2780 0.0007458767544575122 139
2790 0.0007458467831838745 139.5
2800 0.0007458172742209646 140
2810 0.0007457884394406575 140.5
2820 0.0007457604287129078 141
2830 0.000745733375042072 141.5
2840 0.0007457073941233573 142
2850 0.0007456826029282446 142.5
2860 0.0007456591246628323 143
2870 0.0007456369521754834 143.5
2880 0.0007456160700147714 144
2890 0.0007455964177637561 144.5
2900 0.000745577929588148 145
2910 0.0007455605862033363 145.5
2920 0.0007455443621723167 146
2930 0.0007455292409497489 146.5
2940 0.0007455152541952051 147
2950 0.0007455023071534296 147.5
2960 0.0007454903084582681 148
2970 0.0007454792310489307 148.5
2980 0.0007454691025048598 149
2990 0.0007454599400220791 149.5
3000 0.0007454517530252033 150
3010 0.0007454445781047795 150.5
3020 0.0007454384463769022 151
3030 0.0007454333916415667 151.5
3040 0.0007454294620522341 152
3050 0.0007454267271831428 152.5
3060 0.0007454252759946728 153
3070 0.0007454252106217419 153.5
3080 0.0007454266117935132 154
3090 0.000745429567495408 154.5
3100 0.0007454341567960007 155
3110 0.0007454403854058509 155.5
3120 0.0007454482274780092 156
3130 0.000745457704794952 156.5
3140 0.0007454689038799729 157
3150 0.0007454819741503411 157.5
3160 0.0007454971353801332 158
3170 0.0007455146006835997 158.5
3180 0.0007455345473230342 159
3190 0.0007455571398258658 159.5
3200 0.0007455825662435713 160
3210 0.0007456110202894655 160.5
3220 0.0007456426567195395 161
3230 0.0007456775756487964 161.5
3240 0.0007457158651949282 162
3250 0.0007457576009075303 162.5
3260 0.0007458028412403984 163
3270 0.0007458516045541001 163.5
3280 0.0007459038991748234 164
3290 0.0007459597232266966 164.5
3300 0.0007460191333900745 165
3310 0.0007460822606688261 165.5
3320 0.0007461492314825335 166
3330 0.0007462201530206529 166.5
3340 0.0007462951862876998 167
3350 0.0007463744482011228 167.5
3360 0.0007464580029993231 168
3370 0.0007465458304015053 168.5
3380 0.0007466378759154519 169
3390 0.0007467340797427692 169.5
3400 0.0007468343144790687 170
3410 0.0007469383952271707 170.5
3420 0.0007470461245734155 171
3430 0.0007471572821512141 171.5
3440 0.0007472715676018528 172
3450 0.0007473886747671394 172.5
3460 0.0007475082946308625 173
3470 0.0007476300156702818 173.5
3480 0.000747753338273962 174
3490 0.0007478777957409058 174.5
3500 0.0007480030095872603 175
3510 0.0007481287049102411 175.5
3520 0.0007482545743729893 176
3530 0.0007483803427278165 176.5
3540 0.0007485057958895334 177
3550 0.0007486307231428203 177.5
3560 0.0007487548355963973 178
3570 0.0007488778496966811 178.5
3580 0.0007489995176289013 179
3590 0.0007491196268822361 179.5
3600 0.0007492380146404252 180
3610 0.0007493545607234181 180.5
3620 0.0007494691633196423 181
3630 0.0007495817301538217 181.5
3640 0.0007496922269890653 182
3650 0.0007498006871753167 182.5
3660 0.0007499071441807944 183
3670 0.0007500116275480242 183.5
3680 0.000750114231520855 184
3690 0.0007502150923000793 184.5
3700 0.0007503143648708196 185
3710 0.0007504122108596016 185.5
3720 0.0007505088194369649 186
3730 0.000750604408869817 186.5
3740 0.0007506992055539534 187
3750 0.0007507934144541693 187.5
3760 0.0007508872016808734 188
3770 0.0007509807227961673 188.5
3780 0.0007510741141583832 189
3790 0.0007511674580699909 189.5
3800 0.0007512608000141115 190
3810 0.0007513541613029212 190.5
3820 0.0007514474216558623 191
3830 0.0007515401978595854 191.5
3840 0.0007516325221213624 192
3850 0.000751724598450217 192.5
3860 0.0007518166195077743 193
3870 0.0007519087032442419 193.5
3880 0.0007520008913419848 194
3890 0.000752093173876404 194.5
3900 0.000752185506132064 195
3910 0.0007522778151849794 195.5
3920 0.000752370056397132 196
3930 0.0007524624158995332 196.5
3940 0.0007525548874230171 197
3950 0.0007526473719759216 197.5
3960 0.0007527397912738458 198
3970 0.0007528321249376172 198.5
3980 0.0007529243317189003 199
3990 0.0007530162291611751 199.5
4000 0.0007531077600863604 200
4010 0.0007531989268484442 200.5
4020 0.0007532898160217983 201
4030 0.0007533805970592157 201.5
4040 0.0007534714726184985 202
4050 0.0007535626458004241 202.5
4060 0.0007536542887503395 203
4070 0.0007537465131402706 203.5
4080 0.0007538393449847191 204
4090 0.0007539327388762281 204.5
4100 0.0007540265971445014 205
4110 0.000754120824339445 205.5
4120 0.0007542153521523134 206
4130 0.0007543101888622671 206.5
4140 0.0007544053618598861 207
4150 0.0007545008076025197 207.5
4160 0.0007545964672059787 208
4170 0.0007546923003089148 208.5
4180 0.0007547882113688506 209
4190 0.0007548840775554339 209.5
4200 0.0007549797646521242 210
4210 0.0007550752090836806 210.5
4220 0.0007551703369287817 211
4230 0.0007552651469060268 211.5
4240 0.0007553596247899907 212
4250 0.0007554537129870455 212.5
4260 0.000755547347343198 213
4270 0.000755640478102948 213.5
4280 0.000755733047286983 214
4290 0.0007558250407948549 214.5
4300 0.0007559164443981404 215
4310 0.0007560071674375509 215.5
4320 0.0007560971790613998 216
4330 0.0007561864634313125 216.5
4340 0.00075627499967858 217
4350 0.0007563627339192345 217.5
4360 0.0007564496216860181 218
4370 0.0007565355807808614 218.5
4380 0.0007566205655292279 219
4390 0.0007567044808829204 219.5
4400 0.0007567872500414735 220
4410 0.0007568687826742369 220.5
4420 0.0007569489810031401 221
4430 0.0007570277306161957 221.5
4440 0.000757104925343712 222
4450 0.0007571804698969415 222.5
4460 0.000757254321769508 223
4470 0.0007573264139289789 223.5
4480 0.0007573967093256536 224
4490 0.0007574651848141913 224.5
4500 0.0007575318697756847 225
4510 0.0007575968073921513 225.5
4520 0.0007576600826819282 226
4530 0.0007577217841392528 226.5
4540 0.0007577820075246601 227
4550 0.0007578408853515458 227.5
4560 0.0007578985484475568 228
4570 0.0007579551202274377 228.5
4580 0.0007580107832127541 229
4590 0.000758065705918537 229.5
4600 0.0007581200591490685 230
4610 0.0007581739199206756 230.5
4620 0.0007582273659194753 231
4630 0.0007582804627243153 231.5
4640 0.0007583332833589308 232
4650 0.0007583859435358171 232.5
4660 0.0007584384868264692 233
4670 0.0007584909480552574 233.5
4680 0.000758543375570455 234
4690 0.0007585958334024667 234.5
4700 0.0007586483733322588 235
4710 0.0007587010174423971 235.5
4720 0.0007587537711919051 236
4730 0.0007588066461076302 236.5
4740 0.0007588596426284866 237
4750 0.0007589127104840182 237.5
4760 0.0007589658311288415 238
4770 0.0007590189717621587 238.5
4780 0.0007590721072742579 239
4790 0.0007591252202851341 239.5
4800 0.0007591782814364109 240
4810 0.0007592312461743582 240.5
4820 0.0007592840407567835 241
4830 0.0007593365964142837 241.5
4840 0.0007593888532559665 242
4850 0.0007594407250533563 242.5
4860 0.0007594921600844305 243
4870 0.000759543083349083 243.5
4880 0.000759593423204634 244
4890 0.0007596431191279146 244.5
4900 0.0007596921277362174 245
4910 0.0007597404053509562 245.5
4920 0.0007597879224741368 246
4930 0.0007598346263185384 246.5
4940 0.0007598804346620643 247
4950 0.0007599253476523393 247.5
4960 0.0007599694102700285 248
4970 0.0007600126766953272 248.5
4980 0.0007600551638906141 249
4990 0.0007600969187248718 249.5
5000 0.000760137927473776 250
5010 0.0007601781816674869 250.5
5020 0.0007602176588799418 251
5030 0.0007602563396261879 251.5
5040 0.0007602941894625697 252
5050 0.0007603311990297155 252.5
5060 0.0007603673485451956 253
5070 0.00076040266131857 253.5
5080 0.0007604371019786451 254
5090 0.0007604706796197519 254.5
5100 0.0007605034249629456 255
5110 0.0007605353554489798 255.5
5120 0.0007605664901145644 256
5130 0.0007605968465478443 256.5
5140 0.0007606264831997415 257
5150 0.0007606553654616366 257.5
5160 0.0007606835174880674 258
5170 0.0007607109165210395 258.5
5180 0.0007607375919398948 259
5190 0.0007607635111997224 259.5
5200 0.0007607886696072304 260
5210 0.0007608130326564404 260.5
5220 0.0007608365754849902 261
5230 0.000760859280187397 261.5
5240 0.0007608811327980713 262
5250 0.0007609021199590535 262.5
5260 0.0007609222325329649 263
5270 0.0007609414624329944 263.5
5280 0.0007609598002713722 264
5290 0.0007609772335947006 264.5
5300 0.0007609937488046462 265
5310 0.0007610093351754819 265.5
5320 0.0007610239839038968 266
5330 0.0007610376868660375 266.5
5340 0.0007610504351232369 267
5350 0.0007610622226194656 267.5
5360 0.0007610730466280039 268
5370 0.0007610829062796777 268.5
5380 0.0007610918006148167 269
5390 0.0007610997285296902 269.5
5400 0.000761106691909768 270
5410 0.0007611126943935844 270.5
5420 0.0007611177382779696 271
5430 0.0007611218248715981 271.5
5440 0.0007611249535849433 272
5450 0.0007611271204555389 272.5
5460 0.0007611283259849255 273
5470 0.0007611285774974212 273.5
5480 0.0007611278837797512 274
5490 0.0007611262388505233 274.5
5500 0.0007611236537112909 275
5510 0.0007611201262922627 275.5
5520 0.0007611156602917109 276
5530 0.0007611102664747669 276.5
5540 0.000761103966745289 277
5550 0.0007610967658776459 277.5
5560 0.0007610886700642706 278
5570 0.0007610796994210247 278.5
5580 0.00076106989795956 279
5590 0.0007610592973367386 279.5
5600 0.0007610479187553854 280
5610 0.0007610357914253308 280.5
5620 0.0007610229408431203 281
5630 0.0007610094080658655 281.5
5640 0.0007609952153713917 282
5650 0.0007609803834035936 282.5
5660 0.0007609649471285817 283
5670 0.0007609489227028079 283.5
5680 0.0007609323421819996 284
5690 0.0007609152218860553 284.5
5700 0.0007608975741687187 285
5710 0.0007608794254035353 285.5
5720 0.0007608608257117049 286
5730 0.0007608417817989882 286.5
5740 0.0007608223368126931 287
5750 0.0007608025198950173 287.5
5760 0.0007607823801946935 288
5770 0.000760761952220637 288.5
5780 0.0007607412495172219 289
5790 0.0007607203044992757 289.5
5800 0.0007606991289696265 290
5810 0.0007606777394253766 290.5
5820 0.0007606561583302736 291
5830 0.0007606343879631037 291.5
5840 0.0007606124332233483 292
5850 0.0007605903012056099 292.5
5860 0.0007605680010199194 293
5870 0.0007605455407440449 293.5
5880 0.0007605229291660619 294
5890 0.000760500176137628 294.5
5900 0.0007604772937475576 295
5910 0.0007604542948973879 295.5
5920 0.0007604311902002738 296
5930 0.0007604079881794335 296.5
5940 0.000760384696823263 297
5950 0.0007603613221841855 297.5
5960 0.0007603378687471524 298
5970 0.0007603143405122314 298.5
5980 0.0007602907411503615 299
5990 0.0007602670762887951 299.5
6000 0.0007602433542326071 300
