0 0 0
10 0.04060771238288983 0.5
20 0.06619077333068746 1
30 0.0810292573513032 1.5
40 0.08755912804368721 2
50 0.09032155423700829 2.5
60 0.09135571268670595 3
70 0.0917424472509737 3.5
80 0.09190060944447066 4
90 0.09195582744669512 4.5
100 0.09196938804501942 5
110 0.09196034397884582 5.5
120 0.09193661620409996 6
130 0.09190670433494091 6.5
140 0.09187864835891039 7
150 0.09185835563226062 7.5
160 0.0918480094510768 8
170 0.09184641223756661 8.5
180 0.09185006320843657 9
190 0.09185562014735336 9.5
200 0.09186090230870035 10
210 0.09186470726391589 10.5
220 0.09186651675289233 11
230 0.09186618281957139 11.5
240 0.09186371626574182 12
250 0.0918592058260032 12.5
260 0.09185282524544207 13
270 0.09184480822755674 13.5
280 0.09183539394668069 14
290 0.09182483686983399 14.5
300 0.09181340805791709 15
310 0.09180135382491456 15.5
320 0.09180086956205179 16
330 0.09180637476507042 16.5
340 0.09181108719766312 17
350 0.09181521271841088 17.5
360 0.09181895606536307 18
370 0.09182250095779027 18.5
380 0.0918259907964061 19
390 0.09182955617641041 19.5
400 0.0918332336442582 20
410 0.09183699051875129 20.5
420 0.09184077623485003 21
430 0.09184452691193896 21.5
440 0.09184817217258848 22
450 0.09185164754206117 22.5
460 0.09185489992265958 23
470 0.0918578898102905 23.5
480 0.09186051383902256 24
490 0.09186237389220933 24.5
500 0.09186375204238705 25
510 0.09186481805425113 25.5
520 0.09186562443121964 26
530 0.09186613743037296 26.5
540 0.09186636488139061 27
550 0.09186634715674463 27.5
560 0.09186611845206656 28
570 0.09186570573364841 28.5
580 0.09186513344513553 29
590 0.09186442367545304 29.5
600 0.09186359831086917 30
610 0.09186268021556683 30.5
620 0.09186168851118863 31
630 0.09186064090844451 31.5
640 0.09185955609444239 32
650 0.09185845248227287 32.5
660 0.09185734252026113 33
670 0.09185621826456364 33.5
680 0.09185507739754369 34
690 0.0918539291346849 34.5
700 0.09185278424656321 35
710 0.0918516518030973 35.5
720 0.09185053908551125 36
730 0.09184945207957274 36.5
740 0.09184839631815837 37
750 0.09184737562101544 37.5
760 0.09184639345389238 38
770 0.09184545316925363 38.5
780 0.09184455724018514 39
790 0.09184370757052926 39.5
800 0.09184290558798697 40
810 0.09184215218315696 40.5
820 0.09184144780856458 41
830 0.09184079263486558 41.5
840 0.09184018796570347 42
850 0.09183963308875384 42.5
860 0.09183912510980537 43
870 0.09183866034973936 43.5
880 0.09183823490917389 44
890 0.09183784464155442 44.5
900 0.09183748501817636 45
910 0.09183715130796183 45.5
920 0.09183683855165715 46
930 0.09183654150316439 46.5
940 0.09183625491066942 47
950 0.09183597377844728 47.5
960 0.09183569377653068 48
970 0.09183541127882094 48.5
980 0.09183512300016314 49
990 0.09183482693605545 49.5
1000 0.0918345246294137 50
1010 0.09183421921418078 50.5
1020 0.09183391220517263 51
1030 0.09183360407251184 51.5
1040 0.09183329467131839 52
1050 0.0918329835389021 52.5
1060 0.09183267040369467 53
1070 0.09183235507346652 53.5
1080 0.09183203773930002 54
1090 0.09183171969455492 54.5
1100 0.09183140366320409 55
1110 0.09183109339283482 55.5
1120 0.09183079288294263 56
1130 0.09183050602340732 56.5
1140 0.09183023680864021 57
1150 0.09182998923762861 57.5
1160 0.09182976707610729 58
1170 0.09182957362621583 58.5
1180 0.09182941179141597 59
1190 0.09182928390456217 59.5
1200 0.09182919166141365 60
1210 0.09182913570539618 60.5
1220 0.09182911536506451 61
1230 0.09182912873342364 61.5
1240 0.09182917325659948 62
1250 0.0918292461225278 62.5
1260 0.09182934441132053 63
1270 0.09182946537575368 63.5
1280 0.09182960667771083 64
1290 0.09182976635430824 64.5
1300 0.09182994251414457 65
1310 0.09183013353217635 65.5
1320 0.09183033827542322 66
1330 0.09183055597846572 66.5
1340 0.09183078605703432 67
1350 0.09183102813302374 67.5
1360 0.09183128206127 68
1370 0.09183154780915567 68.5
1380 0.09183182539253815 69
1390 0.09183211476771584 69.5
1400 0.09183241574662733 70
1410 0.09183272813331995 70.5
1420 0.09183305169361328 71
1430 0.09183338598245368 71.5
1440 0.09183373042413384 72
1450 0.09183408459017299 72.5
1460 0.09183444828362104 73
1470 0.0918348213682622 73.5
1480 0.09183520417119177 74
1490 0.09183559838242181 74.5
1500 0.0918360040780607 75
1510 0.09183642026656756 75.5
1520 0.09183684611193155 76
1530 0.09183728098814561 76.5
1540 0.09183772428859303 77
1550 0.09183817533628888 77.5
1560 0.09183863320415231 78
1570 0.09183909683326205 78.5
1580 0.09183956508998821 79
1590 0.09184003682459585 79.5
1600 0.09184051087772321 80
1610 0.09184098602577857 80.5
1620 0.09184146100758041 81
1630 0.09184193454640359 81.5
1640 0.0918424053773515 82
1650 0.09184287222224358 82.5
1660 0.0918433338945077 83
1670 0.09184378940686114 83.5
1680 0.0918442377546576 84
1690 0.0918446779246431 84.5
1700 0.09184510908271062 85
1710 0.09184553055728213 85.5
1720 0.09184594170488418 86
1730 0.09184634222556555 86.5
1740 0.09184673216532349 87
1750 0.09184711112045053 87.5
1760 0.09184747831004157 88
1770 0.09184783288438325 88.5
1780 0.09184817415417278 89
1790 0.09184850191502886 89.5
1800 0.0918488161328849 90
1810 0.09184911715928849 90.5
1820 0.09184940560275477 91
1830 0.09184968177629413 91.5
1840 0.09184994563625332 92
1850 0.09185019695268144 92.5
1860 0.09185043543784677 93
1870 0.09185066087922936 93.5
1880 0.09185087319226776 94
1890 0.09185107231864705 94.5
1900 0.09185125830374896 95
1910 0.09185143144458933 95.5
1920 0.09185159221922513 96
1930 0.09185174111238088 96.5
1940 0.09185187853605661 97
1950 0.0918520048831864 97.5
1960 0.09185212062019187 98
1970 0.09185222613057435 98.5
1980 0.0918523218297254 99
1990 0.09185240823567398 99.5
2000 0.09185248594183849 100
2010 0.09185255581550721 100.5
2020 0.09185261881954232 101
2030 0.09185267561748028 101.5
2040 0.09185272669703307 102
2050 0.09185277238244856 102.5
2060 0.09185281299279245 103
2070 0.0918528489543276 103.5
2080 0.09185288076151628 104
2090 0.09185290888483504 104.5
2100 0.09185293371032058 105
2110 0.09185295559318171 105.5
2120 0.09185297477603965 106
2130 0.09185299144664257 106.5
2140 0.09185300576361086 107
2150 0.09185301783416355 107.5
2160 0.09185302759711145 108
2170 0.09185303483013142 108.5
2180 0.09185303919538179 109
2190 0.09185304038617545 109.5
2200 0.09185303805760815 110
2210 0.0918530319217704 110.5
2220 0.09185302171057393 111
2230 0.09185300725931358 111.5
2240 0.09185298846198887 112
2250 0.09185296530497136 112.5
2260 0.09185293793347307 113
2270 0.09185290670314898 113.5
2280 0.09185287213011789 114
2290 0.09185283481618138 114.5
2300 0.09185279542885963 115
2310 0.09185275460286227 115.5
2320 0.09185271278511638 116
2330 0.09185267020533476 116.5
2340 0.09185262648266707 117
2350 0.09185258072839768 117.5
2360 0.09185253297136911 118
2370 0.09185248354245654 118.5
2380 0.09185243269918991 119
2390 0.09185238065989049 119.5
2400 0.09185232762600985 120
2410 0.09185227379838559 120.5
2420 0.09185221926850871 121
2430 0.09185216410043021 121.5
2440 0.09185210838600737 122
2450 0.09185205230298485 122.5
2460 0.09185199614625129 123
2470 0.09185194030334801 123.5
2480 0.09185188523501868 124
2490 0.09185183137672821 124.5
2500 0.09185177912295599 125
2510 0.09185172877741309 125.5
2520 0.09185168062834552 126
2530 0.09185163493046336 126.5
2540 0.0918515919882117 127
2550 0.09185155206104371 127.5
2560 0.09185151535866812 128
2570 0.09185148201128678 128.5
2580 0.09185145214277489 129
2590 0.09185142583818352 129.5
2600 0.09185140310110632 130
2610 0.09185138397914006 130.5
2620 0.09185136861797684 131
2630 0.09185135702033222 131.5
2640 0.09185134896216919 132
2650 0.09185134418955038 132.5
2660 0.09185134255287809 133
2670 0.09185134398694529 133.5
2680 0.09185134844273733 134
2690 0.09185135590180508 134.5
2700 0.09185136636789365 135
2710 0.09185137980081944 135.5
2720 0.09185139609630102 136
2730 0.09185141515066904 136.5
2740 0.09185143692108459 137
2750 0.09185146141016769 137.5
2760 0.09185148872538393 138
2770 0.09185151895956926 138.5
2780 0.09185155206358454 139
2790 0.09185158787660366 139.5
2800 0.091851626105312 140
2810 0.09185166635908192 140.5
2820 0.09185170824289279 141
2830 0.09185175137725821 141.5
2840 0.09185179545054477 142
2850 0.09185184027239035 142.5
2860 0.09185188564635555 143
2870 0.09185193135579575 143.5
2880 0.09185197719711954 144
2890 0.09185202299199342 144.5
2900 0.09185206844196384 145
2910 0.09185211320990323 145.5
2920 0.091852156989587 146
2930 0.09185219944008229 146.5
2940 0.09185224022325585 147
2950 0.09185227908354664 147.5
2960 0.09185231582712289 148
2970 0.09185235032571297 148.5
2980 0.09185238238715984 149
2990 0.09185241176180937 149.5
3000 0.09185243822446866 150
3010 0.09185246151807318 150.5
3020 0.09185248125694033 151
3030 0.09185249696353387 151.5
3040 0.09185250814541732 152
3050 0.09185251435367607 152.5
3060 0.09185251523900156 153
3070 0.09185251054959134 153.5
3080 0.09185250016904277 154
3090 0.09185248400808695 154.5
3100 0.09185246208427468 155
3110 0.09185243446694825 155.5
3120 0.09185240134317975 156
3130 0.09185236289545319 156.5
3140 0.09185231924366752 157
3150 0.0918522705269358 157.5
3160 0.09185221687453309 158
3170 0.09185215849132217 158.5
3180 0.09185209566451856 159
3190 0.09185202872931238 159.5
3200 0.09185195804044055 160
3210 0.09185188388794628 160.5
3220 0.0918518064206184 161
3230 0.09185172569986549 161.5
3240 0.0918516417171244 162
3250 0.09185155441414128 162.5
3260 0.09185146369700575 163
3270 0.09185136944358917 163.5
3280 0.09185127150963991 164
3290 0.09185116977519767 164.5
3300 0.09185106412569699 165
3310 0.09185095435337699 165.5
3320 0.09185084015174325 166
3330 0.0918507211589846 166.5
3340 0.09185059697873095 167
3350 0.09185046721312677 167.5
3360 0.09185033147663783 168
3370 0.09185018936939003 168.5
3380 0.09185004036359321 169
3390 0.0918498838944983 169.5
3400 0.09184971949040147 170
3410 0.09184954680070755 170.5
3420 0.09184936552927631 171
3430 0.0918491753860305 171.5
3440 0.09184897607446924 172
3450 0.0918487673087918 172.5
3460 0.09184854884137196 173
3470 0.09184832069642603 173.5
3480 0.0918480836251751 174
3490 0.09184783785430622 174.5
3500 0.09184758126825912 175
3510 0.09184731079338916 175.5
3520 0.09184702695235339 176
3530 0.09184673134158922 176.5
3540 0.09184642553751864 177
3550 0.09184611091777142 177.5
3560 0.09184578869650238 178
3570 0.09184546001449867 178.5
3580 0.09184512592727356 179
3590 0.09184478733306985 179.5
3600 0.09184444502661254 180
3610 0.09184409977942345 180.5
3620 0.09184375245356026 181
3630 0.09184340382012367 181.5
3640 0.09184305472312727 182
3650 0.09184270620030587 182.5
3660 0.09184235926075383 183
3670 0.09184201480868712 183.5
3680 0.09184167410189788 184
3690 0.0918413387589682 184.5
3700 0.09184100877346635 185
3710 0.09184068380435674 185.5
3720 0.0918403636010208 186
3730 0.09184004804655009 186.5
3740 0.09183973710937682 187
3750 0.09183943079884167 187.5
3760 0.09183912911410809 188
3770 0.09183883205835007 188.5
3780 0.0918385397200062 189
3790 0.09183825231438388 189.5
3800 0.0918379700414477 190
3810 0.09183769296108173 190.5
3820 0.09183742120242221 191
3830 0.09183715485697035 191.5
3840 0.09183689391478991 192
3850 0.09183663840863349 192.5
3860 0.0918363884353121 193
3870 0.0918361441828264 193.5
3880 0.09183590586650141 194
3890 0.09183567356593883 194.5
3900 0.09183544722207725 195
3910 0.0918352266963251 195.5
3920 0.09183501187471488 196
3930 0.09183480274161007 196.5
3940 0.09183459950048578 197
3950 0.09183440251942099 197.5
3960 0.09183421217885915 198
3970 0.09183402882130114 198.5
3980 0.09183385279298868 199
3990 0.09183368459112407 199.5
4000 0.09183352487930251 200
4010 0.09183337428833457 200.5
4020 0.09183323332096574 201
4030 0.09183310241570466 201.5
4040 0.09183298193640478 202
4050 0.09183287214363224 202.5
4060 0.09183277327093961 203
4070 0.09183268553530227 203.5
4080 0.09183260911081995 204
4090 0.09183254408280506 204.5
4100 0.09183249043451717 205
4110 0.09183244801031595 205.5
4120 0.09183241647846974 206
4130 0.09183239539056068 206.5
4140 0.09183238419496303 207
4150 0.09183238231190556 207.5
4160 0.09183238922758728 208
4170 0.09183240446169158 208.5
4180 0.0918324275972868 209
4190 0.0918324581792833 209.5
4200 0.09183249571152075 210
4210 0.0918325395749699 210.5
4220 0.09183258916258487 211
4230 0.09183264381745244 211.5
4240 0.09183270292218192 212
4250 0.09183276597686935 212.5
4260 0.09183283250875959 213
4270 0.0918329020061342 213.5
4280 0.0918329739608414 214
4290 0.09183304780331153 214.5
4300 0.09183312293783374 215
4310 0.09183319881709973 215.5
4320 0.09183327495516878 216
4330 0.09183335086148588 216.5
4340 0.09183342610828835 217
4350 0.09183350032367497 217.5
4360 0.09183357317520327 218
4370 0.09183364436289884 218.5
4380 0.09183371364928428 219
4390 0.09183378090063422 219.5
4400 0.09183384599502073 220
4410 0.09183390880184078 220.5
4420 0.09183396916910055 221
4430 0.09183402691072853 221.5
4440 0.0918340818395061 222
4450 0.09183413388014663 222.5
4460 0.09183418298230595 223
4470 0.09183422913958077 223.5
4480 0.0918342723577579 224
4490 0.09183431263392342 224.5
4500 0.09183435008102489 225
4510 0.09183438499742656 225.5
4520 0.09183441760654651 226
4530 0.09183444799473932 226.5
4540 0.09183447622443588 227
4550 0.09183450229672709 227.5
4560 0.09183452624239025 228
4570 0.09183454808216508 228.5
4580 0.0918345678947959 229
4590 0.09183458582757884 229.5
4600 0.09183460210584665 230
4610 0.09183461698682113 230.5
4620 0.09183463078736669 231
4630 0.09183464384393812 231.5
4640 0.09183465649583911 232
4650 0.09183466896738247 232.5
4660 0.09183468154432815 233
4670 0.09183469441117553 233.5
4680 0.09183470785174333 234
4690 0.09183472210885354 234.5
4700 0.09183473733650845 235
4710 0.09183475365609284 235.5
4720 0.09183477113465026 236
4730 0.09183478983742607 236.5
4740 0.09183480970109016 237
4750 0.09183483065174299 237.5
4760 0.09183485266735368 238
4770 0.09183487581986244 238.5
4780 0.09183490026675083 239
4790 0.09183492613517745 239.5
4800 0.09183495355274107 240
4810 0.09183498264762856 240.5
4820 0.091835013561861 241
4830 0.09183504638964758 241.5
4840 0.09183508122679659 242
4850 0.09183511821588444 242.5
4860 0.09183515748887967 243
4870 0.09183519924817814 243.5
4880 0.09183524368377458 244
4890 0.09183529098326872 244.5
4900 0.09183534132464669 245
4910 0.09183539484958389 245.5
4920 0.09183545167753193 246
4930 0.09183551183368607 246.5
4940 0.09183557532023577 247
4950 0.09183564213484723 247.5
4960 0.09183571229804179 248
4970 0.09183578583934068 248.5
4980 0.091835862780446 249
4990 0.09183594309333622 249.5
5000 0.09183602669574337 250
5010 0.09183611346202718 250.5
5020 0.09183620322744357 251
5030 0.09183629578564843 251.5
5040 0.09183639091457953 252
5050 0.09183648840575259 252.5
5060 0.09183658806275019 253
5070 0.09183668974030354 253.5
5080 0.09183679330110528 254
5090 0.09183689862948639 254.5
5100 0.09183700562211773 255
5110 0.09183711418692246 255.5
5120 0.09183722422273011 256
5130 0.09183733564792748 256.5
5140 0.0918374483734274 257
5150 0.09183756230254639 257.5
5160 0.09183767737742336 258
5170 0.09183779352559984 258.5
5180 0.09183791066458005 259
5190 0.09183802869485751 259.5
5200 0.0918381475066003 260
5210 0.09183826699243361 260.5
5220 0.09183838703743982 261
5230 0.09183850751374842 261.5
5240 0.09183862827540692 262
5250 0.0918387491601512 262.5
5260 0.09183886999845355 263
5270 0.09183899062053195 263.5
5280 0.09183911086160457 264
5290 0.09183923056346351 264.5
5300 0.09183934957638358 265
5310 0.0918394677587944 265.5
5320 0.09183958497269248 266
5330 0.09183970108825892 266.5
5340 0.09183981633006234 267
5350 0.09183993085300224 267.5
5360 0.09184004430280461 268
5370 0.09184015632613005 268.5
5380 0.09184026673870506 269
5390 0.09184037547985929 269.5
5400 0.09184048244737542 270
5410 0.0918405874917539 270.5
5420 0.09184069043337957 271
5430 0.09184079108763565 271.5
5440 0.09184088927699162 272
5450 0.09184098483185478 272.5
5460 0.09184107758086651 273
5470 0.09184116740752815 273.5
5480 0.09184125420091274 274
5490 0.09184133782428622 274.5
5500 0.09184141819632212 275
5510 0.09184149523718961 275.5
5520 0.09184156887468002 276
5530 0.0918416390884197 276.5
5540 0.09184170587890181 277
5550 0.09184176923545269 277.5
5560 0.09184182915973908 278
5570 0.09184188567086229 278.5
5580 0.09184193884682319 279
5590 0.09184198873171168 279.5
5600 0.09184203536284426 280
5610 0.09184207875229213 280.5
5620 0.09184211896810246 281
5630 0.0918421560943956 281.5
5640 0.09184219021410986 282
5650 0.09184222140868434 282.5
5660 0.09184224978755413 283
5670 0.0918422754184211 283.5
5680 0.09184229838083156 284
5690 0.09184231871824616 284.5
5700 0.09184233645805565 285
5710 0.09184235163300956 285.5
5720 0.09184236431607773 286
5730 0.09184237450070468 286.5
5740 0.0918423821870543 287
5750 0.09184238738217709 287.5
5760 0.091842390085678 288
5770 0.09184239033845805 288.5
5780 0.09184238813296917 289
5790 0.09184238351506334 289.5
5800 0.0918423765194032 290
5810 0.09184236716756225 290.5
5820 0.09184235552172991 291
5830 0.09184234161563969 291.5
5840 0.09184232548401645 292
5850 0.09184230717267922 292.5
5860 0.09184228673534711 293
5870 0.0918422642220442 293.5
5880 0.09184223967619404 294
5890 0.09184221312994412 294.5
5900 0.09184218460355809 295
5910 0.09184215411247681 295.5
5920 0.0918421216735584 296
5930 0.09184208731253325 296.5
5940 0.09184205106715196 297
5950 0.09184201299009173 297.5
5960 0.09184197315297801 298
5970 0.09184193164442275 298.5
5980 0.09184188856565946 299
5990 0.09184184407116454 299.5
6000 0.09184179836771607 300
