0 0 0
5 5.318862204977636e-37 0.5
10 2.58520805584815e-42 1
15 1.250092891632699e-45 1.5
20 2.134831038422455e-45 2
25 1.361450575035229e-43 2.5
30 8.100342046164855e-43 3
35 1.059951497390326e-43 3.5
43 4.620736502807448e-38 4
53 4.046329742654153e-36 4.5
63 5.986949245024021e-35 5
73 4.584591208961209e-34 5.5
83 2.347725620360901e-33 6
93 9.140841407627695e-33 6.5
103 2.947172162539905e-32 7
113 8.325834354455253e-32 7.5
123 8.256497909565376e-26 8
133 4.201842923436924e-24 8.5
143 5.105069370217546e-24 9
153 2.408240387870741e-24 9.5
163 1.994240414037883e-21 10
173 1.284291758219379e-20 10.5
183 2.356484228412145e-20 11
193 1.801237781756589e-20 11.5
203 7.510866680251837e-21 12
213 4.033892566804573e-19 12.5
223 1.112010066032967e-17 13
233 1.435502934074236e-16 13.5
243 1.794465918302296e-15 14
253 1.490044022770368e-14 14.5
263 8.969610719470724e-14 15
273 4.71498975941205e-13 15.5
283 1.894870413077738e-12 16
293 6.140918308931207e-12 16.5
303 1.691977754400608e-11 17
313 4.127167380932479e-11 17.5
323 9.177954594938322e-11 18
333 1.894765678691263e-10 18.5
343 3.679890568499462e-10 19
353 6.781491844436115e-10 19.5
363 1.193329962669244e-09 20
373 2.008898156474262e-09 20.5
383 3.233377870104363e-09 21
393 4.977553531998357e-09 21.5
403 7.344258924708572e-09 22
413 1.044057158395896e-08 22.5
423 1.448727573162227e-08 23
433 2.022306068617465e-08 23.5
443 3.031640683469366e-08 24
453 5.402487188958566e-08 24.5
463 1.20870592187824e-07 25
473 3.126354032541355e-07 25.5
483 8.162432613365585e-07 26
493 1.976983469564714e-06 26.5
503 4.307679461329975e-06 27
513 8.427387080718045e-06 27.5
523 1.494672294116328e-05 28
533 2.433136369585512e-05 28.5
543 3.680053562949386e-05 29
553 5.228026954558969e-05 29.5
563 7.039627921198248e-05 30
573 9.061694718980936e-05 30.5
583 0.0001123456994711166 31
593 0.0001350556630214775 31.5
603 0.0001583520281635381 32
613 0.00018201797085661 32.5
623 0.0002060509783312506 33
633 0.0002306516740317194 33.5
643 0.0002561948265920863 34
653 0.0002831746121086875 34.5
663 0.0003121705491931493 35
673 0.0003437827125884854 35.5
683 0.0003786089951846012 36
693 0.0004171992998159467 36.5
703 0.0004600119349223437 37
713 0.0005074275457621598 37.5
723 0.0005597557156575158 38
733 0.0006172770317961615 38.5
743 0.0006803599485616506 39
753 0.0007494723802563589 39.5
763 0.0008252187545998264 40
773 0.0009081158350566273 40.5
783 0.00099848356426911 41
793 0.001096195767898091 41.5
803 0.001200585858551188 42
813 0.001310553701071125 42.5
823 0.001424726436275707 43
833 0.001541685354837199 43.5
843 0.001660179519914263 44
853 0.00177928732055334 44.5
863 0.001898542764995545 45
873 0.002017939966510797 45.5
883 0.002137855441334016 46
893 0.002258955762164404 46.5
903 0.002382110166480377 47
913 0.002508096100815684 47.5
923 0.002637333810329778 48
933 0.002769764788653798 48.5
943 0.002904888984003999 49
953 0.003041820762647654 49.5
963 0.00317952403125941 50
973 0.00331700240582183 50.5
983 0.003453352562505239 51
993 0.003587826002810871 51.5
1003 0.003719921503920128 52
1013 0.00384926955827043 52.5
1023 0.003975703767380842 53
1033 0.00409921689260275 53.5
1043 0.004219850376199364 54
1053 0.004337733965594734 54.5
1063 0.004453016235910027 55
1073 0.004565877788141395 55.5
1083 0.004676503275850046 56
1093 0.004785017132844331 56.5
1103 0.004891471141644799 57
1113 0.004995803935985279 57.5
1123 0.005097840428001529 58
1133 0.00519737766787095 58.5
1143 0.005294169681119714 59
1153 0.005388031874868729 59.5
1163 0.005478820693768868 60
1173 0.005566358558207482 60.5
1183 0.005650461841741533 61
1193 0.005730984794560853 61.5
1203 0.005807838160711913 62
1213 0.005880971851549358 62.5
1223 0.00595038646808021 63
1233 0.006016147770266598 63.5
1243 0.006078383766949498 64
1253 0.006137351642122854 64.5
1263 0.006193361657146273 65
1273 0.006246765469590874 65.5
1283 0.006297935239999984 66
1293 0.006347197322969981 66.5
1303 0.006394796263280344 67
1313 0.006440999510974195 67.5
1323 0.006486070819027081 68
1333 0.006530279542198959 68.5
1343 0.006573760637606921 69
1353 0.006616523743201003 69.5
1363 0.006658483790633201 70
1373 0.006699581583077169 70.5
1383 0.006739604242220444 71
1393 0.006778271197192266 71.5
1403 0.006815388732342257 72
1413 0.006850896471717318 72.5
1423 0.006884816758552116 73
1433 0.00691720811064887 73.5
1443 0.006948111426504589 74
1453 0.006977588774517712 74.5
1463 0.007005720837369249 75
1473 0.007032598327230018 75.5
1483 0.007058339973638853 76
1493 0.007083085225532958 76.5
1503 0.00710699267110605 77
1513 0.00713023078918669 77.5
1523 0.007152986341742372 78
1533 0.007175456060826908 78.5
1543 0.007197801856707257 79
1553 0.007220176229231341 79.5
1563 0.007242737492799506 80
1573 0.007265627120203694 80.5
1583 0.007288978471246579 81
1593 0.007312895659741923 81.5
1603 0.007337437362868914 82
1613 0.007362620495627793 82.5
1623 0.007388438828883468 83
1633 0.007414860697551475 83.5
1643 0.007441814044700145 84
1653 0.007469177864085871 84.5
1663 0.007496829682906759 85
1673 0.007524641870159077 85.5
1683 0.007552504560237336 86
1693 0.007580344505565067 86.5
1703 0.007608119566601151 87
1713 0.007635756686128179 87.5
1723 0.007663127285061969 88
1733 0.007690002142922611 88.5
1743 0.007716155766342853 89
1753 0.007741462121696965 89.5
1763 0.007765844565626382 90
1773 0.0077893285172715 90.5
1783 0.007812046692612846 91
1793 0.007834151429883689 91.5
1803 0.007855798597811409 92
1813 0.007877125193577264 92.5
1823 0.007898248355808702 93
1833 0.007919293540570402 93.5
1843 0.007940360257083943 94
1853 0.007961507454249809 94.5
1863 0.007982749710285687 95
1873 0.008004092117530705 95.5
1883 0.008025503644273558 96
1893 0.00804694079192643 96.5
1903 0.008068347947297102 97
1913 0.008089676646880603 97.5
1923 0.008110861050146505 98
1933 0.008131814766578363 98.5
1943 0.008152463969209755 99
1953 0.008172740402913282 99.5
1963 0.008192582028094541 100
1973 0.00821192317708337 100.5
1983 0.008230714555170559 101
1993 0.008248914741494107 101.5
2003 0.008266500521745077 102
2013 0.008283445374617724 102.5
2023 0.008299721019402746 103
2033 0.008315345877371079 103.5
2043 0.008330333100039963 104
2053 0.008344693026636573 104.5
2063 0.008358438734860243 105
2073 0.008371583603393708 105.5
2083 0.00838414237805599 106
2093 0.008396124199532184 106.5
2103 0.008407528892762138 107
2113 0.008418351717308602 107.5
2123 0.008428585316005977 108
2133 0.008438218961832989 108.5
2143 0.008447253710571381 109
2153 0.00845569386260624 109.5
2163 0.008463558347683382 110
2173 0.008470874762062668 110.5
2183 0.008477677639393135 111
2193 0.008484015374730983 111.5
2203 0.008489941973668992 112
2213 0.008495528985017401 112.5
2223 0.008500856706612469 113
2233 0.008506003403490238 113.5
2243 0.008511043858681042 114
2253 0.008516049261713322 114.5
2263 0.008521079544656104 115
2273 0.008526172734684156 115.5
2283 0.008531349389228232 116
2293 0.008536613493879196 116.5
2303 0.008541950931354535 117
2313 0.008547344904905078 117.5
2323 0.008552770301131801 118
2333 0.008558191627778596 118.5
2343 0.00856356426059773 119
2353 0.008568845320209854 119.5
2363 0.00857399886621283 120
2373 0.008579006505358176 120.5
2383 0.008583862723927433 121
2393 0.008588564367854153 121.5
2403 0.008593107390020014 122
2413 0.008597476068320883 122.5
2423 0.008601653837657779 123
2433 0.00860562723599146 123.5
2443 0.008609378645499068 124
2453 0.008612905095905761 124.5
2463 0.008616207000001676 125
2473 0.008619295588284415 125.5
2483 0.008622187306846763 126
2493 0.008624901720566519 126.5
2503 0.008627459561008613 127
2513 0.008629885528309291 127.5
2523 0.008632202678991552 128
2533 0.008634437472325724 128.5
2543 0.008636609869638297 129
2553 0.008638738709203666 129.5
2563 0.008640835666875383 130
2573 0.008642908414316072 130.5
2583 0.008644958993441972 131
2593 0.008646985777209059 131.5
2603 0.008648986512693618 132
2613 0.008650958357357175 132.5
2623 0.008652892149921144 133
2633 0.008654777965747902 133.5
2643 0.008656605695153977 134
2653 0.008658372200328703 134.5
2663 0.008660074162265951 135
2673 0.008661717195356175 135.5
2683 0.008663303881459 136
2693 0.008664845863500373 136.5
2703 0.008666360683723787 137
2713 0.008667864434373555 137.5
2723 0.008669373778269445 138
2733 0.008670907434684145 138.5
2743 0.008672480951271039 139
2753 0.008674110376816459 139.5
2763 0.008675809578629692 140
2773 0.008677588644635579 140.5
2783 0.008679456278645008 141
2793 0.008681415538717322 141.5
2803 0.008683466289560625 142
2813 0.008685603743284117 142.5
2823 0.008687824344615618 143
2833 0.008690117431884466 143.5
2843 0.008692470096801547 144
2853 0.008694867545397018 144.5
2863 0.008697292591594904 145
2873 0.008699727997643939 145.5
2883 0.00870215673252616 146
2893 0.008704565630718097 146.5
2903 0.008706937971811296 147
2913 0.008709262326542967 147.5
2923 0.008711526396410738 148
2933 0.008713720213222254 148.5
2943 0.008715833957586135 149
2953 0.008717861155781955 149.5
2963 0.008719796729335075 150
2973 0.008721637926128067 150.5
2983 0.008723384244454107 151
2993 0.008725033128289147 151.5
3003 0.00872658340685779 152
3013 0.008728034964147703 152.5
3023 0.008729391753912083 153
3033 0.008730657694006829 153.5
3043 0.008731834229690184 154
3053 0.008732929710090662 154.5
3063 0.008733945761243754 155
3073 0.008734890245299219 155.5
3083 0.008735765689259128 156
3093 0.008736577598748891 156.5
3103 0.00873733191083963 157
3113 0.008738032315929505 157.5
3123 0.00873868717348485 158
3133 0.008739301775622458 158.5
3143 0.008739879758633211 159
3153 0.00874042423173358 159.5
3163 0.008740938841277409 160
3173 0.00874142789396278 160.5
3183 0.008741892415848392 161
3193 0.008742332556417097 161.5
3203 0.008742750091996123 162
3213 0.008743145269977083 162.5
3223 0.008743515363893836 163
3233 0.008743860109986894 163.5
3243 0.008744181748406847 164
3253 0.008744478811445109 164.5
3263 0.008744752507579345 165
3273 0.008745005237827303 165.5
3283 0.008745241905120566 166
3293 0.008745465683744614 166.5
3303 0.008745679979690229 167
3313 0.008745890446100447 167.5
3323 0.008746102938474633 168
3333 0.008746325780098903 168.5
3343 0.008746563527510208 169
3353 0.008746822601141915 169.5
3363 0.008747106791795335 170
3373 0.008747419273739569 170.5
3383 0.008747762974054267 171
3393 0.00874814190400435 171.5
3403 0.008748554483777838 172
3413 0.008748999513595564 172.5
3423 0.008749472370243365 173
3433 0.008749969033833157 173.5
3443 0.008750485482829858 174
3453 0.008751011921344976 174.5
3463 0.008751542470882927 175
3473 0.008752069551435187 175.5
3483 0.008752586124563366 176
3493 0.008753087989928054 176.5
3503 0.008753563871103714 177
3513 0.008754012438646876 177.5
3523 0.008754430369409434 178
3533 0.008754814409598449 178.5
3543 0.008755161961099045 179
3553 0.008755474375679417 179.5
3563 0.008755750852287879 180
3573 0.008755995568756262 180.5
3583 0.008756211796808301 181
3593 0.008756402967486018 181.5
3603 0.008756572740252761 182
3613 0.008756729977736242 182.5
3623 0.008756876549274529 183
3633 0.008757019210827732 183.5
3643 0.008757159271824863 184
3653 0.008757300752915663 184.5
3663 0.008757447437620615 185
3673 0.008757600668216271 185.5
3683 0.00875775957578803 186
3693 0.008757926669116952 186.5
3703 0.008758103815355769 187
3713 0.008758290743067604 187.5
3723 0.00875848717220901 188
3733 0.00875869220656568 188.5
3743 0.008758905422062337 189
3753 0.008759124946694253 189.5
3763 0.008759348932314906 190
3773 0.00875957779590506 190.5
3783 0.008759811012401182 191
3793 0.008760049779005111 191.5
3803 0.008760290872072453 192
3813 0.008760536614174233 192.5
3823 0.008760784759207519 193
3833 0.008761036034671016 193.5
3843 0.008761290420115482 194
3853 0.008761546390865205 194.5
3863 0.008761804494674981 195
3873 0.008762061955596159 195.5
3883 0.008762315978979106 196
3893 0.008762564449773235 196.5
3903 0.008762808031876835 197
3913 0.008763043020790938 197.5
3923 0.008763271857293583 198
3933 0.008763490624935519 198.5
3943 0.008763697307797542 199
3953 0.008763891694049765 199.5
3963 0.008764071286718441 200
3973 0.008764237144380762 200.5
3983 0.008764387234244952 201
3993 0.008764521605245015 201.5
4003 0.008764639031122869 202
4013 0.008764739240115494 202.5
4023 0.008764823142952766 203
4033 0.008764889541638489 203.5
4043 0.008764940173967719 204
4053 0.008764973661601817 204.5
4063 0.008764988630869061 205
4073 0.00876498368888815 205.5
4083 0.008764959914561584 206
4093 0.008764917520849996 206.5
4103 0.008764856868252926 207
4113 0.008764777277460681 207.5
4123 0.008764678913146914 208
4133 0.008764561496638134 208.5
4143 0.008764425937973851 209
4153 0.008764269362146393 209.5
4163 0.008764092924419046 210
4173 0.008763898304309946 210.5
4183 0.00876368633630281 211
4193 0.00876345716280501 211.5
4203 0.008763214649198185 212
4213 0.008762958270145449 212.5
4223 0.008762690877342584 213
4233 0.008762418134591169 213.5
4243 0.008762141767761161 214
4253 0.008761865396355388 214.5
4263 0.008761592840956591 215
4273 0.008761329020304314 215.5
4283 0.008761076543415267 216
4293 0.008760836816288826 216.5
4303 0.008760616594948492 217
4313 0.008760418281952637 217.5
4323 0.008760245284910685 218
4333 0.008760103145476723 218.5
4343 0.008759992502821093 219
4353 0.008759919562369942 219.5
4363 0.008759887112459031 220
4373 0.008759895616781303 220.5
4383 0.008759949221742915 221
4393 0.008760048528357781 221.5
4403 0.008760196185718029 222
4413 0.008760395027037781 222.5
4423 0.00876064522549427 223
4433 0.008760946065093788 223.5
4443 0.008761296787790036 224
4453 0.008761696180025876 224.5
4463 0.008762143316725578 225
4473 0.008762634163657228 225.5
4483 0.008763167954032028 226
4493 0.008763738365285649 226.5
4503 0.008764343883876129 227
4513 0.00876497914267978 227.5
4523 0.008765637787727508 228
4533 0.00876631605557073 228.5
4543 0.008767008673941935 229
4553 0.008767708827389248 229.5
4563 0.008768412253042552 230
4573 0.00876911134580523 230.5
4583 0.008769803598227559 231
4593 0.008770482298984646 231.5
4603 0.008771144115480141 232
4613 0.008771785721532425 232.5
4623 0.00877240125185557 233
4633 0.008772987306158043 233.5
4643 0.008773543146736226 234
4653 0.008774066812791139 234.5
4663 0.008774554708922949 235
4673 0.008775004785576209 235.5
4683 0.008775416654157646 236
4693 0.008775789610046936 236.5
4703 0.008776121144865721 237
4713 0.008776411913738444 237.5
4723 0.008776660793996397 238
4733 0.00877687072364905 238.5
4743 0.008777041059837913 239
4753 0.008777172709005101 239.5
4763 0.008777267170133753 240
4773 0.008777325955273321 240.5
4783 0.0087773527814225 241
4793 0.008777347875989376 241.5
4803 0.008777314686915217 242
4813 0.008777256169151574 242.5
4823 0.008777175661705305 243
4833 0.008777077623899194 243.5
4843 0.008776962845682395 244
4853 0.008776836448617008 244.5
4863 0.00877669908920427 245
4873 0.008776556024274471 245.5
4883 0.008776408180305749 246
4893 0.008776257878227058 246.5
4903 0.008776104962345096 247
4913 0.008775950017973095 247.5
4923 0.00877579512918731 248
4933 0.008775639764719477 248.5
4943 0.008775482249795472 249
4953 0.00877532200060068 249.5
4963 0.008775155271849858 250
4973 0.008774981151439796 250.5
4983 0.00877479606868794 251
4993 0.008774599937567931 251.5
5003 0.008774391277825849 252
5013 0.008774167176053185 252.5
5023 0.008773928414960899 253
5033 0.008773670894123908 253.5
5043 0.008773394520055605 254
5053 0.008773103696562121 254.5
5063 0.008772797829595457 255
5073 0.008772477805547253 255.5
5083 0.008772148515205126 256
5093 0.008771811408648376 256.5
5103 0.008771470822205776 257
5113 0.008771128720080488 257.5
5123 0.008770789664827288 258
5133 0.008770456294394198 258.5
5143 0.008770131835185831 259
5153 0.008769819409418912 259.5
5163 0.008769523016392953 260
5173 0.008769242920265641 260.5
5183 0.00876898084989286 261
5193 0.008768738421736042 261.5
5203 0.008768512613632398 262
5213 0.008768305182028672 262.5
5223 0.00876811548259427 263
5233 0.008767938585370887 263.5
5243 0.008767776958470204 264
5253 0.008767630785910547 264.5
5263 0.008767496526516622 265
5273 0.008767374023178195 265.5
5283 0.008767263498547834 266
5293 0.008767162800769794 266.5
5303 0.008767075523182059 267
5313 0.00876700004267111 267.5
5323 0.008766938917010404 268
5333 0.008766895373529765 268.5
5343 0.008766868672045201 269
5353 0.008766859933647337 269.5
5363 0.008766868744639342 270
5373 0.008766896799960618 270.5
5383 0.008766944608573185 271
5393 0.008767012646282145 271.5
5403 0.008767096053755388 272
5413 0.008767196141967947 272.5
5423 0.0087673113216401 273
5433 0.008767437929222509 273.5
5443 0.008767570166468173 274
5453 0.008767704583097412 274.5
5463 0.008767834036548613 275
5473 0.008767957166869938 275.5
5483 0.008768071527081256 276
5493 0.008768171158880546 276.5
5503 0.008768254271648875 277
5513 0.008768318803956855 277.5
5523 0.008768361559425784 278
5533 0.008768381429629581 278.5
5543 0.008768379141769927 279
5553 0.008768352469820695 279.5
5563 0.008768304303939734 280
5573 0.008768234786737938 280.5
5583 0.008768149051554864 281
5593 0.008768047610989621 281.5
5603 0.008767934175249034 282
5613 0.008767810321717983 282.5
5623 0.008767678440123151 283
5633 0.008767541258303913 283.5
5643 0.008767398964384172 284
5653 0.008767253804788525 284.5
5663 0.008767105818044464 285
5673 0.00876695517084773 285.5
5683 0.008766799754844198 286
5693 0.008766639436995826 286.5
5703 0.008766472332724807 287
5713 0.008766297132177666 287.5
5723 0.008766113689861544 288
5733 0.008765920369232166 288.5
5743 0.008765712656207628 289
5753 0.008765490766618006 289.5
5763 0.008765253133971952 290
5773 0.008765002723158373 290.5
5783 0.008764739381741379 291
5793 0.008764463888002873 291.5
5803 0.008764179691774994 292
5813 0.00876388751405999 292.5
5823 0.00876358892650075 293
5833 0.008763287499683305 293.5
5843 0.00876298653457358 294
5853 0.008762689319084707 294.5
5863 0.008762398366889468 295
5873 0.008762118586814353 295.5
5883 0.008761852361981159 296
5893 0.008761600872265029 296.5
5903 0.008761365954824903 297
5913 0.008761149809632983 297.5
5923 0.008760953125196298 298
5933 0.008760777201440927 298.5
5943 0.008760621654481448 299
5953 0.008760485599887038 299.5
