0 0.05900909379124641 0
5 0.06027162075042725 0.5
10 0.06024875119328499 1
15 0.06026414781808853 1.5
20 0.06021072342991829 2
25 0.06015901640057564 2.5
30 0.06014665216207504 3
35 0.06012293696403503 3.5
43 0.06011788919568062 4
53 0.06003116443753242 4.5
63 0.06001219898462296 5
73 0.05999709665775299 5.5
83 0.05997450277209282 6
93 0.05997335910797119 6.5
103 0.05987519025802612 7
113 0.05991288274526596 7.5
123 0.05993903055787086 8
133 0.05994927510619164 8.5
143 0.05995979905128479 9
153 0.05999456718564034 9.5
163 0.05993089079856873 10
173 0.05995571985840797 10.5
183 0.05992595106363297 11
193 0.05988067388534546 11.5
203 0.05981218814849854 12
213 0.05970211327075958 12.5
223 0.05964116379618645 13
233 0.05951669439673424 13.5
243 0.0593935064971447 14
253 0.0592627190053463 14.5
263 0.05907118320465088 15
273 0.05889184027910233 15.5
283 0.05869846045970917 16
293 0.05841886624693871 16.5
303 0.05844349786639214 17
313 0.0584728792309761 17.5
323 0.05848886072635651 18
333 0.05846724286675453 18.5
343 0.05844653770327568 19
353 0.05846264585852623 19.5
363 0.05846460536122322 20
373 0.05835132300853729 20.5
383 0.05837272107601166 21
393 0.0583200678229332 21.5
403 0.05826086923480034 22
413 0.05817381665110588 22.5
423 0.05812505260109901 23
433 0.05806337669491768 23.5
443 0.05797889456152916 24
453 0.05799855664372444 24.5
463 0.05808375403285027 25
473 0.05844561383128166 25.5
483 0.05881723389029503 26
493 0.05910059064626694 26.5
503 0.05949316546320915 27
513 0.05984172597527504 27.5
523 0.06014594808220863 28
533 0.06046105921268463 28.5
543 0.06073353812098503 29
553 0.06106191873550415 29.5
563 0.06133019924163818 30
573 0.06162495538592339 30.5
583 0.06193153560161591 31
593 0.06214665248990059 31.5
603 0.06237584352493286 32
613 0.06261380761861801 32.5
623 0.06270519644021988 33
633 0.06277882307767868 33.5
643 0.06276359409093857 34
653 0.06271722912788391 34.5
663 0.06263621151447296 35
673 0.06242692843079567 35.5
683 0.06226565316319466 36
693 0.06213651224970818 36.5
703 0.06200213357806206 37
713 0.06190184876322746 37.5
723 0.06199928000569344 38
733 0.06218972057104111 38.5
743 0.06238846480846405 39
753 0.06254889070987701 39.5
763 0.06282044947147369 40
773 0.06308940052986145 40.5
783 0.06331302970647812 41
793 0.06359243392944336 41.5
803 0.06385468691587448 42
813 0.06403093039989471 42.5
823 0.06425100564956665 43
833 0.06439840048551559 43.5
843 0.06451475620269775 44
853 0.06458814442157745 44.5
863 0.06469164043664932 45
873 0.06474960595369339 45.5
883 0.06482262909412384 46
893 0.06484702229499817 46.5
903 0.06492404639720917 47
913 0.06499267369508743 47.5
923 0.06501071900129318 48
933 0.06502139568328857 48.5
943 0.06507222354412079 49
953 0.06509672105312347 49.5
963 0.06512688845396042 50
973 0.06513414531946182 50.5
983 0.06513039767742157 51
993 0.06508025527000427 51.5
1003 0.06509996205568314 52
1013 0.0650748685002327 52.5
1023 0.06498288363218307 53
1033 0.06491035223007202 53.5
1043 0.06484914571046829 54
1053 0.06474156677722931 54.5
1063 0.06468356400728226 55
1073 0.06458581984043121 55.5
1083 0.06448576599359512 56
1093 0.06439115852117538 56.5
1103 0.06433355808258057 57
1113 0.06422507762908936 57.5
1123 0.06414583325386047 58
1133 0.06404808908700943 58.5
1143 0.06397572159767151 59
1153 0.06395940482616425 59.5
1163 0.06385684758424759 60
1173 0.06381288915872574 60.5
1183 0.06372686475515366 61
1193 0.06365687400102615 61.5
1203 0.06361307203769684 62
1213 0.06358277052640915 62.5
1223 0.06351417303085327 63
1233 0.06349616497755051 63.5
1243 0.06352034956216812 64
1253 0.06356005370616913 64.5
1263 0.06354766339063644 65
1273 0.06362240761518478 65.5
1283 0.06369791924953461 66
1293 0.06376079469919205 66.5
1303 0.06389325112104416 67
1313 0.06395135819911957 67.5
1323 0.06406603008508682 68
1333 0.06414248049259186 68.5
1343 0.06421978026628494 69
1353 0.06432699412107468 69.5
1363 0.06445087492465973 70
1373 0.06454627215862274 70.5
1383 0.06461223959922791 71
1393 0.0646505281329155 71.5
1403 0.06471703201532364 72
1413 0.06475720554590225 72.5
1423 0.06478656083345413 73
1433 0.06482083350419998 73.5
1443 0.06481921672821045 74
1453 0.06482313573360443 74.5
1463 0.06487315148115158 75
1473 0.06484015285968781 75.5
1483 0.06482425332069397 76
1493 0.0647909864783287 76.5
1503 0.06479679048061371 77
1513 0.06479471921920776 77.5
1523 0.0647270679473877 78
1533 0.06467150151729584 78.5
1543 0.06462150067090988 79
1553 0.06455764919519424 79.5
1563 0.06450523436069489 80
1573 0.06443211436271667 80.5
1583 0.06437762826681137 81
1593 0.06432010978460312 81.5
1603 0.06424695998430252 82
1613 0.06418711692094803 82.5
1623 0.06414297968149185 83
1633 0.06404487788677216 83.5
1643 0.06399682909250259 84
1653 0.06388896703720093 84.5
1663 0.06384614109992981 85
1673 0.06376784294843674 85.5
1683 0.06372328102588654 86
1693 0.0636417418718338 86.5
1703 0.06364598125219345 87
1713 0.06354623287916183 87.5
1723 0.06351467221975327 88
1733 0.06351079046726227 88.5
1743 0.06357099860906601 89
1753 0.06336930394172668 89.5
1763 0.06337793171405792 90
1773 0.06328058242797852 90.5
1783 0.06325384974479675 91
1793 0.06322535872459412 91.5
1803 0.0631847158074379 92
1813 0.06311944127082825 92.5
1823 0.06310535967350006 93
1833 0.06301732361316681 93.5
1843 0.06299114227294922 94
1853 0.06289635598659515 94.5
1863 0.06291265785694122 95
1873 0.06282511353492737 95.5
1883 0.06282642483711243 96
1893 0.06275947391986847 96.5
1903 0.06271317601203918 97
1913 0.06268548220396042 97.5
1923 0.06268005073070526 98
1933 0.06267683953046799 98.5
1943 0.06269146502017975 99
1953 0.06270929425954819 99.5
1963 0.06265451014041901 100
1973 0.06273410469293594 100.5
1983 0.06274457275867462 101
1993 0.06273242086172104 101.5
2003 0.06269237399101257 102
2013 0.06275139003992081 102.5
2023 0.06275753676891327 103
2033 0.06272969394922256 103.5
2043 0.0628349557518959 104
2053 0.06281169503927231 104.5
2063 0.06280027329921722 105
2073 0.06279879808425903 105.5
2083 0.06280593574047089 106
2093 0.06281670182943344 106.5
2103 0.06277240812778473 107
2113 0.06280101835727692 107.5
2123 0.06273483484983444 108
2133 0.06274113804101944 108.5
2143 0.06275874376296997 109
2153 0.06267538666725159 109.5
2163 0.0626690611243248 110
2173 0.06262435764074326 110.5
2183 0.0626472681760788 111
2193 0.06258658319711685 111.5
2203 0.06253446638584137 112
2213 0.06249158084392548 112.5
2223 0.06249915063381195 113
2233 0.06248589605093002 113.5
2243 0.06241749227046967 114
2253 0.06240040436387062 114.5
2263 0.06238773465156555 115
2273 0.06231480464339256 115.5
2283 0.06234082952141762 116
2293 0.06230686977505684 116.5
2303 0.06234154105186462 117
2313 0.06228175014257431 117.5
2323 0.0622694194316864 118
2333 0.06226447969675064 118.5
2343 0.06228038668632507 119
2353 0.06223546341061592 119.5
2363 0.06224283576011658 120
2373 0.06220175698399544 120.5
2383 0.06219871714711189 121
2393 0.06219390779733658 121.5
2403 0.06218275800347328 122
2413 0.06216426193714142 122.5
2423 0.06219988316297531 123
2433 0.06215847656130791 123.5
2443 0.06213300675153732 124
2453 0.06217928230762482 124.5
2463 0.06213663518428802 125
2473 0.0621894896030426 125.5
2483 0.06219005212187767 126
2493 0.06217015534639359 126.5
2503 0.06218482553958893 127
2513 0.06216662377119064 127.5
2523 0.0621819943189621 128
2533 0.06215788051486015 128.5
2543 0.06213143467903137 129
2553 0.0621836856007576 129.5
2563 0.06211774423718452 130
2573 0.06212388351559639 130.5
2583 0.06208011507987976 131
2593 0.06208500266075134 131.5
2603 0.06208040192723274 132
2613 0.06210004165768623 132.5
2623 0.0620114877820015 133
2633 0.06206334754824638 133.5
2643 0.06203847751021385 134
2653 0.06201105564832687 134.5
2663 0.06198461726307869 135
2673 0.06196038424968719 135.5
2683 0.06192754954099655 136
2693 0.06194629892706871 136.5
2703 0.06187235936522484 137
2713 0.06188860908150673 137.5
2723 0.0618906281888485 138
2733 0.0618717260658741 138.5
2743 0.06182920932769775 139
2753 0.06183947250247002 139.5
2763 0.06182270869612694 140
2773 0.06180897355079651 140.5
2783 0.06182881072163582 141
2793 0.06181444227695465 141.5
2803 0.06179262697696686 142
2813 0.06176586076617241 142.5
2823 0.06177187711000443 143
2833 0.06177566945552826 143.5
2843 0.06175824254751205 144
2853 0.06175196170806885 144.5
2863 0.06179240718483925 145
2873 0.06178981438279152 145.5
2883 0.06182203814387321 146
2893 0.06179197877645493 146.5
2903 0.0617663562297821 147
2913 0.06181887164711952 147.5
2923 0.06180232763290405 148
2933 0.06184437498450279 148.5
2943 0.06185368448495865 149
2953 0.06184985488653183 149.5
2963 0.06189579516649246 150
2973 0.06185215339064598 150.5
2983 0.06189081072807312 151
2993 0.06192155182361603 151.5
3003 0.06191282346844673 152
3013 0.06193540617823601 152.5
3023 0.06195494532585144 153
3033 0.06195631250739098 153.5
3043 0.06196951121091843 154
3053 0.06196993961930275 154.5
3063 0.06196414679288864 155
3073 0.06193714216351509 155.5
3083 0.06199964880943298 156
3093 0.06202367320656776 156.5
3103 0.06200955808162689 157
3113 0.06196427717804909 157.5
3123 0.06201998516917229 158
3133 0.06201546639204025 158.5
3143 0.06202783063054085 159
3153 0.06196088343858719 159.5
3163 0.06201546266674995 160
3173 0.0620126836001873 160.5
3183 0.06204147264361382 161
3193 0.06203802302479744 161.5
3203 0.0619952417910099 162
3213 0.06199869513511658 162.5
3223 0.06195017322897911 163
3233 0.06196623668074608 163.5
3243 0.06197189912199974 164
3253 0.06196916475892067 164.5
3263 0.06196951121091843 165
3273 0.06201547756791115 165.5
3283 0.0619480200111866 166
3293 0.0619661770761013 166.5
3303 0.06196360290050507 167
3313 0.0619792640209198 167.5
3323 0.06202972307801247 168
3333 0.06197578459978104 168.5
3343 0.06196817383170128 169
3353 0.06195833161473274 169.5
3363 0.06196758523583412 170
3373 0.06196040660142899 170.5
3383 0.06203510984778404 171
3393 0.0620158314704895 171.5
3403 0.06196793168783188 172
3413 0.06201323121786118 172.5
3423 0.06199869513511658 173
3433 0.06195572763681412 173.5
3443 0.06195597350597382 174
3453 0.06197196245193481 174.5
3463 0.06201872974634171 175
3473 0.06200109049677849 175.5
3483 0.0620170421898365 176
3493 0.06202390417456627 176.5
3503 0.06200598180294037 177
3513 0.06197110936045647 177.5
3523 0.06198662146925926 178
3533 0.06201126798987389 178.5
3543 0.06200878694653511 179
3553 0.06199066340923309 179.5
3563 0.06201755255460739 180
3573 0.06200063973665237 180.5
3583 0.06202102825045586 181
3593 0.06196082010865211 181.5
3603 0.06200888007879257 182
3613 0.06195608153939247 182.5
3623 0.06199959293007851 183
3633 0.06200377270579338 183.5
3643 0.06195265054702759 184
3653 0.06196891516447067 184.5
3663 0.06196846812963486 185
3673 0.06197227165102959 185.5
3683 0.06194420531392097 186
3693 0.06193653494119644 186.5
3703 0.06193568184971809 187
3713 0.06189899519085884 187.5
3723 0.06194296479225159 188
3733 0.06188956648111343 188.5
3743 0.06192857399582863 189
3753 0.06185024604201317 189.5
3763 0.06188153848052025 190
3773 0.06193481013178825 190.5
3783 0.06191706284880638 191
3793 0.06189604476094246 191.5
3803 0.06185954436659813 192
3813 0.06187142431735992 192.5
3823 0.06193564087152481 193
3833 0.06189001351594925 193.5
3843 0.0619138777256012 194
3853 0.06189189478754997 194.5
3863 0.06194081902503967 195
3873 0.06191636621952057 195.5
3883 0.06191232427954674 196
3893 0.06192418560385704 196.5
3903 0.06189203634858131 197
3913 0.06194348260760307 197.5
3923 0.06193429231643677 198
3933 0.06192221119999886 198.5
3943 0.06190099567174911 199
3953 0.06188638508319855 199.5
3963 0.06194779276847839 200
3973 0.06192052364349365 200.5
3983 0.06194685399532318 201
3993 0.06185818463563919 201.5
4003 0.06192630901932716 202
4013 0.06193709373474121 202.5
4023 0.06192696467041969 203
4033 0.06195917353034019 203.5
4043 0.06194666028022766 204
4053 0.06197217851877213 204.5
4063 0.06199036166071892 205
4073 0.06197556480765343 205.5
4083 0.06201257556676865 206
4093 0.06200485303997993 206.5
4103 0.06195121258497238 207
4113 0.06202062219381332 207.5
4123 0.06197008118033409 208
4133 0.06197920069098473 208.5
4143 0.06195651739835739 209
4153 0.06193796172738075 209.5
4163 0.06194316223263741 210
4173 0.06196874007582664 210.5
4183 0.06195941567420959 211
4193 0.06194194033741951 211.5
4203 0.06194816529750824 212
4213 0.06191293895244598 212.5
4223 0.0619865246117115 213
4233 0.06191039085388184 213.5
4243 0.06193402782082558 214
4253 0.06195077300071716 214.5
4263 0.0619284026324749 215
4273 0.06187896057963371 215.5
4283 0.06188268586993217 216
4293 0.06189876794815063 216.5
4303 0.06189306825399399 217
4313 0.0619187094271183 217.5
4323 0.06188978254795074 218
4333 0.06187351047992706 218.5
4343 0.06186410412192345 219
4353 0.06185407564043999 219.5
4363 0.06184084340929985 220
4373 0.06187198683619499 220.5
4383 0.06189082562923431 221
4393 0.06184657663106918 221.5
4403 0.06185965985059738 222
4413 0.06180833280086517 222.5
4423 0.0618443489074707 223
4433 0.06180598959326744 223.5
4443 0.06177101284265518 224
4453 0.06178753823041916 224.5
4463 0.0618106871843338 225
4473 0.06179759651422501 225.5
4483 0.06178659200668335 226
4493 0.06181928515434265 226.5
4503 0.06179333478212357 227
4513 0.06176014244556427 227.5
4523 0.06175708398222923 228
4533 0.06174557656049728 228.5
4543 0.06177869811654091 229
4553 0.06174038723111153 229.5
4563 0.0617423914372921 230
4573 0.06179733946919441 230.5
4583 0.06174937263131142 231
4593 0.0617828480899334 231.5
4603 0.06176065653562546 232
4613 0.06178844720125198 232.5
4623 0.06182246282696724 233
4633 0.06179745495319366 233.5
4643 0.06179650127887726 234
4653 0.06179875135421753 234.5
4663 0.06174487993121147 235
4673 0.06182345747947693 235.5
4683 0.06180365011096001 236
4693 0.06180305033922195 236.5
4703 0.0617639422416687 237
4713 0.06180774793028831 237.5
4723 0.06181675940752029 238
4733 0.06176546961069107 238.5
4743 0.06180755421519279 239
4753 0.06181704625487328 239.5
4763 0.06181560829281807 240
4773 0.06186125800013542 240.5
4783 0.0618208609521389 241
4793 0.06178871542215347 241.5
4803 0.06184100732207298 242
4813 0.06180209666490555 242.5
4823 0.06182567775249481 243
4833 0.0618053637444973 243.5
4843 0.06183459982275963 244
4853 0.06177215650677681 244.5
4863 0.06178918480873108 245
4873 0.06183778867125511 245.5
4883 0.06183871254324913 246
4893 0.06179361790418625 246.5
4903 0.061776053160429 247
4913 0.06181281432509422 247.5
4923 0.06180235743522644 248
4933 0.06185014545917511 248.5
4943 0.06178432703018188 249
4953 0.0618266724050045 249.5
4963 0.06180103868246078 250
4973 0.06179286912083626 250.5
4983 0.0617724172770977 251
4993 0.06177666410803795 251.5
5003 0.06176961958408356 252
5013 0.0617835596203804 252.5
5023 0.0617782324552536 253
5033 0.0617840476334095 253.5
5043 0.06180574744939804 254
5053 0.06178504228591919 254.5
5063 0.06175433099269867 255
5073 0.06176052242517471 255.5
5083 0.06174326688051224 256
5093 0.06176851317286491 256.5
5103 0.06177229061722755 257
5113 0.06172660738229752 257.5
5123 0.06172509863972664 258
5133 0.06171588972210884 258.5
5143 0.06176963821053505 259
5153 0.06172599270939827 259.5
5163 0.06173355504870415 260
5173 0.06173302605748177 260.5
5183 0.06173556670546532 261
5193 0.06175253540277481 261.5
5203 0.06177316606044769 262
5213 0.06175862997770309 262.5
5223 0.06172582507133484 263
5233 0.06176766008138657 263.5
5243 0.06176343187689781 264
5253 0.06173914298415184 264.5
5263 0.06174472346901894 265
5273 0.06176850572228432 265.5
5283 0.06174974143505096 266
5293 0.06177075207233429 266.5
5303 0.06175267323851585 267
5313 0.06176513433456421 267.5
5323 0.06177316606044769 268
5333 0.06173521280288696 268.5
5343 0.06175321340560913 269
5353 0.06179187446832657 269.5
5363 0.06176936626434326 270
5373 0.06177301704883575 270.5
5383 0.0617881678044796 271
5393 0.0617431253194809 271.5
5403 0.06175980344414711 272
5413 0.06175154820084572 272.5
5423 0.061754260212183 273
5433 0.06177791953086853 273.5
5443 0.0617014542222023 274
5453 0.06174495443701744 274.5
5463 0.06178823858499527 275
5473 0.06176925823092461 275.5
5483 0.06177926436066628 276
5493 0.06180428713560104 276.5
5503 0.06177818030118942 277
5513 0.06177388876676559 277.5
5523 0.06178677082061768 278
5533 0.06180452555418015 278.5
5543 0.06179816648364067 279
5553 0.06181953847408295 279.5
5563 0.06174996495246887 280
5573 0.0617690272629261 280.5
5583 0.06181416288018227 281
5593 0.0617837980389595 281.5
5603 0.06176720559597015 282
5613 0.06176219880580902 282.5
5623 0.06176948174834251 283
5633 0.06180605292320251 283.5
5643 0.06182140856981277 284
5653 0.06181666254997253 284.5
5663 0.06177950277924538 285
5673 0.06179391965270042 285.5
5683 0.06179312244057655 286
5693 0.06176876276731491 286.5
5703 0.06176526099443436 287
5713 0.0618005134165287 287.5
5723 0.06177211925387383 288
5733 0.0617799200117588 288.5
5743 0.06177066266536713 289
5753 0.06179092079401016 289.5
5763 0.06183510273694992 290
5773 0.06175019219517708 290.5
5783 0.06178509071469307 291
5793 0.06179681047797203 291.5
5803 0.06175249069929123 292
5813 0.0617937445640564 292.5
5823 0.0618043914437294 293
5833 0.0618278905749321 293.5
5843 0.06179323792457581 294
5853 0.06181657314300537 294.5
5863 0.06179257854819298 295
5873 0.06176638230681419 295.5
5883 0.06183035671710968 296
5893 0.0618179552257061 296.5
5903 0.06180315837264061 297
5913 0.06173965707421303 297.5
5923 0.06173994019627571 298
5933 0.06174618005752563 298.5
5943 0.06181010603904724 299
5953 0.06177853420376778 299.5
