0 0 0
5 2.067986507639576e-37 0.5
10 1.00513515351684e-42 1
15 4.860391440058811e-46 1.5
20 8.300274783235116e-46 2
25 5.293352810223505e-44 2.5
30 3.149432606668724e-43 3
35 4.121117093998443e-44 3.5
43 1.796553543767479e-38 4
53 1.573222804200224e-36 4.5
63 2.327740366923959e-35 5
73 1.782500165975752e-34 5.5
83 9.128014074142589e-34 6
93 3.553981278506669e-33 6.5
103 1.145867674879744e-32 7
113 3.237104562276945e-32 7.5
123 3.210146384570109e-26 8
133 1.633686705543244e-24 8.5
143 1.984863335676195e-24 9
153 9.363296955895346e-25 9.5
163 7.753655030507118e-22 10
173 4.993357461648229e-21 10.5
183 9.162067754380302e-21 11
193 7.003256121651917e-21 11.5
203 2.920243156685756e-21 12
213 1.568387200106927e-19 12.5
223 4.323522069745436e-18 13
233 5.581270175723652e-17 13.5
243 6.976926952526328e-16 14
253 5.793327249565537e-15 14.5
263 3.48740637222858e-14 15
273 1.833199438217799e-13 15.5
283 7.367302060021438e-13 16
293 2.387603911885883e-12 16.5
303 6.578450489001674e-12 17
313 1.604652673752509e-11 17.5
323 3.568410975621599e-11 18
333 7.366894850190148e-11 18.5
343 1.430750365769066e-10 19
353 2.636660453966521e-10 19.5
363 4.639695797444355e-10 20
373 7.810644688111935e-10 20.5
383 1.257145147174259e-09 21
393 1.935284868931775e-09 21.5
403 2.85546565780467e-09 22
413 4.059319519025417e-09 22.5
423 5.632687892800014e-09 23
433 7.862774975265852e-09 23.5
443 1.17870924040083e-08 24
453 2.100500103952016e-08 24.5
463 4.699477899256397e-08 25
473 1.215534019916819e-07 25.5
483 3.173573569580422e-07 26
493 7.686559612430294e-07 26.5
503 1.674836207813351e-06 27
513 3.276588508209768e-06 27.5
523 5.811322080655884e-06 28
533 9.46009313578586e-06 28.5
543 1.430813738405971e-05 29
553 2.032669542272796e-05 29.5
563 2.737024385820129e-05 30
573 3.523208854266636e-05 30.5
583 4.368028005692179e-05 31
593 5.250996888909007e-05 31.5
603 6.156765208038242e-05 32
613 7.0769027918629e-05 32.5
623 8.011311943298452e-05 33
633 8.967792950448936e-05 33.5
643 9.960916908576369e-05 34
653 0.0001100989750399632 34.5
663 0.0001213726656068886 35
673 0.0001336635513000118 35.5
683 0.0001472040943230309 36
693 0.0001622080982298513 36.5
703 0.0001788537544519037 37
713 0.0001972890587875686 37.5
723 0.0002176343779823009 38
733 0.000239998805014283 38.5
743 0.0002645255958402413 39
753 0.0002913966766742333 39.5
763 0.0003208470504775467 40
773 0.000353077636136815 40.5
783 0.0003882128281262881 41
793 0.0004262035695572956 41.5
803 0.0004667906896371969 42
813 0.0005095464531523037 42.5
823 0.0005539370891274981 43
833 0.0005994109999400266 43.5
843 0.0006454818183161937 44
853 0.000691791219685104 44.5
863 0.0007381580253222651 45
873 0.0007845799464527642 45.5
883 0.0008312033735006649 46
893 0.0008782874715458632 46.5
903 0.0009261702022252701 47
913 0.0009751538386341918 47.5
923 0.001025401773108462 48
933 0.001076891258230165 48.5
943 0.001129427872654649 49
953 0.001182667279841614 49.5
963 0.001236206644196735 50
973 0.001289658569200779 50.5
983 0.001342671840360906 51
993 0.001394955439647926 51.5
1003 0.001446314490415998 52
1013 0.001496605327229843 52.5
1023 0.001545763253957052 53
1033 0.001593785456193513 53.5
1043 0.001640688046791535 54
1053 0.001686521471863838 54.5
1063 0.001731343497777383 55
1073 0.001775224342636892 55.5
1083 0.001818235800194195 56
1093 0.001860426250615359 56.5
1103 0.001901815827069791 57
1113 0.001942380670204575 57.5
1123 0.001982052705434028 58
1133 0.002020753025375576 58.5
1143 0.002058385994558044 59
1153 0.002094879842822953 59.5
1163 0.002130178755502872 60
1173 0.002164213689214299 60.5
1183 0.00219691324955144 61
1193 0.002228220768635092 61.5
1203 0.002258101543534344 62
1213 0.002286536099662567 62.5
1223 0.002313524670692747 63
1233 0.00233909282425743 63.5
1243 0.002363290330504028 64
1253 0.002386217183192288 64.5
1263 0.002407994012690281 65
1273 0.002428757544313379 65.5
1283 0.002448652474982202 66
1293 0.002467805692154258 66.5
1303 0.002486312275432097 67
1313 0.002504276210040253 67.5
1323 0.002521800043774432 68
1333 0.002538988502417685 68.5
1343 0.002555894057624004 69
1353 0.002572520456651707 69.5
1363 0.002588834624721054 70
1373 0.002604813545962586 70.5
1383 0.002620374452772823 71
1393 0.002635408258517669 71.5
1403 0.002649839646083074 72
1413 0.002663645141152243 72.5
1423 0.00267683343082893 73
1433 0.002689427266976368 73.5
1443 0.002701442551029252 74
1453 0.002712903415331223 74.5
1463 0.002723841229504074 75
1473 0.002734291262659525 75.5
1483 0.002744299677129838 76
1493 0.002753920690999545 76.5
1503 0.002763215963742467 77
1513 0.002772251000335204 77.5
1523 0.002781098414283058 78
1533 0.002789834695485039 78.5
1543 0.002798522795045088 79
1553 0.002807222005273434 79.5
1563 0.002815993879192372 80
1573 0.002824893421766056 80.5
1583 0.002833972483608766 81
1593 0.002843271544423456 81.5
1603 0.002852813418039511 82
1613 0.002862604681049995 82.5
1623 0.002872642911552096 83
1633 0.002882915798084281 83.5
1643 0.002893395324736995 84
1653 0.002904034443989645 84.5
1663 0.002914785538120223 85
1673 0.002925598983885356 85.5
1683 0.002936432065271532 86
1693 0.002947256303443616 86.5
1703 0.002958055314445957 87
1713 0.002968800693455481 87.5
1723 0.002979442448612838 88
1733 0.002989891458440264 88.5
1743 0.003000060050570425 89
1753 0.003009899222824382 89.5
1763 0.003019379176078694 90
1773 0.003028509793356711 90.5
1783 0.003037342674953104 91
1793 0.003045937050341931 91.5
1803 0.003054353521661913 92
1813 0.003062645353748933 92.5
1823 0.003070858090385053 93
1833 0.003079040509192077 93.5
1843 0.003087231299596367 94
1853 0.003095453381073206 94.5
1863 0.003103712421668939 95
1873 0.003112010401297353 95.5
1883 0.003120335254753934 96
1893 0.003128670069682384 96.5
1903 0.003136993223538873 97
1913 0.003145285873595289 97.5
1923 0.003153522420893936 98
1933 0.00316166927659278 98.5
1943 0.003169697736588466 99
1953 0.003177581263122149 99.5
1963 0.003185295735049263 100
1973 0.0031928156206206 100.5
1983 0.003200121753933829 101
1993 0.003207198030457481 101.5
2003 0.003214035424412017 102
2013 0.003220623624249527 102.5
2023 0.003226951634361739 103
2033 0.003233026616983409 103.5
2043 0.003238853685456293 104
2053 0.00324443685969696 104.5
2063 0.003249781224346583 105
2073 0.003254891981069414 105.5
2083 0.003259774863075603 106
2093 0.003264433424285654 106.5
2103 0.003268867596635756 107
2113 0.003273075537032424 107.5
2123 0.003277054384991855 108
2133 0.003280799969822196 108.5
2143 0.003284312702013947 109
2153 0.003287594253567243 109.5
2163 0.003290651984413107 110
2173 0.003293496624044212 110.5
2183 0.003296141599226943 111
2193 0.003298605726076365 111.5
2203 0.003300910002097752 112
2213 0.003303082245641819 112.5
2223 0.003305153676701783 113
2233 0.003307154724913217 113.5
2243 0.003309114466099441 114
2253 0.003311060578921534 114.5
2263 0.00331301636511309 115
2273 0.00331499660973176 115.5
2283 0.003317009305556412 116
2293 0.003319056002194429 116.5
2303 0.003321131210812174 117
2313 0.00332322840079289 117.5
2323 0.003325337807986211 118
2333 0.003327445632916999 118.5
2343 0.003329534525569655 119
2353 0.003331587814337635 119.5
2363 0.003333591525505539 120
2373 0.003335538507733808 120.5
2383 0.003337426617275351 121
2393 0.003339254627821495 121.5
2403 0.003341020965842832 122
2413 0.003342719518547198 122.5
2423 0.003344343845383988 123
2433 0.003345888712279739 123.5
2443 0.003347347269382253 124
2453 0.003348718361841478 124.5
2463 0.003350002150151219 125
2473 0.003351203000756143 125.5
2483 0.003352327307936959 126
2493 0.00335338267856554 126.5
2503 0.003354377173124545 127
2513 0.003355320395086769 127.5
2523 0.003356221308884197 128
2533 0.003357090201945218 128.5
2543 0.003357934835281917 129
2553 0.003358762533261006 129.5
2563 0.003359577835482624 130
2573 0.003360383724707782 130.5
2583 0.003361180994838458 131
2593 0.003361969013275994 131.5
2603 0.003362746904078195 132
2613 0.003363513562059216 132.5
2623 0.003364265425291754 133
2633 0.003364998635052666 133.5
2643 0.003365709260672528 134
2653 0.003366396082162957 134.5
2663 0.00336705780908633 135
2673 0.003367696624331254 135.5
2683 0.003368313531731004 136
2693 0.003368913058083388 136.5
2703 0.003369502023855163 137
2713 0.003370086685749894 137.5
2723 0.003370673522312264 138
2733 0.003371269811640832 138.5
2743 0.003371881598700892 139
2753 0.003372515123299438 139.5
2763 0.003373175777079909 140
2773 0.003373867482251916 140.5
2783 0.003374593622878213 141
2793 0.003375355387939678 141.5
2803 0.003376152724834496 142
2813 0.003376983772019126 142.5
2823 0.003377847147195136 143
2833 0.003378738705079147 143.5
2843 0.003379653426897089 144
2853 0.003380585560717656 144.5
2863 0.003381528424552883 145
2873 0.003382475316323329 145.5
2883 0.00338341961432796 146
2893 0.003384356199779363 146.5
2903 0.003385278571742236 147
2913 0.003386182286491523 147.5
2923 0.003387062562339715 148
2933 0.003387915523629481 148.5
2943 0.003388737352557671 149
2953 0.003389525532126103 149.5
2963 0.003390278087811537 150
2973 0.003390993949584052 150.5
2983 0.003391672922378819 151
2993 0.003392314012407497 151.5
3003 0.003392916764469778 152
3013 0.003393481133459785 152.5
3023 0.003394008656606336 153
3033 0.003394500857181294 153.5
3043 0.003394958297104565 154
3053 0.003395384222537537 154.5
3063 0.003395779265686746 155
3073 0.003396146483375062 155.5
3083 0.00339648685810701 156
3093 0.003396802530483084 156.5
3103 0.003397095808850916 157
3113 0.003397368128046248 157.5
3123 0.003397622738249838 158
3133 0.003397861697049514 158.5
3143 0.003398086418243976 159
3153 0.00339829811070412 159.5
3163 0.00339849819214115 160
3173 0.003398688337009714 160.5
3183 0.003398868944243916 161
3193 0.003399040071963054 161.5
3203 0.003399202410807456 162
3213 0.003399356056963578 162.5
3223 0.003399499950374783 163
3233 0.003399633988490744 163.5
3243 0.003399759042287433 164
3253 0.0033998745411162 164.5
3263 0.003399980954836086 165
3273 0.003400079216968607 165.5
3283 0.003400171233785439 166
3293 0.003400258239456463 166.5
3303 0.003400341558239145 167
3313 0.00340042338808919 167.5
3323 0.003400506005638933 168
3333 0.003400592647002174 168.5
3343 0.003400685083771516 169
3353 0.003400785812227003 169.5
3363 0.003400896306241366 170
3373 0.003401017799978118 170.5
3383 0.003401151431492919 171
3393 0.003401298760375284 171.5
3403 0.003401459172390489 172
3413 0.003401632201061488 172.5
3423 0.003401816048871417 173
3433 0.003402009152878053 173.5
3443 0.003402209949498816 174
3453 0.003402414630068534 174.5
3463 0.003402620909013886 175
3473 0.0034028258392092 175.5
3483 0.003403026684092582 176
3493 0.003403221810561896 176.5
3503 0.003403406834315582 177
3513 0.003403581238462799 177.5
3523 0.003403743730955515 178
3533 0.003403893046711153 178.5
3543 0.003404028175576359 179
3553 0.00340414964312188 179.5
3563 0.003404257137896879 180
3573 0.003404352284252492 180.5
3583 0.003404436354242832 181
3593 0.003404510681865346 181.5
3603 0.003404576689928247 182
3613 0.003404637824242655 182.5
3623 0.003404694811611739 183
3633 0.003404750278769152 183.5
3643 0.003404804734824066 184
3653 0.003404859743014838 184.5
3663 0.003404916774383395 185
3673 0.003404976350810113 185.5
3683 0.003405038134458888 186
3693 0.003405103100749875 186.5
3703 0.003405171975636577 187
3713 0.00340524465358368 187.5
3723 0.003405321025709612 188
3733 0.003405400743564081 188.5
3743 0.003405483642265592 189
3753 0.003405568993974172 189.5
3763 0.003405656080125977 190
3773 0.003405745062844139 190.5
3783 0.003405835737982684 191
3793 0.003405928571016588 191.5
3803 0.0034060223085851 192
3813 0.003406117853709463 192.5
3823 0.003406214333099414 193
3833 0.003406312029608214 193.5
3843 0.003406410935285147 194
3853 0.003406510457332603 194.5
3863 0.003406610808718974 195
3873 0.003406710910148701 195.5
3883 0.003406809675055238 196
3893 0.003406906281101795 196.5
3903 0.003407000986413633 197
3913 0.003407092350672583 197.5
3923 0.003407181322859055 198
3933 0.003407266380248098 198.5
3943 0.003407346739045441 199
3953 0.00340742231689111 199.5
3963 0.003407492142955667 200
3973 0.003407556628816487 200.5
3983 0.003407614984119203 201
3993 0.003407667227889476 201.5
4003 0.003407712883355192 202
4013 0.003407751844854232 202.5
4023 0.003407784466480577 203
4033 0.003407810282450404 203.5
4043 0.003407829968422641 204
4053 0.003407842988495886 204.5
4063 0.003407848808583247 205
4073 0.003407846887129098 205.5
4083 0.003407837643613348 206
4093 0.003407821160835604 206.5
4103 0.003407797578958962 207
4113 0.003407766633866167 207.5
4123 0.003407728389582735 208
4133 0.003407682737759738 208.5
4143 0.00340763003222274 209
4153 0.003407569155161796 209.5
4163 0.003407500555746069 210
4173 0.003407424886976279 210.5
4183 0.003407342473301716 211
4193 0.00340725337009071 211.5
4203 0.003407159080213006 212
4213 0.003407059399416349 212.5
4223 0.003406955436446967 213
4233 0.003406849393404631 213.5
4243 0.00340674194131176 214
4253 0.003406634487439821 214.5
4263 0.003406528517240636 215
4273 0.003406425943132054 215.5
4283 0.003406327779506091 216
4293 0.003406234573018709 216.5
4303 0.003406148950428209 217
4313 0.003406071845855104 217.5
4323 0.003406004584186192 218
4333 0.003405949320030004 218.5
4343 0.003405906301897518 219
4353 0.003405877942473448 219.5
4363 0.003405865325869491 220
4373 0.003405868632370588 220.5
4383 0.003405889474109495 221
4393 0.003405928084761876 221.5
4403 0.003405985494301169 222
4413 0.003406062804287884 222.5
4423 0.003406160082053751 223
4433 0.00340627704921868 223.5
4443 0.003406413411052436 224
4453 0.003406568695721063 224.5
4463 0.003406742543552877 225
4473 0.003406933386028739 225.5
4483 0.003407140925019308 226
4493 0.003407362702296258 226.5
4503 0.00340759812939081 227
4513 0.003407845119552274 227.5
4523 0.003408101202342076 228
4533 0.003408364914522293 228.5
4543 0.003408634206222547 229
4553 0.003408906427578642 229.5
4563 0.003409179921176351 230
4573 0.003409451730135691 230.5
4583 0.003409720879554135 231
4593 0.003409984760052311 231.5
4603 0.003410242075908687 232
4613 0.003410491533895792 232.5
4623 0.003410730853576252 233
4633 0.003410958712908484 233.5
4643 0.003411174825071534 234
4653 0.003411378427702009 234.5
4663 0.003411568122899747 235
4673 0.003411743113792625 235.5
4683 0.003411903249294638 236
4693 0.003412048255447697 236.5
4703 0.003412177156988222 237
4713 0.003412290208630182 237.5
4723 0.003412386973877265 238
4733 0.003412468595034668 238.5
4743 0.003412534822157455 239
4753 0.003412586007672513 239.5
4763 0.003412622734388119 240
4773 0.003412645590192762 240.5
4783 0.003412656020264535 241
4793 0.003412654113020256 241.5
4803 0.003412641209027839 242
4813 0.003412618457179603 242.5
4823 0.003412587155689504 243
4833 0.003412549038353039 243.5
4843 0.003412504412304354 244
4853 0.003412455268819196 244.5
4863 0.003412401863146838 245
4873 0.003412346239155627 245.5
4883 0.003412288757062508 246
4893 0.003412230319250279 246.5
4903 0.003412170865185009 247
4913 0.003412110622437898 247.5
4923 0.003412050401302842 248
4933 0.003411989995221454 248.5
4943 0.003411928753037498 249
4953 0.003411866447762438 249.5
4963 0.003411801623220299 250
4973 0.003411733924783146 250.5
4983 0.003411661964160951 251
4993 0.00341158570790646 251.5
5003 0.003411504580493362 252
5013 0.003411417449181374 252.5
5023 0.003411324618290411 253
5033 0.00341122449356527 253.5
5043 0.003411117038658133 254
5053 0.003411003965779489 254.5
5063 0.003410885043962036 255
5073 0.003410760617836993 255.5
5083 0.003410632588954429 256
5093 0.003410501521108689 256.5
5103 0.003410369100274902 257
5113 0.003410236090140014 257.5
5123 0.003410104264636375 258
5133 0.003409974649404562 258.5
5143 0.003409848498878505 259
5153 0.003409727026983628 259.5
5163 0.003409611788657268 260
5173 0.003409502886604574 260.5
5183 0.003409400993008899 261
5193 0.003409306736354364 261.5
5203 0.003409218941616758 262
5213 0.003409138291706827 262.5
5223 0.003409064536107278 263
5233 0.003408995758038379 263.5
5243 0.003408932917107932 264
5253 0.003408876084862705 264.5
5263 0.003408823884485169 265
5273 0.003408776254890485 265.5
5283 0.003408733282646508 266
5293 0.003408694131106515 266.5
5303 0.003408660197369017 267
5313 0.003408630850363545 267.5
5323 0.003408607084558615 268
5333 0.00340859015474788 268.5
5343 0.00340857977314601 269
5353 0.003408576375635756 269.5
5363 0.003408579801370788 270
5373 0.003408590709347651 270.5
5383 0.00340860929745201 271
5393 0.003408635750678042 271.5
5403 0.003408668179705652 272
5413 0.00340870709424511 272.5
5423 0.003408751876380609 273
5433 0.003408801101715295 273.5
5443 0.003408852515876689 274
5453 0.003408904777387696 274.5
5463 0.003408955109203061 275
5473 0.003409002982570215 275.5
5483 0.003409047446097357 276
5493 0.00340908618318223 276.5
5503 0.003409118497627857 277
5513 0.003409143587945497 277.5
5523 0.003409160211375371 278
5533 0.003409167936958733 278.5
5543 0.003409167047433359 279
5553 0.003409156677314897 279.5
5563 0.003409137950303722 280
5573 0.003409110921847292 280.5
5583 0.003409077587800461 281
5593 0.003409038147463004 281.5
5603 0.003408994043372321 282
5613 0.003408945888819474 282.5
5623 0.003408894612935985 283
5633 0.003408841276312409 283.5
5643 0.003408785952091777 284
5653 0.003408729513689411 284.5
5663 0.003408671976084894 285
5673 0.003408613404089935 285.5
5683 0.003408552977971342 286
5693 0.003408490646003604 286.5
5703 0.003408425675458303 287
5713 0.003408357557061236 287.5
5723 0.003408286234244429 288
5733 0.003408211070715502 288.5
5743 0.003408130311388479 289
5753 0.003408044040178615 289.5
5763 0.00340795164803028 290
5773 0.003407854287699462 290.5
5783 0.003407751899918719 291
5793 0.003407644787285939 291.5
5803 0.003407534291104213 292
5813 0.003407420691700962 292.5
5823 0.003407304600134747 293
5833 0.003407187404658065 293.5
5843 0.003407070388694464 294
5853 0.00340695483059253 294.5
5863 0.003406841707674332 295
5873 0.003406732928503497 295.5
5883 0.003406629419643551 296
5893 0.003406531639832809 296.5
5903 0.003406440303363116 297
5913 0.003406356265588991 297.5
5923 0.003406279794203635 298
5933 0.003406211394621458 298.5
5943 0.003406150917586876 299
5953 0.003406098019231044 299.5
