0 0.1125961095094681 0
10 0.1142340749502182 0.5
20 0.1138870865106583 1
30 0.1136454567313194 1.5
40 0.1135094687342644 2
50 0.1133769378066063 2.5
60 0.1133166030049324 3
70 0.1132010668516159 3.5
80 0.1131174936890602 4
90 0.1131915226578712 4.5
100 0.1133523732423782 5
110 0.1134238392114639 5.5
120 0.1135555952787399 6
130 0.1137193888425827 6.5
140 0.1139409989118576 7
150 0.1141844764351845 7.5
160 0.114376537501812 8
170 0.1146960109472275 8.5
180 0.114905871450901 9
190 0.1152090057730675 9.5
200 0.1153556481003761 10
210 0.1154239550232887 10.5
220 0.115538127720356 11
230 0.1156073957681656 11.5
240 0.1155983880162239 12
250 0.1156193315982819 12.5
260 0.1156709045171738 13
270 0.1156274676322937 13.5
280 0.1157235503196716 14
290 0.1157675832509995 14.5
300 0.1158622428774834 15
310 0.115948386490345 15.5
320 0.1160408481955528 16
330 0.1160686314105988 16.5
340 0.1161670461297035 17
350 0.1161901652812958 17.5
360 0.1161205247044563 18
370 0.116079293191433 18.5
380 0.1159356907010078 19
390 0.1158278062939644 19.5
400 0.1156666502356529 20
410 0.1155435293912888 20.5
420 0.1154400631785393 21
430 0.1153820529580116 21.5
440 0.1154436245560646 22
450 0.1155096590518951 22.5
460 0.1156676858663559 23
470 0.1157796531915665 23.5
480 0.1159027293324471 24
490 0.1160689890384674 24.5
500 0.1161908730864525 25
510 0.1162446737289429 25.5
520 0.1162397488951683 26
530 0.1161915957927704 26.5
540 0.1161207929253578 27
550 0.1161055713891983 27.5
560 0.1160785481333733 28
570 0.1160132437944412 28.5
580 0.1158881783485413 29
590 0.1158135011792183 29.5
600 0.115612268447876 30
610 0.1154696494340897 30.5
620 0.1152229532599449 31
630 0.1149678751826286 31.5
640 0.1146745011210442 32
650 0.1143545657396317 32.5
660 0.1140125468373299 33
670 0.1137749925255775 33.5
680 0.1135902106761932 34
690 0.1133678629994392 34.5
700 0.1131967082619667 35
710 0.1130373701453209 35.5
720 0.1135015785694122 36
730 0.1142779365181923 36.5
740 0.1149665266275406 37
750 0.1155551448464394 37.5
760 0.1161063686013222 38
770 0.1165266335010529 38.5
780 0.1167410090565681 39
790 0.1168567016720772 39.5
800 0.1169596910476685 40
810 0.1169563680887222 40.5
820 0.1169364750385284 41
830 0.1168743073940277 41.5
840 0.1167531237006187 42
850 0.116445817053318 42.5
860 0.1169864162802696 43
870 0.1178930923342705 43.5
880 0.1187305301427841 44
890 0.1195507198572159 44.5
900 0.1201365292072296 45
910 0.1205085441470146 45.5
920 0.1207876428961754 46
930 0.1212575286626816 46.5
940 0.1219514235854149 47
950 0.121603325009346 47.5
960 0.1204897835850716 48
970 0.1187768280506134 48.5
980 0.1171395629644394 49
990 0.1156737953424454 49.5
1000 0.1146236136555672 50
1010 0.1140371933579445 50.5
1020 0.1136012151837349 51
1030 0.1132703274488449 51.5
1040 0.113190196454525 52
1050 0.113208569586277 52.5
1060 0.1131744831800461 53
1070 0.1131492331624031 53.5
1080 0.113016165792942 54
1090 0.1128827631473541 54.5
1100 0.1127058938145638 55
1110 0.1128854006528854 55.5
1120 0.1131362393498421 56
1130 0.1150978803634644 56.5
1140 0.1169354170560837 57
1150 0.1180251687765121 57.5
1160 0.1184614971280098 58
1170 0.1185680106282234 58.5
1180 0.1186788901686668 59
1190 0.118770569562912 59.5
1200 0.1188571006059647 60
1210 0.1189383566379547 60.5
1220 0.1188822090625763 61
1230 0.1188183948397636 61.5
1240 0.1186916306614876 62
1250 0.1185289397835732 62.5
1260 0.1182620897889137 63
1270 0.1179548874497414 63.5
1280 0.1176790148019791 64
1290 0.1173394694924355 64.5
1300 0.1168920174241066 65
1310 0.1164378300309181 65.5
1320 0.1160648316144943 66
1330 0.1157195195555687 66.5
1340 0.1160365119576454 67
1350 0.1166030913591385 67.5
1360 0.1172280684113503 68
1370 0.1178672686219215 68.5
1380 0.1185791045427322 69
1390 0.1191823855042458 69.5
1400 0.1196614652872086 70
1410 0.1200644448399544 70.5
1420 0.1202455908060074 71
1430 0.1201310753822327 71.5
1440 0.1197865232825279 72
1450 0.1191737279295921 72.5
1460 0.1185103729367256 73
1470 0.1176630109548569 73.5
1480 0.1166305020451546 74
1490 0.1155927926301956 74.5
1500 0.1147774234414101 75
1510 0.1145748347043991 75.5
1520 0.114390142261982 76
1530 0.1141635999083519 76.5
1540 0.1145857349038124 77
1550 0.1151068657636642 77.5
1560 0.1159250289201736 78
1570 0.1167779490351677 78.5
1580 0.1178663596510887 79
1590 0.1191830635070801 79.5
1600 0.1207893043756485 80
1610 0.1224669441580772 80.5
1620 0.1241664662957191 81
1630 0.1258901506662369 81.5
1640 0.1272387951612473 82
1650 0.128249317407608 82.5
1660 0.1286711394786835 83
1670 0.128163069486618 83.5
1680 0.1265394240617752 84
1690 0.1247126236557961 84.5
1700 0.1224694773554802 85
1710 0.1204159185290337 85.5
1720 0.1189905405044556 86
1730 0.1183644533157349 86.5
1740 0.1184996068477631 87
1750 0.1189842596650124 87.5
1760 0.1198027059435844 88
1770 0.1209025382995605 88.5
1780 0.1219385713338852 89
1790 0.1225488185882568 89.5
1800 0.1226853728294373 90
1810 0.1222624108195305 90.5
1820 0.121072068810463 91
1830 0.1198391243815422 91.5
1840 0.1188216060400009 92
1850 0.1181084960699081 92.5
1860 0.1177636235952377 93
1870 0.1179756671190262 93.5
1880 0.1188437268137932 94
1890 0.1204275414347649 94.5
1900 0.1225010305643082 95
1910 0.1252500861883163 95.5
1920 0.1278284043073654 96
1930 0.1296816617250443 96.5
1940 0.1296544075012207 97
1950 0.1286327242851257 97.5
1960 0.1267167627811432 98
1970 0.1243250891566277 98.5
1980 0.1222037971019745 99
1990 0.120348185300827 99.5
2000 0.1187359690666199 100
2010 0.1174292787909508 100.5
2020 0.1165942028164864 101
2030 0.1161576062440872 101.5
2040 0.1158620119094849 102
2050 0.1156820803880692 102.5
2060 0.1156144216656685 103
2070 0.1156158447265625 103.5
2080 0.1156584993004799 104
2090 0.115598164498806 104.5
2100 0.115437239408493 105
2110 0.1150540038943291 105.5
2120 0.1146143227815628 106
2130 0.1140452027320862 106.5
2140 0.1134726405143738 107
2150 0.1132712587714195 107.5
2160 0.1152106001973152 108
2170 0.1170390844345093 108.5
2180 0.1181534305214882 109
2190 0.1182868182659149 109.5
2200 0.1181066334247589 110
2210 0.1180287674069405 110.5
2220 0.1179799064993858 111
2230 0.1180798262357712 111.5
2240 0.1183146089315414 112
2250 0.1184453740715981 112.5
2260 0.1184832155704498 113
2270 0.1183455735445023 113.5
2280 0.1180515065789223 114
2290 0.1178020238876343 114.5
2300 0.1175657585263252 115
2310 0.1180524080991745 115.5
2320 0.1206680238246918 116
2330 0.1238773316144943 116.5
2340 0.127401202917099 117
2350 0.1302800178527832 117.5
2360 0.1322131305932999 118
2370 0.1315418928861618 118.5
2380 0.1296553015708923 119
2390 0.1263801157474518 119.5
2400 0.1221025586128235 120
2410 0.1173654124140739 120.5
2420 0.1145443767309189 121
2430 0.1132143065333366 121.5
2440 0.112662710249424 122
2450 0.1125233545899391 122.5
2460 0.1120947077870369 123
2470 0.1120600774884224 123.5
2480 0.1118459776043892 124
2490 0.1112117022275925 124.5
2500 0.1106782555580139 125
2510 0.110280841588974 125.5
2520 0.1097551584243774 126
2530 0.1093365550041199 126.5
2540 0.109113335609436 127
2550 0.1092206463217735 127.5
2560 0.1097609102725983 128
2570 0.11058709025383 128.5
2580 0.1115873530507088 129
2590 0.1130603179335594 129.5
2600 0.1145228818058968 130
2610 0.1159369200468063 130.5
2620 0.1172027662396431 131
2630 0.1180361360311508 131.5
2640 0.1180773749947548 132
2650 0.1174532249569893 132.5
2660 0.1165446117520332 133
2670 0.1156565621495247 133.5
2680 0.1149281561374664 134
2690 0.1144605800509453 134.5
2700 0.1141880750656128 135
2710 0.1142490729689598 135.5
2720 0.114835761487484 136
2730 0.1158705204725266 136.5
2740 0.1172922626137733 137
2750 0.1190675124526024 137.5
2760 0.1212881430983543 138
2770 0.1236011981964111 138.5
2780 0.1255719214677811 139
2790 0.1266330480575562 139.5
2800 0.1268970519304276 140
2810 0.1265672445297241 140.5
2820 0.1260133981704712 141
2830 0.1253209710121155 141.5
2840 0.1242359504103661 142
2850 0.1232098937034607 142.5
2860 0.1216596588492393 143
2870 0.1199794933199883 143.5
2880 0.1184898763895035 144
2890 0.117501400411129 144.5
2900 0.1165734305977821 145
2910 0.1156171709299088 145.5
2920 0.1148265227675438 146
2930 0.1153285801410675 146.5
2940 0.1162584200501442 147
2950 0.1174298748373985 147.5
2960 0.1196199953556061 148
2970 0.1228132545948029 148.5
2980 0.1261276304721832 149
2990 0.1288511455059052 149.5
3000 0.1304589807987213 150
3010 0.1297526359558105 150.5
3020 0.127294048666954 151
3030 0.1243648827075958 151.5
3040 0.1216232478618622 152
3050 0.1187341809272766 152.5
3060 0.1158378198742867 153
3070 0.1137359067797661 153.5
3080 0.1126001998782158 154
3090 0.1117051765322685 154.5
3100 0.1110930815339088 155
3110 0.1106491535902023 155.5
3120 0.111028827726841 156
3130 0.1113889217376709 156.5
3140 0.1116485223174095 157
3150 0.1119290217757225 157.5
3160 0.1125882491469383 158
3170 0.1132274493575096 158.5
3180 0.1137985363602638 159
3190 0.1150522083044052 159.5
3200 0.1159302443265915 160
3210 0.1159762144088745 160.5
3220 0.1156661957502365 161
3230 0.1153148263692856 161.5
3240 0.1150273531675339 162
3250 0.1148727238178253 162.5
3260 0.1148392632603645 163
3270 0.1148477792739868 163.5
3280 0.1149075701832771 164
3290 0.1150108352303505 164.5
3300 0.1151859015226364 165
3310 0.1154200807213783 165.5
3320 0.1156744211912155 166
3330 0.1158596575260162 166.5
3340 0.1160441562533379 167
3350 0.1162075027823448 167.5
3360 0.1163397952914238 168
3370 0.1164455711841583 168.5
3380 0.1165230646729469 169
3390 0.116586834192276 169.5
3400 0.1166683733463287 170
3410 0.1166166961193085 170.5
3420 0.1165506988763809 171
3430 0.1164389327168465 171.5
3440 0.1163295656442642 172
3450 0.1162556260824203 172.5
3460 0.1162003576755524 173
3470 0.1161530613899231 173.5
3480 0.1161394417285919 174
3490 0.1161584481596947 174.5
3500 0.1162192150950432 175
3510 0.1163094118237495 175.5
3520 0.1163234636187553 176
3530 0.1162568628787994 176.5
3540 0.1160837113857269 177
3550 0.1158933565020561 177.5
3560 0.1156321540474892 178
3570 0.1153549626469612 178.5
3580 0.1151065230369568 179
3590 0.1148848831653595 179.5
3600 0.1146587878465652 180
3610 0.1145070940256119 180.5
3620 0.1144770160317421 181
3630 0.1145821809768677 181.5
3640 0.1147543862462044 182
3650 0.1149638593196869 182.5
3660 0.1151070073246956 183
3670 0.1151534169912338 183.5
3680 0.1151762381196022 184
3690 0.1151718273758888 184.5
3700 0.115041971206665 185
3710 0.1149174720048904 185.5
3720 0.1148435175418854 186
3730 0.11498012393713 186.5
3740 0.1151605248451233 187
3750 0.1153650805354118 187.5
3760 0.1155987083911896 188
3770 0.1158130466938019 188.5
3780 0.1159222722053528 189
3790 0.1159240156412125 189.5
3800 0.1158779338002205 190
3810 0.1157735362648964 190.5
3820 0.115634523332119 191
3830 0.1154437884688377 191.5
3840 0.1151933297514915 192
3850 0.1148341670632362 192.5
3860 0.1145566254854202 193
3870 0.1143452376127243 193.5
3880 0.1140770092606544 194
3890 0.1138442158699036 194.5
3900 0.1136227995157242 195
3910 0.1134208664298058 195.5
3920 0.1133010536432266 196
3930 0.1131737008690834 196.5
3940 0.113125815987587 197
3950 0.113131545484066 197.5
3960 0.1132113561034203 198
3970 0.1134023144841194 198.5
3980 0.1136702597141266 199
3990 0.1139989346265793 199.5
4000 0.1143060401082039 200
4010 0.1150326281785965 200.5
4020 0.1160177513957024 201
4030 0.1168875992298126 201.5
4040 0.1175657883286476 202
4050 0.1178585141897202 202.5
4060 0.117960661649704 203
4070 0.1179674789309502 203.5
4080 0.1178860515356064 204
4090 0.1176310107111931 204.5
4100 0.1174169927835464 205
4110 0.1172769889235497 205.5
4120 0.1173033267259598 206
4130 0.1175007447600365 206.5
4140 0.1179172694683075 207
4150 0.1186183989048004 207.5
4160 0.1196722909808159 208
4170 0.1209263652563095 208.5
4180 0.122203640639782 209
4190 0.1228939294815063 209.5
4200 0.1231269761919975 210
4210 0.1228470206260681 210.5
4220 0.1220904737710953 211
4230 0.1208095028996468 211.5
4240 0.1194732412695885 212
4250 0.1181071475148201 212.5
4260 0.116979569196701 213
4270 0.1160115674138069 213.5
4280 0.1150963008403778 214
4290 0.1144327446818352 214.5
4300 0.1139994487166405 215
4310 0.1138526275753975 215.5
4320 0.1141209378838539 216
4330 0.1146004274487495 216.5
4340 0.1152378991246223 217
4350 0.115644246339798 217.5
4360 0.1160586774349213 218
4370 0.1166578754782677 218.5
4380 0.1172304749488831 219
4390 0.1178840920329094 219.5
4400 0.1183238178491592 220
4410 0.1186129525303841 220.5
4420 0.1186013519763947 221
4430 0.1183990389108658 221.5
4440 0.1182106733322144 222
4450 0.1180860325694084 222.5
4460 0.1180293783545494 223
4470 0.1182588338851929 223.5
4480 0.1186025515198708 224
4490 0.1190428584814072 224.5
4500 0.1195680201053619 225
4510 0.1201755106449127 225.5
4520 0.1206230968236923 226
4530 0.1207214593887329 226.5
4540 0.1204111576080322 227
4550 0.119847796857357 227.5
4560 0.1191607043147087 228
4570 0.1186816245317459 228.5
4580 0.1180911064147949 229
4590 0.1173450276255608 229.5
4600 0.1164842322468758 230
4610 0.1155888885259628 230.5
4620 0.1148777306079865 231
4630 0.1143468841910362 231.5
4640 0.114692859351635 232
4650 0.1157422661781311 232.5
4660 0.1170541867613792 233
4670 0.1183662712574005 233.5
4680 0.1193230524659157 234
4690 0.1197378039360046 234.5
4700 0.1197604835033417 235
4710 0.1194182559847832 235.5
4720 0.1186612695455551 236
4730 0.1176686584949493 236.5
4740 0.1165453866124153 237
4750 0.1158246621489525 237.5
4760 0.1150505840778351 238
4770 0.114238865673542 238.5
4780 0.1132592558860779 239
4790 0.1124427318572998 239.5
4800 0.1116709187626839 240
4810 0.1109910234808922 240.5
4820 0.1103443950414658 241
4830 0.1101983785629272 241.5
4840 0.1103511229157448 242
4850 0.1104821935296059 242.5
4860 0.1106787547469139 243
4870 0.1108414903283119 243.5
4880 0.1111368387937546 244
4890 0.1116040647029877 244.5
4900 0.1122122555971146 245
4910 0.113055132329464 245.5
4920 0.1140292957425117 246
4930 0.1152637079358101 246.5
4940 0.1166497394442558 247
4950 0.1180885508656502 247.5
4960 0.1192763969302177 248
4970 0.1196695640683174 248.5
4980 0.1193064227700233 249
4990 0.1184336617588997 249.5
5000 0.1172467544674873 250
