0 0 0
10 1.369615384281684e-32 0.5
20 5.421737995584388e-31 1
30 1.033438985469631e-30 1.5
40 7.847929471461148e-33 2
50 3.222044144480512e-35 2.5
60 3.925312092403671e-31 3
70 2.17287799413205e-29 3.5
80 4.657498400376425e-28 4
90 1.506973936510636e-27 4.5
100 2.600220041989533e-27 5
110 2.754457525909162e-27 5.5
120 3.32525348186821e-26 6
130 5.763212543860606e-24 6.5
140 2.589691100562643e-22 7
150 8.27525927656036e-21 7.5
160 6.036283191869066e-20 8
170 2.352944633299932e-19 8.5
180 9.711898216305524e-19 9
190 1.697327946860222e-17 9.5
200 1.850956553454112e-16 10
210 1.712554652018862e-15 10.5
220 8.606610571410312e-15 11
230 3.085908515909496e-14 11.5
240 9.629651822600402e-14 12
250 2.765975153076129e-13 12.5
260 7.846043307125764e-13 13
270 2.297226769932118e-12 13.5
280 6.968056261102939e-12 14
290 2.052826422753958e-11 14.5
300 5.580472241587386e-11 15
310 1.388344472873054e-10 15.5
320 3.113154174871188e-10 16
330 6.319556243323044e-10 16.5
340 1.196647480131575e-09 17
350 2.145283786350842e-09 17.5
360 3.682924906220891e-09 18
370 6.111285033831371e-09 18.5
380 9.895678348876719e-09 19
390 1.576995724004912e-08 19.5
400 2.500293093281557e-08 20
410 4.016855194218225e-08 20.5
420 6.692521515819675e-08 21
430 1.169651153953054e-07 21.5
440 2.129998567628158e-07 22
450 3.942901878685089e-07 22.5
460 7.219808761797487e-07 23
470 1.281752051165499e-06 23.5
480 2.183175594937792e-06 24
490 3.554258718945612e-06 24.5
500 5.530147830554877e-06 25
510 8.240405573716969e-06 25.5
520 1.179760150135898e-05 26
530 1.628265571437263e-05 26.5
540 2.173257295179947e-05 27
550 2.813847595294755e-05 27.5
560 3.544130606582214e-05 28
570 4.353514423834032e-05 28.5
580 5.228013609551302e-05 29
590 6.152246155777968e-05 29.5
600 7.109494890467934e-05 30
610 8.083635934856915e-05 30.5
620 9.060695291108066e-05 31
630 0.0001002821386977912 31.5
640 0.0001097528630096504 32
650 0.0001189387141976155 32.5
660 0.0001277936480563263 33
670 0.000136290117023361 33.5
680 0.0001444530558444016 34
690 0.0001523361231508964 34.5
700 0.0001600179243062869 35
710 0.0001675934882143503 35.5
720 0.0001751545710116345 36
730 0.0001827848971433481 36.5
740 0.0001905595687744353 37
750 0.0001985480167476567 37.5
760 0.0002068017292018131 38
770 0.000215345347166959 38.5
780 0.0002241795935392763 39
790 0.0002333028254815572 39.5
800 0.0002427097250345885 40
810 0.0002523864352600424 40.5
820 0.0002623103443746056 41
830 0.0002724459735002603 41.5
840 0.0002827673134148464 42
850 0.0002932612762460498 42.5
860 0.0003039132945176925 43
870 0.0003147120429449204 43.5
880 0.0003256334007957331 44
890 0.000336653495542036 44.5
900 0.0003477467450220841 45
910 0.0003588918652603427 45.5
920 0.0003700739736242283 46
930 0.0003812705381570261 46.5
940 0.0003924537597426029 47
950 0.000403596627664932 47.5
960 0.000414673616339385 48
970 0.0004256637437490206 48.5
980 0.0004365521951309178 49
990 0.0004473267309961906 49.5
1000 0.0004579803093438627 50
1010 0.000468511479556306 50.5
1020 0.0004789194009201249 51
1030 0.0004892000697303534 51.5
1040 0.0004993500769161933 52
1050 0.0005093666658400125 52.5
1060 0.0005192444417367617 53
1070 0.0005289785097634237 53.5
1080 0.0005385643336881343 54
1090 0.0005479981550161741 54.5
1100 0.0005572794862249937 55
1110 0.0005664108769854031 55.5
1120 0.0005753951071509553 56
1130 0.0005842422938052169 56.5
1140 0.0005929666627546155 57
1150 0.0006015758438404322 57.5
1160 0.0006100663809477411 58
1170 0.0006184407852996591 58.5
1180 0.0006267001529035315 59
1190 0.0006348435158149494 59.5
1200 0.0006428699470026022 60
1210 0.0006507781481063802 60.5
1220 0.0006585687516070877 61
1230 0.0006662439899280037 61.5
1240 0.0006738034344807585 62
1250 0.0006812451427722917 62.5
1260 0.0006885473493820137 63
1270 0.0006957022136880683 63.5
1280 0.0007027566598282602 64
1290 0.0007097671602544018 64.5
1300 0.0007167672107414259 65
1310 0.0007237694322169663 65.5
1320 0.0007307829763797392 66
1330 0.0007378074187827128 66.5
1340 0.0007448320623514554 67
1350 0.0007518440980810402 67.5
1360 0.0007588359103345986 68
1370 0.0007658126981867559 68.5
1380 0.0007727715423912351 69
1390 0.0007797088823775996 69.5
1400 0.0007866236520889886 70
1410 0.0007935161399999229 70.5
1420 0.0008003935745853083 71
1430 0.0008072582119027842 71.5
1440 0.0008141141328384877 72
1450 0.0008209641076677906 72.5
1460 0.0008278232166167582 73
1470 0.000834712079038762 73.5
1480 0.0008416453966770161 74
1490 0.0008486407262570355 74.5
1500 0.0008557120412873625 75
1510 0.0008628747950225691 75.5
1520 0.0008701331265159847 76
1530 0.0008774927878219685 76.5
1540 0.0008849688167426857 77
1550 0.0008925547246142534 77.5
1560 0.0009002108400322635 78
1570 0.0009079360052569483 78.5
1580 0.0009157202313529693 79
1590 0.0009235828257980922 79.5
1600 0.0009315274363335318 80
1610 0.000939549291994024 80.5
1620 0.0009476351706587883 81
1630 0.0009557750312986239 81.5
1640 0.0009639302784548725 82
1650 0.0009720536496481968 82.5
1660 0.0009800991054887364 83
1670 0.0009880181698240719 83.5
1680 0.0009958006661644019 84
1690 0.001003429662709629 84.5
1700 0.001010898184743915 85
1710 0.001018211635443449 85.5
1720 0.001025365118590085 86
1730 0.001032365367742931 86.5
1740 0.001039211255643459 87
1750 0.00104590324232553 87.5
1760 0.001052454844719125 88
1770 0.001058887179415344 88.5
1780 0.001065188458160042 89
1790 0.001071330174597422 89.5
1800 0.001077291331066917 90
1810 0.001083051584223305 90.5
1820 0.001088574806492202 91
1830 0.001093840750544287 91.5
1840 0.001098847389615232 92
1850 0.001103600259946202 92.5
1860 0.001108101699659069 93
1870 0.001112348706935596 93.5
1880 0.001116346095962699 94
1890 0.00112010032187403 94.5
1900 0.001123617703052219 95
1910 0.001126904492093526 95.5
1920 0.001129965609123385 96
1930 0.001132808647378132 96.5
1940 0.001135434544156979 97
1950 0.001137844131570742 97.5
1960 0.001140040997726435 98
1970 0.001142032315494482 98.5
1980 0.00114382885524824 99
1990 0.001145439768853158 99.5
2000 0.001146869064796189 100
2010 0.001148120075009472 100.5
2020 0.0011491973015541 101
2030 0.001150108692628223 101.5
2040 0.00115086408519048 102
2050 0.001151474573804471 102.5
2060 0.001151952991407308 103
2070 0.001152323033331219 103.5
2080 0.001152607413826636 104
2090 0.001152824477344584 104.5
2100 0.001152997028899422 105
2110 0.001153144590587706 105.5
2120 0.001153280032908055 106
2130 0.001153421058641916 106.5
2140 0.001153586114129974 107
2150 0.001153790219818801 107.5
2160 0.001154048628607429 108
2170 0.00115436929052067 108.5
2180 0.001154753246364586 109
2190 0.001155190965939687 109.5
2200 0.001155678713667472 110
2210 0.001156215195669217 110.5
2220 0.00115679391530721 111
2230 0.001157404368640474 111.5
2240 0.001158037514616397 112
2250 0.001158690777883359 112.5
2260 0.001159370009407413 113
2270 0.001160082764327253 113.5
2280 0.00116082820722387 114
2290 0.001161602563115919 114.5
2300 0.001162400281674629 115
2310 0.001163210559863734 115.5
2320 0.001164026149810343 116
2330 0.001164844490010576 116.5
2340 0.001165664731191987 117
2350 0.001166486528675933 117.5
2360 0.00116731100604074 118
2370 0.001168139587967611 118.5
2380 0.0011689753350979 119
2390 0.001169816274679205 119.5
2400 0.001170664793600813 120
2410 0.00117152395839778 120.5
2420 0.001172397943828929 121
2430 0.001173288441474093 121.5
2440 0.001174195574524304 122
2450 0.001175122175519296 122.5
2460 0.001176070939085009 123
2470 0.001177041661909044 123.5
2480 0.00117803383750805 124
2490 0.001179046456418388 124.5
2500 0.001180083013869805 125
2510 0.001181143579912491 125.5
2520 0.001182226848899396 126
2530 0.001183332308786244 126.5
2540 0.001184457107879547 127
2550 0.001185599610881241 127.5
2560 0.001186759210864534 128
2570 0.001187934402883193 128.5
2580 0.001189121382783897 129
2590 0.001190317774661869 129.5
2600 0.001191521075895503 130
2610 0.001192730406005709 130.5
2620 0.001193946006437292 131
2630 0.001195167480737044 131.5
2640 0.001196395171590764 132
2650 0.001197626604236299 132.5
2660 0.001198862232723091 133
2670 0.001200101360637945 133.5
2680 0.001201344667906347 134
2690 0.001202590666860631 134.5
2700 0.001203838007002896 135
2710 0.001205084900872991 135.5
2720 0.001206329596228139 136
2730 0.001207571723373361 136.5
2740 0.001208810299909564 137
2750 0.00121004382689185 137.5
2760 0.001211270353386441 138
2770 0.001212488983040877 138.5
2780 0.001213702517929748 139
2790 0.001214905863550403 139.5
2800 0.001216096069948677 140
2810 0.001217272189962961 140.5
2820 0.001218432324747534 141
2830 0.001219573248370962 141.5
2840 0.001220693134518227 142
2850 0.001221790157805983 142.5
2860 0.001222863286580848 143
2870 0.001223911261208631 143.5
2880 0.00122493137895157 144
2890 0.001225921531808943 144.5
2900 0.001226880137156577 145
2910 0.001227806998761655 145.5
2920 0.001228700660827544 146
2930 0.001229560276135633 146.5
2940 0.001230384636069444 147
2950 0.001231172908234379 147.5
2960 0.001231923932660615 148
2970 0.00123263588201875 148.5
2980 0.001233308100218792 149
2990 0.001233938732688955 149.5
3000 0.00123452944026312 150
3010 0.001235080998515476 150.5
3020 0.001235593383686732 151
3030 0.001236065826794574 151.5
3040 0.001236498307822726 152
3050 0.001236890296878683 152.5
3060 0.001237241901717486 153
3070 0.001237553928877781 153.5
3080 0.001237826364816809 154
3090 0.001238060442383955 154.5
3100 0.001238258361732883 155
3110 0.001238421771098982 155.5
3120 0.001238552564577507 156
3130 0.001238650921638925 156.5
3140 0.001238718034463856 157
3150 0.001238756445121002 157.5
3160 0.001238769709939968 158
3170 0.001238761349196563 158.5
3180 0.001238733188988219 159
3190 0.001238689357673176 159.5
3200 0.001238632005901787 160
3210 0.001238563276886658 160.5
3220 0.001238485125410875 161
3230 0.001238401161642213 161.5
3240 0.00123831260010813 162
3250 0.001238219866577775 162.5
3260 0.001238123215223984 163
3270 0.001238024178822563 163.5
3280 0.001237923756076659 164
3290 0.001237822022971996 164.5
3300 0.001237720040270118 165
3310 0.001237617935056304 165.5
3320 0.001237515109997279 166
3330 0.001237410954719475 166.5
3340 0.001237305259496006 167
3350 0.001237198749160137 167.5
3360 0.0012370922009667 168
3370 0.001236986024663667 168.5
3380 0.001236878744132827 169
3390 0.001236770676182828 169.5
3400 0.001236661240530975 170
3410 0.001236550679269537 170.5
3420 0.001236437504885451 171
3430 0.001236320463921762 171.5
3440 0.001236199189098788 172
3450 0.001236072852307562 172.5
3460 0.001235940773310815 173
3470 0.00123580318428175 173.5
3480 0.001235661095929956 174
3490 0.00123551379844754 174.5
3500 0.001235361348711778 175
3510 0.001235203136101033 175.5
3520 0.001235039495848416 176
3530 0.001234871702576549 176.5
3540 0.001234699063859687 177
3550 0.001234522627997821 177.5
3560 0.00123434171550185 178
3570 0.001234155514899426 178.5
3580 0.001233965083021771 179
3590 0.001233769999528155 179.5
3600 0.00123356910716806 180
3610 0.001233363309341867 180.5
3620 0.001233151598915471 181
3630 0.001232934634713872 181.5
3640 0.001232711406256273 182
3650 0.001232481166963395 182.5
3660 0.0012322444386666 183
3670 0.001232000776457282 183.5
3680 0.001231749054614705 184
3690 0.001231490143991877 184.5
3700 0.001231223481664447 185
3710 0.001230948385331845 185.5
3720 0.001230664259873453 186
3730 0.001230372039990816 186.5
3740 0.001230070059892285 187
3750 0.00122975937537771 187.5
3760 0.001229439342898543 188
3770 0.001229109059038429 188.5
3780 0.001228767632961504 189
3790 0.001228416493576525 189.5
3800 0.001228054839059412 190
3810 0.001227682274604855 190.5
3820 0.001227300961949262 191
3830 0.001226911865893465 191.5
3840 0.001226514888897665 192
3850 0.001226111881284328 192.5
3860 0.001225702943517273 193
3870 0.001225288379253865 193.5
3880 0.001224868076734396 194
3890 0.001224441401374263 194.5
3900 0.001224009553615706 195
3910 0.001223572295690065 195.5
3920 0.001223129112175937 196
3930 0.001222680112826835 196.5
3940 0.001222224897749316 197
3950 0.001221763483224485 197.5
3960 0.001221296068994058 198
3970 0.00122082200827275 198.5
3980 0.0012203410896662 199
3990 0.001219853585248939 199.5
4000 0.001219357720688056 200
4010 0.001218855347478473 200.5
4020 0.001218345892245102 201
4030 0.001217828697431323 201.5
4040 0.001217304252386948 202
4050 0.001216772280392658 202.5
4060 0.001216232693625098 203
4070 0.00121568533520154 203.5
4080 0.001215131038384943 204
4090 0.001214570432019605 204.5
4100 0.001214003354073109 205
4110 0.001213430911200238 205.5
4120 0.001212854712727022 206
4130 0.001212274151950278 206.5
4140 0.001211689896797296 207
4150 0.001211102851753542 207.5
4160 0.001210513378105525 208
4170 0.001209921533852415 208.5
4180 0.00120932891991274 209
4190 0.001208734290020778 209.5
4200 0.001208139494432966 210
4210 0.001207544827218179 210.5
4220 0.001206950029056046 211
4230 0.001206355775343606 211.5
4240 0.001205762067491686 212
4250 0.001205171052435883 212.5
4260 0.001204583212004095 213
4270 0.001203997265766844 213.5
4280 0.001203415234835837 214
4290 0.001202836235582206 214.5
4300 0.001202260010933201 215
4310 0.001201686934469274 215.5
4320 0.001201118899348114 216
4330 0.001200555866971657 216.5
4340 0.001199998227507202 217
4350 0.001199446803915825 217.5
4360 0.001198899609480397 218
4370 0.001198359324112176 218.5
4380 0.00119782589751369 219
4390 0.001197298692263332 219.5
4400 0.001196777273330904 220
4410 0.001196261275594878 220.5
4420 0.001195750443605608 221
4430 0.00119524433920233 221.5
4440 0.001194742476948693 222
4450 0.001194244290260468 222.5
4460 0.001193749013235147 223
4470 0.001193257276263623 223.5
4480 0.001192768098242947 224
4490 0.001192281094382194 224.5
4500 0.001191795887932548 225
4510 0.001191312184100395 225.5
4520 0.001190829619573256 226
4530 0.001190347615649874 226.5
4540 0.001189867077010345 227
4550 0.001189386905569692 227.5
4560 0.001188907357193253 228
4570 0.001188427548978832 228.5
4580 0.001187947697259094 229
4590 0.001187468097722364 229.5
4600 0.00118698893827149 230
4610 0.001186509884716104 230.5
4620 0.001186030676786489 231
4630 0.001185551173899138 231.5
4640 0.001185072342116194 232
4650 0.00118459323340091 232.5
4660 0.001184115277184227 233
4670 0.001183638361203024 233.5
4680 0.001183162063649378 234
4690 0.00118268716306812 234.5
4700 0.001182214021164302 235
4710 0.001181741518470199 235.5
4720 0.001181271680815215 236
4730 0.001180803161751037 236.5
4740 0.001180336776615984 237
4750 0.001179871929253261 237.5
4760 0.001179408708448578 238
4770 0.001178947444175893 238.5
4780 0.001178487215901371 239
4790 0.001178028374664385 239.5
4800 0.001177570266541206 240
4810 0.001177113098529795 240.5
4820 0.001176656594917051 241
4830 0.001176200987730107 241.5
4840 0.001175745328335885 242
4850 0.001175290845021446 242.5
4860 0.001174836856555929 243
4870 0.001174384106342367 243.5
4880 0.001173932237258745 244
4890 0.001173481248974399 244.5
4900 0.001173032040402941 245
4910 0.001172584423784583 245.5
4920 0.001172138674961062 246
4930 0.001171695068499145 246.5
4940 0.001171253591642964 247
4950 0.001170814642883788 247.5
4960 0.001170378677472666 248
4970 0.001169945984109473 248.5
4980 0.001169517487835796 249
4990 0.001169093399987341 249.5
5000 0.001168674998195384 250
5010 0.001168262601171912 250.5
5020 0.001167856796867157 251
5030 0.00116745717506999 251.5
5040 0.001167065963958116 252
5050 0.001166683122151074 252.5
5060 0.001166309479167409 253
5070 0.00116594556966186 253.5
5080 0.001165591532612537 254
5090 0.00116524771318121 254.5
5100 0.001164914634995557 255
5110 0.001164592388094395 255.5
5120 0.001164281598505479 256
5130 0.001163982051008598 256.5
5140 0.001163694373697456 257
5150 0.001163418327473341 257.5
5160 0.001163154494054263 258
5170 0.00116290274827998 258.5
5180 0.001162663175911369 259
5190 0.001162437180143222 259.5
5200 0.001162223974781791 260
5210 0.001162023294221653 260.5
5220 0.001161834977986136 261
5230 0.00116165897491064 261.5
5240 0.001161494624358498 262
5250 0.001161342925929738 262.5
5260 0.001161203454186946 263
5270 0.001161075360464444 263.5
5280 0.001160959269426662 264
5290 0.001160853833145105 264.5
5300 0.001160760387382126 265
5310 0.00116067799780963 265.5
5320 0.001160605834429827 266
5330 0.001160545227645688 266.5
5340 0.001160494269166011 267
5350 0.001160454323481835 267.5
5360 0.001160424648899472 268
5370 0.001160405001689349 268.5
5380 0.001160394961504536 269
5390 0.001160394418207353 269.5
5400 0.001160403282880181 270
5410 0.00116042100995129 270.5
5420 0.001160447773562957 271
5430 0.001160482370551072 271.5
5440 0.001160525836492362 272
5450 0.001160577092565217 272.5
5460 0.001160635337088026 273
5470 0.001160700555601228 273.5
5480 0.001160772556774333 274
5490 0.001160850808088014 274.5
5500 0.001160935398678575 275
5510 0.001161025912904858 275.5
5520 0.001161122237826727 276
5530 0.001161224189973572 276.5
5540 0.00116133138312403 277
5550 0.001161444582945444 277.5
5560 0.001161562649956569 278
5570 0.001161687349780712 278.5
5580 0.001161816888096265 279
5590 0.001161951924603027 279.5
5600 0.001162091677713778 280
5610 0.00116223555485789 280.5
5620 0.001162382348065834 281
5630 0.001162533756253313 281.5
5640 0.001162688117992993 282
5650 0.001162845483307313 282.5
5660 0.001163005023184442 283
5670 0.001163166373243422 283.5
5680 0.001163329041874767 284
5690 0.001163493564497057 284.5
5700 0.001163658624335215 285
5710 0.001163824529894219 285.5
5720 0.001163991336315124 286
5730 0.001164157095641368 286.5
5740 0.001164322194762021 287
5750 0.001164486843494047 287.5
5760 0.001164650599472477 288
5770 0.001164813052430582 288.5
5780 0.001164974077353109 289
5790 0.001165134501232273 289.5
5800 0.001165293388664137 290
5810 0.001165450863006939 290.5
5820 0.001165607416964737 291
5830 0.001165762658214115 291.5
5840 0.001165915964805 292
5850 0.001166067620184062 292.5
5860 0.00116621774636181 293
5870 0.00116636588167179 293.5
5880 0.001166511726289711 294
5890 0.001166655215825372 294.5
5900 0.001166796919463596 295
5910 0.001166935782065011 295.5
5920 0.001167072288214063 296
5930 0.001167206743314827 296.5
5940 0.001167338574805182 297
5950 0.001167468459177257 297.5
5960 0.00116759576143123 298
5970 0.001167720720903148 298.5
5980 0.001167842693893217 299
5990 0.001167962208399547 299.5
6000 0.001168079472969695 300
