0 0 0
10 3.522650982338956e-32 0.5
20 1.394471097164734e-30 1
30 2.658005232075614e-30 1.5
40 2.018487582663112e-32 2
50 8.287098042963726e-35 2.5
60 1.009590331488925e-30 3
70 5.588642540362802e-29 3.5
80 1.197908661338007e-27 4
90 3.87593720013049e-27 4.5
100 6.687766354213229e-27 5
110 7.084465186950075e-27 5.5
120 8.552552474848636e-26 6
130 1.482298356316021e-23 6.5
140 6.660685915218398e-22 7
150 2.128396815210536e-20 7.5
160 1.552532131249809e-19 8
170 6.05177396443328e-19 8.5
180 2.497900372956706e-18 9
190 4.365527744487443e-17 9.5
200 4.760660544647367e-16 10
210 4.40469083253424e-15 10.5
220 2.213620373422438e-14 11
230 7.936957185011452e-14 11.5
240 2.476746599210864e-13 12
250 7.114088525822841e-13 12.5
260 2.018002461166585e-12 13
270 5.908467611146809e-12 13.5
280 1.79218417921327e-11 14
290 5.27986988002344e-11 14.5
300 1.435297547716511e-10 15
310 3.570822201121886e-10 15.5
320 8.007033024117343e-10 16
330 1.62538996450917e-09 16.5
340 3.07777750584318e-09 17
350 5.517670233638663e-09 17.5
360 9.472483434160507e-09 18
370 1.571822606174221e-08 18.5
380 2.545168625925099e-08 19
390 4.056033248504835e-08 19.5
400 6.430754226525352e-08 20
410 1.033135218705749e-07 20.5
420 1.721316638421908e-07 21
430 3.008342950694556e-07 21.5
440 5.478356648696007e-07 22
450 1.0141144247953e-06 22.5
460 1.85693492632488e-06 23
470 3.296666475837788e-06 23.5
480 5.615127971243899e-06 24
490 9.141553980387774e-06 24.5
500 1.422354108412763e-05 25
510 2.119432442294718e-05 25.5
520 3.034343290456096e-05 26
530 4.187899304110408e-05 26.5
540 5.58961810271725e-05 27
550 7.237216454687958e-05 27.5
560 9.115504473806861e-05 28
570 0.0001119723977822352 28.5
580 0.0001344645182050589 29
590 0.0001582357807378796 29.5
600 0.0001828562196895555 30
610 0.0002079111288730798 30.5
620 0.0002330410970422583 31
630 0.0002579256763971716 31.5
640 0.0002822843808068256 32
650 0.0003059103914973202 32.5
660 0.0003286852827652753 33
670 0.0003505382022758388 33.5
680 0.0003715332821988003 34
690 0.0003918085325426273 34.5
700 0.0004115661263143715 35
710 0.0004310504778693938 35.5
720 0.0004504975840052295 36
730 0.0004701227840080351 36.5
740 0.00049011924065778 37
750 0.0005106655300928907 37.5
760 0.0005318940798144068 38
770 0.0005538682665554783 38.5
780 0.0005765899496051974 39
790 0.0006000549035860097 39.5
800 0.0006242494507059874 40
810 0.0006491379509175868 40.5
820 0.0006746622467105937 41
830 0.0007007310864052037 41.5
840 0.0007272775742779576 42
850 0.0007542680483192191 42.5
860 0.0007816650409779825 43
870 0.0008094394236198338 43.5
880 0.0008375291577182996 44
890 0.0008658728431273913 44.5
900 0.0008944046825231041 45
910 0.0009230699335170378 45.5
920 0.0009518303179758625 46
930 0.0009806278837033878 46.5
940 0.001009391131368576 47
950 0.001038050589405587 47.5
960 0.001066540606006769 48
970 0.001094807215421271 48.5
980 0.001122812314076546 49
990 0.001150524422005266 49.5
1000 0.001177925427179821 50
1010 0.001205011598611444 50.5
1020 0.001231780773985151 51
1030 0.001258222655771143 51.5
1040 0.001284328475838795 52
1050 0.001310091144115687 52.5
1060 0.00133549678526527 53
1070 0.001360532809750537 53.5
1080 0.001385187550382426 54
1090 0.001409451340311932 54.5
1100 0.00143332292563098 55
1110 0.001456808864093293 55.5
1120 0.001479916305482644 56
1130 0.001502671270939545 56.5
1140 0.001525110349240352 57
1150 0.001547253164338031 57.5
1160 0.001569090827104453 58
1170 0.001590629796405868 58.5
1180 0.001611872891173337 59
1190 0.00163281762185369 59.5
1200 0.001653461604122253 60
1210 0.001673801498596619 60.5
1220 0.001693838932017516 61
1230 0.001713579646177966 61.5
1240 0.001733022538748617 62
1250 0.001752162613637012 62.5
1260 0.001770943890177995 63
1270 0.001789346202290927 63.5
1280 0.001807490238865572 64
1290 0.001825521247056815 64.5
1300 0.001843525378003016 65
1310 0.001861535092732019 65.5
1320 0.001879573929414353 66
1330 0.001897640796372186 66.5
1340 0.001915708180728408 67
1350 0.001933743137720347 67.5
1360 0.001951726079928786 68
1370 0.001969670379374475 68.5
1380 0.001987568527755532 69
1390 0.002005411367284239 69.5
1400 0.002023196156062183 70
1410 0.002040923636045876 70.5
1420 0.002058612398873906 71
1430 0.002076268247126874 71.5
1440 0.002093901676844561 72
1450 0.002111519813175657 72.5
1460 0.002129161442463957 73
1470 0.002146879597689555 73.5
1480 0.002164712091738293 74
1490 0.00218270408051094 74.5
1500 0.002200891503873648 75
1510 0.002219314107599592 75.5
1520 0.002237982537334581 76
1530 0.002256911587363325 76.5
1540 0.002276139934915343 77
1550 0.002295650891146114 77.5
1560 0.002315342421197303 78
1570 0.002335211547362047 78.5
1580 0.002355232578097094 79
1590 0.002375455172238274 79.5
1600 0.002395888711776562 80
1610 0.002416520925788552 80.5
1620 0.002437317806977532 81
1630 0.002458253529814829 81.5
1640 0.002479228826774744 82
1650 0.002500122138753038 82.5
1660 0.002520815052431797 83
1670 0.002541182887139426 83.5
1680 0.002561199468942565 84
1690 0.002580821249248719 84.5
1700 0.002600030289087664 85
1710 0.0026188404854294 85.5
1720 0.002637239245200092 86
1730 0.002655243887114817 86.5
1740 0.002672851511864466 87
1750 0.0026900633026562 87.5
1760 0.002706914025036042 88
1770 0.0027234579908796 88.5
1780 0.002739664880795373 89
1790 0.002755461376431797 89.5
1800 0.002770793471802613 90
1810 0.00278560884382073 90.5
1820 0.002799814572359191 91
1830 0.002813358581283821 91.5
1840 0.002826235657756448 92
1850 0.002838460040990212 92.5
1860 0.002850037744634938 93
1870 0.002860961048013651 93.5
1880 0.002871242333215845 94
1890 0.002880898202846289 94.5
1900 0.002889944907786088 95
1910 0.002898398529713804 95.5
1920 0.002906271723192821 96
1930 0.00291358401802818 96.5
1940 0.002920337824953603 97
1950 0.002926535284158237 97.5
1960 0.002932185624253882 98
1970 0.00293730729386439 98.5
1980 0.002941927994391717 99
1990 0.002946071264435229 99.5
2000 0.002949747413823995 100
2010 0.002952965012287996 100.5
2020 0.002955735639129068 101
2030 0.002958079737114093 101.5
2040 0.002960022606902228 102
2050 0.002961592783712786 102.5
2060 0.002962823273862022 103
2070 0.002963775021748132 103.5
2080 0.002964506448426772 104
2090 0.002965064735828845 104.5
2100 0.002965508538454844 105
2110 0.002965888067140162 105.5
2120 0.002966236424809261 106
2130 0.002966599143018782 106.5
2140 0.002967023665759852 107
2150 0.002967548625623401 107.5
2160 0.002968213253068123 108
2170 0.002969037995559073 108.5
2180 0.002970025530049608 109
2190 0.00297115134486515 109.5
2200 0.002972405832097211 110
2210 0.002973785663889511 110.5
2220 0.002975274130888837 111
2230 0.002976844216957359 111.5
2240 0.002978472668506348 112
2250 0.00298015286173103 112.5
2260 0.002981899845317008 113
2270 0.002983733051082186 113.5
2280 0.002985650330328741 114
2290 0.002987641973804064 114.5
2300 0.002989693706061687 115
2310 0.002991777741690651 115.5
2320 0.002993875439160744 116
2330 0.002995980210283586 116.5
2340 0.002998089870730316 117
2350 0.003000203533987409 117.5
2360 0.003002324089898496 118
2370 0.003004455202743853 118.5
2380 0.003006604744493519 119
2390 0.003008767641228012 119.5
2400 0.003010950032026945 120
2410 0.003013159804018966 120.5
2420 0.003015407694684419 121
2430 0.003017698054766899 121.5
2440 0.003020031201113757 122
2450 0.003022414419017632 122.5
2460 0.003024854639056866 123
2470 0.003027351338311935 123.5
2480 0.00302990321410758 124
2490 0.003032507670103165 124.5
2500 0.003035173696030143 125
2510 0.003037901472057618 125.5
2520 0.003040687640061169 126
2530 0.003043530883062842 126.5
2540 0.003046423866506537 127
2550 0.00304936238440538 127.5
2560 0.003052344875743566 128
2570 0.003055367469799152 128.5
2580 0.003058420382289196 129
2590 0.003061497502386244 129.5
2600 0.003064592393347135 130
2610 0.003067702790579512 130.5
2620 0.003070829315079448 131
2630 0.003073970947169235 131.5
2640 0.003077128568236795 132
2650 0.003080295813193492 132.5
2660 0.003083473849854555 133
2670 0.00308666088704514 133.5
2680 0.003089858673533705 134
2690 0.003093063383038779 134.5
2700 0.003096271542079547 135
2710 0.003099478553308225 135.5
2720 0.003102679909956118 136
2730 0.003105874661167679 136.5
2740 0.003109060280212289 137
2750 0.003112232911803433 137.5
2760 0.003115387538139133 138
2770 0.003118521853800722 138.5
2780 0.003121643065724481 139
2790 0.003124738070848799 139.5
2800 0.003127799281891098 140
2810 0.003130824262751573 140.5
2820 0.003133808129598736 141
2830 0.003136742585336432 141.5
2840 0.003139622932682151 142
2850 0.00314244447674964 142.5
2860 0.003145204564126242 143
2870 0.003147899955032616 143.5
2880 0.003150523698026823 144
2890 0.003153070371330671 144.5
2900 0.003155535904434542 145
2910 0.003157919792627601 145.5
2920 0.003160218291600681 146
2930 0.003162429222307377 146.5
2940 0.003164549476185923 147
2950 0.003166576912317282 147.5
2960 0.00316850854725889 148
2970 0.003170339681119236 148.5
2980 0.003172068626434761 149
2990 0.003173690613246539 149.5
3000 0.003175209913219574 150
3010 0.003176628521130802 150.5
3020 0.003177946375871319 151
3030 0.003179161499618495 151.5
3040 0.003180273840890466 152
3050 0.003181282036803625 152.5
3060 0.003182186364503955 153
3070 0.003182988898408981 153.5
3080 0.00318368960368672 154
3090 0.003184291651225989 154.5
3100 0.003184800699822351 155
3110 0.003185220988737486 155.5
3120 0.003185557389584686 156
3130 0.003185810363962018 156.5
3140 0.003185982978158225 157
3150 0.003186081770374407 157.5
3160 0.00318611588749086 158
3170 0.003186094383657515 158.5
3180 0.003186021955597255 159
3190 0.003185909221448117 159.5
3200 0.003185761712683144 160
3210 0.003185584941645496 160.5
3220 0.003185383936037574 161
3230 0.003185167981211457 161.5
3240 0.00318494020093196 162
3250 0.003184701690277399 162.5
3260 0.00318445310298035 163
3270 0.003184198381340423 163.5
3280 0.003183940094022269 164
3290 0.003183678436461183 164.5
3300 0.00318341613693602 165
3310 0.003183153522310142 165.5
3320 0.003182889056242264 166
3330 0.003182621168851482 166.5
3340 0.003182349320720208 167
3350 0.003182075376119712 167.5
3360 0.003181801334149546 168
3370 0.003181528248681557 168.5
3380 0.003181252323139479 169
3390 0.003180974372355197 169.5
3400 0.003180692903841536 170
3410 0.003180408540259846 170.5
3420 0.003180117455726296 171
3430 0.003179816426349403 171.5
3440 0.003179504507485767 172
3450 0.003179179569238996 172.5
3460 0.00317883986203873 173
3470 0.003178485983034481 173.5
3480 0.003178120531771469 174
3490 0.003177741682623682 174.5
3500 0.003177349581879488 175
3510 0.003176942659019935 175.5
3520 0.003176521776264639 176
3530 0.003176090211943183 176.5
3540 0.003175646185136443 177
3550 0.003175192392072161 177.5
3560 0.003174727085104261 178
3570 0.003174248177125738 178.5
3580 0.003173758386306659 179
3590 0.003173256631530602 179.5
3600 0.003172739936349054 180
3610 0.003172210624307935 180.5
3620 0.00317166610505817 181
3630 0.003171108073097763 181.5
3640 0.003170533929469943 182
3650 0.003169941753972693 182.5
3660 0.003169332888756355 183
3670 0.003168706189515923 183.5
3680 0.003168058760897488 184
3690 0.003167392842735128 184.5
3700 0.003166706987187319 185
3710 0.00316599943937689 185.5
3720 0.003165268668653519 186
3730 0.003164517079069725 186.5
3740 0.003163740386209126 187
3750 0.003162941305589104 187.5
3760 0.003162118182002688 188
3770 0.003161268691862877 188.5
3780 0.003160390543939687 189
3790 0.003159487413386666 189.5
3800 0.003158557237912151 190
3810 0.003157599002076828 190.5
3820 0.003156618265867072 191
3830 0.003155617510750777 191.5
3840 0.003154596485855561 192
3850 0.003153559950211098 192.5
3860 0.003152508162210349 193
3870 0.003151441902860098 193.5
3880 0.003150360884714363 194
3890 0.003149263475621444 194.5
3900 0.003148152763118969 195
3910 0.00314702813566591 195.5
3920 0.003145888267598337 196
3930 0.003144733441202303 196.5
3940 0.003143562627951809 197
3950 0.003142375869721859 197.5
3960 0.003141173680248181 198
3970 0.003139954395998918 198.5
3980 0.00313871747326774 199
3990 0.003137463611830384 199.5
4000 0.003136188248102327 200
4010 0.003134896144128797 200.5
4020 0.003133585825188977 201
4030 0.003132255600047139 201.5
4040 0.003130906727311078 202
4050 0.003129538495258656 202.5
4060 0.003128150678008195 203
4070 0.003126742872057294 203.5
4080 0.003125317220558411 204
4090 0.003123875340899183 204.5
4100 0.003122416816332204 205
4110 0.00312094449317375 205.5
4120 0.003119462510610624 206
4130 0.003117969308202141 206.5
4140 0.003116466603857395 207
4150 0.003114956723913151 207.5
4160 0.003113440597598362 208
4170 0.003111918374086902 208.5
4180 0.003110394170941477 209
4190 0.003108864782766456 209.5
4200 0.003107334968421683 210
4210 0.003105805484252348 210.5
4220 0.003104275663286422 211
4230 0.00310274724264519 211.5
4240 0.0031012202259573 212
4250 0.003099700135141444 212.5
4260 0.003098188209459049 213
4270 0.003096681155645303 213.5
4280 0.003095184171999825 214
4290 0.003093694985829031 214.5
4300 0.003092212935941772 215
4310 0.003090738983187022 215.5
4320 0.00308927799676666 216
4330 0.003087829877406453 216.5
4340 0.003086395628616758 217
4350 0.00308497736705359 217.5
4360 0.003083569982880185 218
4370 0.003082180368828716 218.5
4380 0.003080808395534076 219
4390 0.003079452423547792 219.5
4400 0.003078111333972129 220
4410 0.003076784187714459 220.5
4420 0.003075470327758252 221
4430 0.003074168627153957 221.5
4440 0.0030728778373592 222
4450 0.003071596501119257 222.5
4460 0.003070322648532756 223
4470 0.003069057900965176 223.5
4480 0.003067799735019575 224
4490 0.003066547161013639 224.5
4500 0.003065299209949347 225
4510 0.003064055123617484 225.5
4520 0.003062813967578295 226
4530 0.003061574253412057 226.5
4540 0.003060338307956114 227
4550 0.003059103306935741 227.5
4560 0.003057869908436623 228
4570 0.003056635841634175 228.5
4580 0.003055401662936045 229
4590 0.00305416813285265 229.5
4600 0.003052935734670146 230
4610 0.003051703608850853 230.5
4620 0.003050471085981021 231
4630 0.003049237804479844 231.5
4640 0.003048006249059309 232
4650 0.003046773981368749 232.5
4660 0.003045544677904771 233
4670 0.003044318049926613 233.5
4680 0.003043093012544226 234
4690 0.003041871568175039 234.5
4700 0.003040654647124504 235
4710 0.003039439370121454 235.5
4720 0.003038230947599436 236
4730 0.003037025916493177 236.5
4740 0.00303582637385296 237
4750 0.003034630786363415 237.5
4760 0.003033439382381405 238
4770 0.0030322530106 238.5
4780 0.003031069303406029 239
4790 0.003029889163672818 239.5
4800 0.003028710909508434 240
4810 0.003027535073311665 240.5
4820 0.003026360945948373 241
4830 0.003025189124192374 241.5
4840 0.003024017168159253 242
4850 0.003022848237003513 242.5
4860 0.003021680578599281 243
4870 0.003020516104979268 243.5
4880 0.0030193538976256 244
4890 0.003018193955687807 244.5
4900 0.003017038591171839 245
4910 0.003015887321159495 245.5
4920 0.00301474085511576 246
4930 0.00301359989922641 246.5
4940 0.003012464420683343 247
4950 0.003011335444406167 247.5
4960 0.003010214141300655 248
4970 0.003009101253902924 248.5
4980 0.003007999161420086 249
4990 0.003006908407407608 249.5
5000 0.003005832277933328 250
5010 0.003004771592724533 250.5
5020 0.003003727863989307 251
5030 0.003002700036664562 251.5
5040 0.003001693841623706 252
5050 0.003000709172436187 252.5
5060 0.002999748162623827 253
5070 0.002998812187318704 253.5
5080 0.002997901603972536 254
5090 0.002997017300341449 254.5
5100 0.002996160623195915 255
5110 0.002995331804115785 255.5
5120 0.002994532453244542 256
5130 0.002993762017035767 256.5
5140 0.002993022110946566 257
5150 0.002992312120015018 257.5
5160 0.002991633540419933 258
5170 0.002990986050249148 258.5
5180 0.002990369870079653 259
5190 0.002989788608928673 259.5
5200 0.002989240244705766 260
5210 0.002988724094273738 260.5
5220 0.00298823974488657 261
5230 0.002987787064948897 261.5
5240 0.002987364355303112 262
5250 0.002986974186920644 262.5
5260 0.002986615465576394 263
5270 0.002986286008502107 263.5
5280 0.002985987422334795 264
5290 0.00298571624020216 264.5
5300 0.002985475897685179 265
5310 0.002985263991691849 265.5
5320 0.002985078387467721 266
5330 0.002984922506809447 266.5
5340 0.002984791441591758 267
5350 0.002984688701285816 267.5
5360 0.002984612378255343 268
5370 0.002984561845627836 268.5
5380 0.002984536022270929 269
5390 0.002984534624910489 269.5
5400 0.00298455742485039 270
5410 0.002984603018880051 270.5
5420 0.00298467185489344 271
5430 0.002984760838352277 271.5
5440 0.002984872632760065 272
5450 0.002985004463387455 272.5
5460 0.002985154268309218 273
5470 0.002985322010335361 273.5
5480 0.002985507197363838 274
5490 0.00298570845975485 274.5
5500 0.002985926026766988 275
5510 0.002986158829371127 275.5
5520 0.002986406577085224 276
5530 0.002986668798022837 276.5
5540 0.002986944498822561 277
5550 0.00298723564878092 277.5
5560 0.00298753931715198 278
5570 0.002987860045119155 278.5
5580 0.002988193217686996 279
5590 0.002988540531603483 279.5
5600 0.002988899976626168 280
5610 0.0029892700286633 280.5
5620 0.002989647580817064 281
5630 0.002990037002698914 281.5
5640 0.002990434021117488 282
5650 0.002990838764730501 282.5
5660 0.002991249101319402 283
5670 0.002991664093696306 283.5
5680 0.002992082477441538 284
5690 0.002992505629651768 284.5
5700 0.002992930163581296 285
5710 0.002993356872704974 285.5
5720 0.002993785898845603 286
5730 0.002994212231858596 286.5
5740 0.002994636866822709 287
5750 0.002995060343387202 287.5
5760 0.002995481523789306 288
5770 0.002995899352822932 288.5
5780 0.002996313508948825 289
5790 0.002996726119191097 289.5
5800 0.002997134777690674 290
5810 0.002997539801724961 290.5
5820 0.002997942458528877 291
5830 0.002998341739046529 291.5
5840 0.002998736043622236 292
5850 0.002999126101280876 292.5
5860 0.002999512225833495 293
5870 0.002999893229873907 293.5
5880 0.003000268342253982 294
5890 0.00300063739736212 294.5
5900 0.00300100185914177 295
5910 0.003001359013774303 295.5
5920 0.003001710107610989 296
5930 0.00300205592615116 296.5
5940 0.003002394996764948 297
5950 0.003002729059390216 297.5
5960 0.003003056480807324 298
5970 0.003003377876588618 298.5
5980 0.003003691591138131 299
5990 0.003003998982467081 299.5
6000 0.003004300586959822 300
