0 0.1440561413764954 0
10 0.4574435949325562 0.5
20 0.2994489371776581 1
30 0.2315157055854797 1.5
40 0.1994979679584503 2
50 0.181177943944931 2.5
60 0.172718346118927 3
70 0.1706886440515518 3.5
80 0.1695728003978729 4
90 0.1688915640115738 4.5
100 0.1684325635433197 5
110 0.1679989695549011 5.5
120 0.1674628406763077 6
130 0.1665916442871094 6.5
140 0.1651684641838074 7
150 0.1629652380943298 7.5
160 0.1598910242319107 8
170 0.1559749096632004 8.5
180 0.1514506936073303 9
190 0.1467586904764175 9.5
200 0.1423026770353317 10
210 0.1384214162826538 10.5
220 0.1353156715631485 11
230 0.1329741477966309 11.5
240 0.1313519328832626 12
250 0.1304345279932022 12.5
260 0.1300260573625565 13
270 0.1299920380115509 13.5
280 0.130215585231781 14
290 0.1305689215660095 14.5
300 0.1310107707977295 15
310 0.1314326673746109 15.5
320 0.1317761391401291 16
330 0.1320647597312927 16.5
340 0.1324685662984848 17
350 0.1330229938030243 17.5
360 0.1337056905031204 18
370 0.1343811303377151 18.5
380 0.1350634843111038 19
390 0.1358884423971176 19.5
400 0.1366946548223495 20
410 0.1374652087688446 20.5
420 0.1381786465644836 21
430 0.1389840096235275 21.5
440 0.1397913694381714 22
450 0.1405423283576965 22.5
460 0.1412145793437958 23
470 0.1417738050222397 23.5
480 0.1421882808208466 24
490 0.142581969499588 24.5
500 0.1430033147335052 25
510 0.1433210074901581 25.5
520 0.1435589194297791 26
530 0.1437402665615082 26.5
540 0.1438430547714233 27
550 0.1438819766044617 27.5
560 0.1438896059989929 28
570 0.1438468396663666 28.5
580 0.1437775194644928 29
590 0.1436878144741058 29.5
600 0.1435781568288803 30
610 0.1435058861970901 30.5
620 0.1434285789728165 31
630 0.1433683186769485 31.5
640 0.143331915140152 32
650 0.1432796716690063 32.5
660 0.143260195851326 33
670 0.1432183831930161 33.5
680 0.1431594789028168 34
690 0.1431014984846115 34.5
700 0.1431993395090103 35
710 0.143291175365448 35.5
720 0.1433602124452591 36
730 0.1434049308300018 36.5
740 0.1434528678655624 37
750 0.143486961722374 37.5
760 0.1435109972953796 38
770 0.1435263007879257 38.5
780 0.1435362100601196 39
790 0.1435342729091644 39.5
800 0.1435254663228989 40
810 0.1435236930847168 40.5
820 0.1435372978448868 41
830 0.1435675323009491 41.5
840 0.1435875445604324 42
850 0.1436325758695602 42.5
860 0.1436736285686493 43
870 0.1437428146600723 43.5
880 0.1438155919313431 44
890 0.143881231546402 44.5
900 0.1439749896526337 45
910 0.1440430879592896 45.5
920 0.1441172808408737 46
930 0.1442143172025681 46.5
940 0.1443073749542236 47
950 0.1443995982408524 47.5
960 0.1444848477840424 48
970 0.1445737332105637 48.5
980 0.1446554809808731 49
990 0.1447299420833588 49.5
1000 0.1447983235120773 50
1010 0.1448663920164108 50.5
1020 0.1449278444051743 51
1030 0.1449878513813019 51.5
1040 0.1450497359037399 52
1050 0.1451189815998077 52.5
1060 0.1451979875564575 53
1070 0.1452826112508774 53.5
1080 0.1453620493412018 54
1090 0.1454201638698578 54.5
1100 0.1455007493495941 55
1110 0.1455589234828949 55.5
1120 0.1456355303525925 56
1130 0.1456966549158096 56.5
1140 0.1457684338092804 57
1150 0.1458309143781662 57.5
1160 0.1458969712257385 58
1170 0.1459532380104065 58.5
1180 0.1460113823413849 59
1190 0.1460661590099335 59.5
1200 0.1461199373006821 60
1210 0.146171823143959 60.5
1220 0.1462210267782211 61
1230 0.146261602640152 61.5
1240 0.1463044583797455 62
1250 0.1463421136140823 62.5
1260 0.1463761180639267 63
1270 0.146406888961792 63.5
1280 0.1464390903711319 64
1290 0.1464633941650391 64.5
1300 0.1465020477771759 65
1310 0.1465343981981277 65.5
1320 0.146554246544838 66
1330 0.1465601623058319 66.5
1340 0.1465681791305542 67
1350 0.1465786695480347 67.5
1360 0.146600678563118 68
1370 0.146619588136673 68.5
1380 0.1466460525989532 69
1390 0.14665587246418 69.5
1400 0.1466613113880157 70
1410 0.1466353386640549 70.5
1420 0.146564781665802 71
1430 0.1465593129396439 71.5
1440 0.146565318107605 72
1450 0.1465801000595093 72.5
1460 0.1465974599123001 73
1470 0.1466237902641296 73.5
1480 0.1466423124074936 74
1490 0.1466046571731567 74.5
1500 0.1465117633342743 75
1510 0.1464704573154449 75.5
1520 0.1465228497982025 76
1530 0.1465991586446762 76.5
1540 0.1466882079839706 77
1550 0.1467534899711609 77.5
1560 0.1467197835445404 78
1570 0.1467137485742569 78.5
1580 0.1467154622077942 79
1590 0.1467361003160477 79.5
1600 0.1467587947845459 80
1610 0.1467758417129517 80.5
1620 0.1467904448509216 81
1630 0.1468199193477631 81.5
1640 0.1468748152256012 82
1650 0.1469360142946243 82.5
1660 0.1469510197639465 83
1670 0.1469984203577042 83.5
1680 0.1470403373241425 84
1690 0.1470803767442703 84.5
1700 0.1471381634473801 85
1710 0.1472683548927307 85.5
1720 0.1473589390516281 86
1730 0.1474163383245468 86.5
1740 0.1474651545286179 87
1750 0.1474882662296295 87.5
1760 0.1475360691547394 88
1770 0.1476000994443893 88.5
1780 0.1476313024759293 89
1790 0.1476274877786636 89.5
1800 0.1476329565048218 90
1810 0.147630974650383 90.5
1820 0.1476312726736069 91
1830 0.1476312726736069 91.5
1840 0.1476294994354248 92
1850 0.1476195901632309 92.5
1860 0.1476158797740936 93
1870 0.147603914141655 93.5
1880 0.1475941687822342 94
1890 0.1475899070501328 94.5
1900 0.1475846767425537 95
1910 0.1475753039121628 95.5
1920 0.1475545912981033 96
1930 0.1475459337234497 96.5
1940 0.1475353986024857 97
1950 0.1475185453891754 97.5
1960 0.1475195586681366 98
1970 0.1475060433149338 98.5
1980 0.1474976539611816 99
1990 0.1474906653165817 99.5
2000 0.1474856287240982 100
2010 0.1474825441837311 100.5
2020 0.1474829763174057 101
2030 0.1474872380495071 101.5
2040 0.1474968940019608 102
2050 0.1475005447864532 102.5
2060 0.1475147902965546 103
2070 0.147532731294632 103.5
2080 0.1475407332181931 104
2090 0.1475556194782257 104.5
2100 0.1475936323404312 105
2110 0.1476341485977173 105.5
2120 0.1476703584194183 106
2130 0.1477093398571014 106.5
2140 0.1477384269237518 107
2150 0.1477956026792526 107.5
2160 0.1478386968374252 108
2170 0.1478830426931381 108.5
2180 0.147927388548851 109
2190 0.1479764729738235 109.5
2200 0.148028239607811 110
2210 0.1480765044689178 110.5
2220 0.1481268107891083 111
2230 0.1481813341379166 111.5
2240 0.1482298523187637 112
2250 0.14828060567379 112.5
2260 0.1483310908079147 113
2270 0.148384615778923 113.5
2280 0.1484382748603821 114
2290 0.1484919041395187 114.5
2300 0.1485461741685867 115
2310 0.1485966145992279 115.5
2320 0.148655578494072 116
2330 0.1487052589654922 116.5
2340 0.1487545818090439 117
2350 0.1488111466169357 117.5
2360 0.1488522589206696 118
2370 0.1489136815071106 118.5
2380 0.1489422768354416 119
2390 0.1490096598863602 119.5
2400 0.1490604728460312 120
2410 0.149105042219162 120.5
2420 0.1491528898477554 121
2430 0.1491852104663849 121.5
2440 0.1492380946874619 122
2450 0.149273619055748 122.5
2460 0.1493099331855774 123
2470 0.149343878030777 123.5
2480 0.1493787318468094 124
2490 0.1494085490703583 124.5
2500 0.1494366377592087 125
2510 0.1494591683149338 125.5
2520 0.1494851857423782 126
2530 0.1495039612054825 126.5
2540 0.1495215743780136 127
2550 0.149536669254303 127.5
2560 0.1495466977357864 128
2570 0.1495571434497833 128.5
2580 0.1495688259601593 129
2590 0.1495744287967682 129.5
2600 0.1495776027441025 130
2610 0.1495839804410934 130.5
2620 0.1495865434408188 131
2630 0.1495915949344635 131.5
2640 0.1495920270681381 132
2650 0.1495969444513321 132.5
2660 0.1496026664972305 133
2670 0.1496018767356873 133.5
2680 0.1495961844921112 134
2690 0.1495994627475739 134.5
2700 0.149588868021965 135
2710 0.1496015936136246 135.5
2720 0.1495949476957321 136
2730 0.1495947241783142 136.5
2740 0.1495841294527054 137
2750 0.1495820283889771 137.5
2760 0.1495789140462875 138
2770 0.1495736688375473 138.5
2780 0.1495755165815353 139
2790 0.1495767086744308 139.5
2800 0.1495741456747055 140
2810 0.1495612561702728 140.5
2820 0.1495590358972549 141
2830 0.1495572924613953 141.5
2840 0.1495462507009506 142
2850 0.1495508551597595 142.5
2860 0.1495534032583237 143
2870 0.1495545357465744 143.5
2880 0.1495490223169327 144
2890 0.1495684385299683 144.5
2900 0.1495729833841324 145
2910 0.1495706140995026 145.5
2920 0.1495734006166458 146
2930 0.1495991200208664 146.5
2940 0.1496108323335648 147
2950 0.1496095210313797 147.5
2960 0.149628758430481 148
2970 0.1496551632881165 148.5
2980 0.1496489197015762 149
2990 0.1496880054473877 149.5
3000 0.1497009694576263 150
3010 0.1497281193733215 150.5
3020 0.1497325152158737 151
3030 0.1497475802898407 151.5
3040 0.1497618705034256 152
3050 0.1498003005981445 152.5
3060 0.1498055756092072 153
3070 0.1498275995254517 153.5
3080 0.1498470157384872 154
3090 0.149868056178093 154.5
3100 0.1498708575963974 155
3110 0.1499030739068985 155.5
3120 0.1499067842960358 156
3130 0.1499392092227936 156.5
3140 0.1499581933021545 157
3150 0.1499685794115067 157.5
3160 0.1499922126531601 158
3170 0.1499936431646347 158.5
3180 0.1500205397605896 159
3190 0.1500353813171387 159.5
3200 0.1500614583492279 160
3210 0.1500756293535233 160.5
3220 0.1501066982746124 161
3230 0.1501273065805435 161.5
3240 0.1501493453979492 162
3250 0.1501820236444473 162.5
3260 0.1502033174037933 163
3270 0.1502190977334976 163.5
3280 0.1502471119165421 164
3290 0.1502678096294403 164.5
3300 0.1502799689769745 165
3310 0.1502994149923325 165.5
3320 0.1503200829029083 166
3330 0.1503490954637527 166.5
3340 0.150349959731102 167
3350 0.1503792554140091 167.5
3360 0.1504068076610565 168
3370 0.1504195928573608 168.5
3380 0.1504340320825577 169
3390 0.1504621058702469 169.5
3400 0.1504696011543274 170
3410 0.150496169924736 170.5
3420 0.1505082696676254 171
3430 0.1505217850208282 171.5
3440 0.1505419164896011 172
3450 0.1505559533834457 172.5
3460 0.1505732089281082 173
3470 0.1505802273750305 173.5
3480 0.1505996733903885 174
3490 0.1506185680627823 174.5
3500 0.150627389550209 175
3510 0.1506420373916626 175.5
3520 0.1506584733724594 176
3530 0.150674119591713 176.5
3540 0.1506872475147247 177
3550 0.1507024466991425 177.5
3560 0.1507176756858826 178
3570 0.150739997625351 178.5
3580 0.150745764374733 179
3590 0.1507588028907776 179.5
3600 0.1507774144411087 180
3610 0.1507901102304459 180.5
3620 0.1507996022701263 181
3630 0.1508145779371262 181.5
3640 0.1508293151855469 182
3650 0.1508501470088959 182.5
3660 0.1508566737174988 183
3670 0.1508660316467285 183.5
3680 0.1508833467960358 184
3690 0.1508916914463043 184.5
3700 0.1509002894163132 185
3710 0.1509085595607758 185.5
3720 0.150919035077095 186
3730 0.1509318053722382 186.5
3740 0.1509380787611008 187
3750 0.1509504467248917 187.5
3760 0.1509631127119064 188
3770 0.1509740054607391 188.5
3780 0.1509762406349182 189
3790 0.1509882509708405 189.5
3800 0.1509906053543091 190
3810 0.1509960889816284 190.5
3820 0.1510117799043655 191
3830 0.1510185152292252 191.5
3840 0.1510308235883713 192
3850 0.1510435342788696 192.5
3860 0.151049479842186 193
3870 0.1510616689920425 193.5
3880 0.1510761231184006 194
3890 0.1510796397924423 194.5
3900 0.1510952115058899 195
3910 0.1511170119047165 195.5
3920 0.1511234045028687 196
3930 0.1511290669441223 196.5
3940 0.1511477530002594 197
3950 0.151156559586525 197.5
3960 0.1511695235967636 198
3970 0.1511946022510529 198.5
3980 0.1512001603841782 199
3990 0.1512060612440109 199.5
4000 0.1512268036603928 200
4010 0.1512368023395538 200.5
4020 0.1512558609247208 201
4030 0.1512534469366074 201.5
4040 0.1512644588947296 202
4050 0.1512717455625534 202.5
4060 0.1512887924909592 203
4070 0.1513045132160187 203.5
4080 0.1513130664825439 204
4090 0.1513195484876633 204.5
4100 0.1513323932886124 205
4110 0.1513368636369705 205.5
4120 0.1513474583625793 206
4130 0.1513664424419403 206.5
4140 0.1513757407665253 207
4150 0.1513808965682983 207.5
4160 0.1513914912939072 208
4170 0.1513963937759399 208.5
4180 0.1514097601175308 209
4190 0.1514065265655518 209.5
4200 0.1514118760824203 210
4210 0.1514080613851547 210.5
4220 0.1514217853546143 211
4230 0.1514223963022232 211.5
4240 0.151433601975441 212
4250 0.1514298170804977 212.5
4260 0.1514302343130112 213
4270 0.1514367908239365 213.5
4280 0.1514297425746918 214
4290 0.151429146528244 214.5
4300 0.1514416038990021 215
4310 0.1514379233121872 215.5
4320 0.1514326483011246 216
4330 0.1514298766851425 216.5
4340 0.1514365673065186 217
4350 0.151410236954689 217.5
4360 0.151431068778038 218
4370 0.1514200866222382 218.5
4380 0.1514297127723694 219
4390 0.1514169424772263 219.5
4400 0.1514175832271576 220
4410 0.1514158993959427 220.5
4420 0.1514191329479218 221
4430 0.1514260023832321 221.5
4440 0.1514279991388321 222
4450 0.1514194011688232 222.5
4460 0.1514278948307037 223
4470 0.1514182090759277 223.5
4480 0.1514145880937576 224
4490 0.1514298170804977 224.5
4500 0.1514192521572113 225
4510 0.1514153331518173 225.5
4520 0.1514277011156082 226
4530 0.151427835226059 226.5
4540 0.1514231115579605 227
4550 0.1514274775981903 227.5
4560 0.1514327377080917 228
4570 0.1514335572719574 228.5
4580 0.1514495015144348 229
4590 0.1514438539743423 229.5
4600 0.151449978351593 230
4610 0.1514445841312408 230.5
4620 0.1514637172222137 231
4630 0.1514616161584854 231.5
4640 0.1514626890420914 232
4650 0.1514796018600464 232.5
4660 0.1514804810285568 233
4670 0.1514786928892136 233.5
4680 0.1514919251203537 234
4690 0.151485487818718 234.5
4700 0.1514865905046463 235
4710 0.1514919251203537 235.5
4720 0.1515000611543655 236
4730 0.1515007317066193 236.5
4740 0.151510626077652 237
4750 0.1515062302350998 237.5
4760 0.1515232771635056 238
4770 0.1515160948038101 238.5
4780 0.1515328884124756 239
4790 0.151520624756813 239.5
4800 0.1515384912490845 240
4810 0.1515375822782516 240.5
4820 0.1515309661626816 241
4830 0.1515397876501083 241.5
4840 0.1515363454818726 242
4850 0.1515416353940964 242.5
4860 0.1515427380800247 243
4870 0.1515434682369232 243.5
4880 0.1515577882528305 244
4890 0.1515516191720963 244.5
4900 0.1515595316886902 245
4910 0.1515652239322662 245.5
4920 0.1515631675720215 246
4930 0.1515656262636185 246.5
4940 0.1515718400478363 247
4950 0.1515714973211288 247.5
4960 0.1515774130821228 248
4970 0.1515735536813736 248.5
4980 0.1515788286924362 249
4990 0.1515774130821228 249.5
5000 0.1515712440013885 250
5010 0.151573047041893 250.5
5020 0.1515737026929855 251
5030 0.1515838205814362 251.5
5040 0.1515765488147736 252
5050 0.1515866219997406 252.5
5060 0.1515761166810989 253
5070 0.1515796780586243 253.5
5080 0.1515888273715973 254
5090 0.151579350233078 254.5
5100 0.1515789180994034 255
5110 0.1515755504369736 255.5
5120 0.1515835225582123 256
5130 0.1515734642744064 256.5
5140 0.1515770256519318 257
5150 0.1515844911336899 257.5
5160 0.1515709906816483 258
5170 0.1515654325485229 258.5
5180 0.1515679359436035 259
5190 0.1515656858682632 259.5
5200 0.1515657901763916 260
5210 0.1515630185604095 260.5
5220 0.1515603810548782 261
5230 0.1515574604272842 261.5
5240 0.1515568494796753 262
5250 0.1515543013811111 262.5
5260 0.1515506356954575 263
5270 0.1515541821718216 263.5
5280 0.1515442430973053 264
5290 0.1515537053346634 264.5
5300 0.151540607213974 265
5310 0.1515321433544159 265.5
5320 0.1515442281961441 266
5330 0.1515319049358368 266.5
5340 0.151538297533989 267
5350 0.1515301913022995 267.5
5360 0.1515208333730698 268
5370 0.1515162587165833 268.5
5380 0.1515160650014877 269
5390 0.1515103429555893 269.5
5400 0.1515107899904251 270
5410 0.1515047699213028 270.5
5420 0.1515014171600342 271
5430 0.1514968425035477 271.5
5440 0.1514918655157089 272
5450 0.151490643620491 272.5
5460 0.1514914333820343 273
5470 0.1514826416969299 273.5
5480 0.1514709740877151 274
5490 0.1514759212732315 274.5
5500 0.1514794528484344 275
5510 0.1514684110879898 275.5
5520 0.1514672487974167 276
5530 0.1514642685651779 276.5
5540 0.1514535546302795 277
5550 0.1514433324337006 277.5
5560 0.1514516025781631 278
5570 0.1514577865600586 278.5
5580 0.1514537632465363 279
5590 0.1514434516429901 279.5
5600 0.1514421850442886 280
5610 0.1514386683702469 280.5
5620 0.1514467149972916 281
5630 0.1514363884925842 281.5
5640 0.151433527469635 282
5650 0.1514368653297424 282.5
5660 0.1514203548431396 283
5670 0.1514407843351364 283.5
5680 0.1514374762773514 284
5690 0.1514343321323395 284.5
5700 0.1514351069927216 285
5710 0.1514257788658142 285.5
5720 0.1514353603124619 286
5730 0.1514380127191544 286.5
5740 0.1514258831739426 287
5750 0.1514270156621933 287.5
5760 0.15143221616745 288
5770 0.1514403820037842 288.5
5780 0.1514216363430023 289
5790 0.1514169871807098 289.5
5800 0.1514354050159454 290
5810 0.1514408737421036 290.5
5820 0.1514264345169067 291
5830 0.1514171063899994 291.5
5840 0.1514293253421783 292
5850 0.1514411270618439 292.5
5860 0.1514405012130737 293
5870 0.1514181196689606 293.5
5880 0.1514322608709335 294
5890 0.1514471918344498 294.5
5900 0.1514233946800232 295
5910 0.1514342725276947 295.5
5920 0.1514475047588348 296
5930 0.151447132229805 296.5
5940 0.1514505594968796 297
5950 0.1514406204223633 297.5
5960 0.1514555066823959 298
5970 0.151457667350769 298.5
5980 0.151446208357811 299
5990 0.1514612436294556 299.5
6000 0.1514421999454498 300
