0 0.06419888883829117 0
10 0.06519587337970734 0.5
20 0.06513220816850662 1
30 0.0650109127163887 1.5
40 0.06489753723144531 2
50 0.06478982418775558 2.5
60 0.06466913968324661 3
70 0.06461087614297867 3.5
80 0.06452670693397522 4
90 0.06447502225637436 4.5
100 0.0644361823797226 5
110 0.06436106562614441 5.5
120 0.06437057256698608 6
130 0.06442170590162277 6.5
140 0.06438076496124268 7
150 0.06441488862037659 7.5
160 0.06442396342754364 8
170 0.06439176946878433 8.5
180 0.06443654745817184 9
190 0.06443598866462708 9.5
200 0.06443536281585693 10
210 0.06441280990839005 10.5
220 0.06440355628728867 11
230 0.06445694714784622 11.5
240 0.06444063782691956 12
250 0.06447040289640427 12.5
260 0.06442716717720032 13
270 0.06433282792568207 13.5
280 0.06431283801794052 14
290 0.06428524106740952 14.5
300 0.06428797543048859 15
310 0.06430251151323318 15.5
320 0.06429982930421829 16
330 0.06435350328683853 16.5
340 0.0644194707274437 17
350 0.06445948779582977 17.5
360 0.06450771540403366 18
370 0.06458050012588501 18.5
380 0.06459048390388489 19
390 0.06470949947834015 19.5
400 0.06476441025733948 20
410 0.06483495235443115 20.5
420 0.06491336971521378 21
430 0.06502483785152435 21.5
440 0.06515371054410934 22
450 0.06525659561157227 22.5
460 0.06541010737419128 23
470 0.06551884859800339 23.5
480 0.0656796470284462 24
490 0.06574498116970062 24.5
500 0.06588993221521378 25
510 0.06599231064319611 25.5
520 0.06612075120210648 26
530 0.06619192659854889 26.5
540 0.06631050258874893 27
550 0.06643316149711609 27.5
560 0.06649588048458099 28
570 0.06656211614608765 28.5
580 0.06667438149452209 29
590 0.06677661091089249 29.5
600 0.06684409826993942 30
610 0.06692250072956085 30.5
620 0.06699462234973907 31
630 0.06705622375011444 31.5
640 0.06715495139360428 32
650 0.06720482558012009 32.5
660 0.06728970259428024 33
670 0.06741654872894287 33.5
680 0.06752145290374756 34
690 0.06758906692266464 34.5
700 0.06770604848861694 35
710 0.067806176841259 35.5
720 0.06789642572402954 36
730 0.068025141954422 36.5
740 0.06815718114376068 37
750 0.06832901388406754 37.5
760 0.06844865530729294 38
770 0.06857534497976303 38.5
780 0.06868786364793777 39
790 0.06885061413049698 39.5
800 0.06895822286605835 40
810 0.0690762996673584 40.5
820 0.06916370242834091 41
830 0.06928858160972595 41.5
840 0.06940416991710663 42
850 0.06945057958364487 42.5
860 0.06957152485847473 43
870 0.06959302723407745 43.5
880 0.06968711316585541 44
890 0.06972351670265198 44.5
900 0.06982869654893875 45
910 0.06990040838718414 45.5
920 0.06994085758924484 46
930 0.07001562416553497 46.5
940 0.0700920894742012 47
950 0.0701930820941925 47.5
960 0.07022645324468613 48
970 0.0703483372926712 48.5
980 0.07040192186832428 49
990 0.07046867907047272 49.5
1000 0.07055838406085968 50
1010 0.07056523859500885 50.5
1020 0.07064978033304214 51
1030 0.07072636485099792 51.5
1040 0.07073889672756195 52
1050 0.07075756043195724 52.5
1060 0.07080043852329254 53
1070 0.07073940336704254 53.5
1080 0.07079027593135834 54
1090 0.07080481201410294 54.5
1100 0.07080893963575363 55
1110 0.07080194354057312 55.5
1120 0.07082828879356384 56
1130 0.07084853947162628 56.5
1140 0.07085535675287247 57
1150 0.07091597467660904 57.5
1160 0.07097600400447845 58
1170 0.071042500436306 58.5
1180 0.07112181186676025 59
1190 0.07121008634567261 59.5
1200 0.07134353369474411 60
1210 0.07141318172216415 60.5
1220 0.07147125899791718 61
1230 0.07161998003721237 61.5
1240 0.07169370353221893 62
1250 0.07173526287078857 62.5
1260 0.07182471454143524 63
1270 0.07191197574138641 63.5
1280 0.07195811718702316 64
1290 0.07200761884450912 64.5
1300 0.07210373878479004 65
1310 0.07216329127550125 65.5
1320 0.07213032990694046 66
1330 0.07225635647773743 66.5
1340 0.07226432114839554 67
1350 0.07228758931159973 67.5
1360 0.07229531556367874 68
1370 0.07226714491844177 68.5
1380 0.07227680087089539 69
1390 0.07228851318359375 69.5
1400 0.07219308614730835 70
1410 0.07219277322292328 70.5
1420 0.07216643542051315 71
1430 0.07219569385051727 71.5
1440 0.07212285697460175 72
1450 0.07203595340251923 72.5
1460 0.0720248818397522 73
1470 0.07197942584753036 73.5
1480 0.07196757197380066 74
1490 0.07196758687496185 74.5
1500 0.07199250906705856 75
1510 0.07201293855905533 75.5
1520 0.07203078269958496 76
1530 0.07208845019340515 76.5
1540 0.07206921279430389 77
1550 0.07213456928730011 77.5
1560 0.07212203741073608 78
1570 0.07212255895137787 78.5
1580 0.07214146852493286 79
1590 0.07219316810369492 79.5
1600 0.07223185896873474 80
1610 0.07223305106163025 80.5
1620 0.07223781943321228 81
1630 0.07227020710706711 81.5
1640 0.07225554436445236 82
1650 0.07226467132568359 82.5
1660 0.07228592783212662 83
1670 0.07230775058269501 83.5
1680 0.07230875641107559 84
1690 0.07234103232622147 84.5
1700 0.07234299927949905 85
1710 0.07239468395709991 85.5
1720 0.07242684811353683 86
1730 0.07249607890844345 86.5
1740 0.07254842668771744 87
1750 0.07265432924032211 87.5
1760 0.07274017482995987 88
1770 0.07281025499105453 88.5
1780 0.07288406789302826 89
1790 0.07299166917800903 89.5
1800 0.07307939231395721 90
1810 0.07314060628414154 90.5
1820 0.07321072369813919 91
1830 0.07328979671001434 91.5
1840 0.07335840910673141 92
1850 0.07335977256298065 92.5
1860 0.07341064512729645 93
1870 0.07347559928894043 93.5
1880 0.07352612167596817 94
1890 0.07356478273868561 94.5
1900 0.07364967465400696 95
1910 0.07369615137577057 95.5
1920 0.07373065501451492 96
1930 0.07379616051912308 96.5
1940 0.07387122511863708 97
1950 0.07387817651033401 97.5
1960 0.07390137761831284 98
1970 0.07391800731420517 98.5
1980 0.0739569216966629 99
1990 0.07389519363641739 99.5
2000 0.07393938302993774 100
2010 0.07389234751462936 100.5
2020 0.07384484261274338 101
2030 0.07382815331220627 101.5
2040 0.07380159944295883 102
2050 0.0737389400601387 102.5
2060 0.07367420941591263 103
2070 0.07365518063306808 103.5
2080 0.07363326847553253 104
2090 0.07362270355224609 104.5
2100 0.0735468864440918 105
2110 0.07352785766124725 105.5
2120 0.07350386679172516 106
2130 0.07345293462276459 106.5
2140 0.07341436296701431 107
2150 0.07331087440252304 107.5
2160 0.07329180836677551 108
2170 0.0731813907623291 108.5
2180 0.07309182733297348 109
2190 0.07295558601617813 109.5
2200 0.07287771999835968 110
2210 0.07273104041814804 110.5
2220 0.07267433404922485 111
2230 0.07259602844715118 111.5
2240 0.07260057330131531 112
2250 0.07261057943105698 112.5
2260 0.07269713282585144 113
2270 0.07278931140899658 113.5
2280 0.07287798076868057 114
2290 0.07295908778905869 114.5
2300 0.07297500222921371 115
2310 0.0729413703083992 115.5
2320 0.07291214168071747 116
2330 0.0728377029299736 116.5
2340 0.07275120168924332 117
2350 0.0726514533162117 117.5
2360 0.07254214584827423 118
2370 0.07243231683969498 118.5
2380 0.07233840972185135 119
2390 0.07222708314657211 119.5
2400 0.07210034132003784 120
2410 0.07204268127679825 120.5
2420 0.07199326157569885 121
2430 0.0719481036067009 121.5
2440 0.0719362273812294 122
2450 0.07196124643087387 122.5
2460 0.07196609675884247 123
2470 0.07198435813188553 123.5
2480 0.07201658934354782 124
2490 0.07201656699180603 124.5
2500 0.07205630093812943 125
2510 0.07209844887256622 125.5
2520 0.07213813066482544 126
2530 0.0721728727221489 126.5
2540 0.07224184274673462 127
2550 0.07223561406135559 127.5
2560 0.07229162752628326 128
2570 0.07235214114189148 128.5
2580 0.07233484089374542 129
2590 0.07240493595600128 129.5
2600 0.07240922003984451 130
2610 0.07238797843456268 130.5
2620 0.07240312546491623 131
2630 0.07241416722536087 131.5
2640 0.07237198948860168 132
2650 0.07243682444095612 132.5
2660 0.07241741567850113 133
2670 0.0724448636174202 133.5
2680 0.07249706983566284 134
2690 0.07247389107942581 134.5
2700 0.07254659384489059 135
2710 0.07263884693384171 135.5
2720 0.07261327654123306 136
2730 0.07269776612520218 136.5
2740 0.0727161318063736 137
2750 0.07277980446815491 137.5
2760 0.07278792560100555 138
2770 0.07288657128810883 138.5
2780 0.07285918295383453 139
2790 0.07285301387310028 139.5
2800 0.07290554791688919 140
2810 0.07293462753295898 140.5
2820 0.07289949804544449 141
2830 0.07284234464168549 141.5
2840 0.07282490283250809 142
2850 0.07274610549211502 142.5
2860 0.07274803519248962 143
2870 0.07274545729160309 143.5
2880 0.07273565977811813 144
2890 0.07278195023536682 144.5
2900 0.07274352759122849 145
2910 0.07280278950929642 145.5
2920 0.07276476919651031 146
2930 0.0728004053235054 146.5
2940 0.07275324314832687 147
2950 0.07275395095348358 147.5
2960 0.07272288203239441 148
2970 0.07271075248718262 148.5
2980 0.07269582897424698 149
2990 0.0726616233587265 149.5
3000 0.07260508835315704 150
