0 0 0
10 2.264699106619748e-57 0.5
20 1.040658632121499e-59 1
30 1.096971774006801e-50 1.5
40 7.881517493673992e-145 2
50 7.385435340028312e-282 2.5
60 0 3
70 0 3.5
80 8.264804080922121e-36 4
90 3.008345636755984e-29 4.5
100 2.046931757594051e-26 5
110 7.610618282776485e-25 5.5
120 4.102267575245193e-24 6
130 1.13991518460994e-22 6.5
140 4.015551776370772e-21 7
150 3.294297939119294e-20 7.5
160 9.669270371623653e-20 8
170 4.733121541665584e-19 8.5
180 1.627354405388365e-18 9
190 5.084145654262842e-18 9.5
200 7.384172519796554e-17 10
210 1.078203132195072e-15 10.5
220 5.956232437678683e-15 11
230 1.942298531496023e-14 11.5
240 4.768775070491681e-14 12
250 9.819559799020636e-14 12.5
260 1.789722884770275e-13 13
270 2.983440947843708e-13 13.5
280 4.657776418437921e-13 14
290 6.929845170179971e-13 14.5
300 9.934516618078103e-13 15
310 1.383948555558592e-12 15.5
320 1.890231752814102e-12 16
330 2.555605930680178e-12 16.5
340 3.444539237486871e-12 17
350 4.64648241485051e-12 17.5
360 6.278208832601749e-12 18
370 8.491917913651779e-12 18.5
380 1.149633566244309e-11 19
390 1.557182903474005e-11 19.5
400 2.110181065879607e-11 20
410 2.863035236500837e-11 20.5
420 3.893072442322767e-11 21
430 5.309856658936203e-11 21.5
440 7.266571907038266e-11 22
450 9.974163786076661e-11 22.5
460 1.371882422839479e-10 23
470 1.888498396164176e-10 23.5
480 2.598671512950151e-10 24
490 3.571114224741959e-10 24.5
500 4.896254118186535e-10 25
510 6.690553927760891e-10 25.5
520 9.101019612783737e-10 26
530 1.230802173056711e-09 26.5
540 1.652321801367325e-09 27
550 2.198716162700604e-09 27.5
560 2.896071274089756e-09 28
570 3.77131782757311e-09 28.5
580 4.851579686040689e-09 29
590 6.164241849830806e-09 29.5
600 7.738404109364658e-09 30
610 9.600937204915646e-09 30.5
620 1.177763659025942e-08 31
630 1.429746384164968e-08 31.5
640 1.71950192284195e-08 32
650 2.051120705923283e-08 32.5
660 2.42950857108951e-08 33
670 2.860332491771027e-08 33.5
680 3.349637797652739e-08 34
690 3.903454558318589e-08 34.5
700 4.527507634406419e-08 35
710 5.226316685284804e-08 35.5
720 6.002958330376254e-08 36
730 6.858559770681793e-08 36.5
740 7.792715565318473e-08 37
750 8.804104325093172e-08 37.5
760 9.891035048610627e-08 38
770 1.105158029981025e-07 38.5
780 1.228484817824031e-07 39
790 1.35901519289321e-07 39.5
800 1.496623064328725e-07 40
810 1.641020760323599e-07 40.5
820 1.791690655199277e-07 41
830 1.948047860655688e-07 41.5
840 2.109414068500484e-07 42
850 2.27476140443786e-07 42.5
860 2.442893552320982e-07 43
870 2.612350423061573e-07 43.5
880 2.781577054816842e-07 44
890 2.948616807790738e-07 44.5
900 3.111324596948277e-07 45
910 3.267824269280899e-07 45.5
920 3.416686418303798e-07 46
930 3.556977114694651e-07 46.5
940 3.688641167465927e-07 47
950 3.812369006731574e-07 47.5
960 3.929320067304621e-07 48
970 4.041047280541542e-07 48.5
980 4.149518670598093e-07 49
990 4.256837030012379e-07 49.5
1000 4.36475438404641e-07 50
1010 4.474493436844736e-07 50.5
1020 4.58700364037509e-07 51
1030 4.702822650342628e-07 51.5
1040 4.822149600548072e-07 52
1050 4.944496275255703e-07 52.5
1060 5.069004223521901e-07 53
1070 5.195345816787199e-07 53.5
1080 5.323108490412409e-07 54
1090 5.451868127195644e-07 54.5
1100 5.58153752154878e-07 55
1110 5.712472447514915e-07 55.5
1120 5.845416317267197e-07 56
1130 5.9813155207885e-07 56.5
1140 6.121224267766234e-07 57
1150 6.266512865783027e-07 57.5
1160 6.41874354139253e-07 58
1170 6.579685446200401e-07 58.5
1180 6.751022176097061e-07 59
1190 6.934387307504907e-07 59.5
1200 7.13125221535359e-07 60
1210 7.342934829811173e-07 60.5
1220 7.57099232114628e-07 61
1230 7.81642156066848e-07 61.5
1240 8.079910881791591e-07 62
1250 8.362261017418889e-07 62.5
1260 8.664020052881067e-07 63
1270 8.985406454406956e-07 63.5
1280 9.327055466404601e-07 64
1290 9.688738983192557e-07 64.5
1300 1.006989277419714e-06 65
1310 1.046950093013142e-06 65.5
1320 1.088565766910378e-06 66
1330 1.131612915848499e-06 66.5
1340 1.175875895366541e-06 67
1350 1.221142856310919e-06 67.5
1360 1.267269356380012e-06 68
1370 1.314142357738087e-06 68.5
1380 1.361771945945215e-06 69
1390 1.41024788212236e-06 69.5
1400 1.459756353258018e-06 70
1410 1.510649770735703e-06 70.5
1420 1.563326911761294e-06 71
1430 1.618287542507949e-06 71.5
1440 1.676064703144571e-06 72
1450 1.737199248835995e-06 72.5
1460 1.802232936879669e-06 73
1470 1.871606278706869e-06 73.5
1480 1.945612488098587e-06 74
1490 2.024312555545048e-06 74.5
1500 2.107047116527379e-06 75
1510 2.192892692932838e-06 75.5
1520 2.280513008502843e-06 76
1530 2.36791530830216e-06 76.5
1540 2.452388563115674e-06 77
1550 2.530706579061098e-06 77.5
1560 2.599380364105148e-06 78
1570 2.655142141802507e-06 78.5
1580 2.695420417721977e-06 79
1590 2.718505999844528e-06 79.5
1600 2.723914882922996e-06 80
1610 2.712465689583597e-06 80.5
1620 2.686009951143369e-06 81
1630 2.64720060182611e-06 81.5
1640 2.599265933936467e-06 82
1650 2.545534935387466e-06 82.5
1660 2.489471088872834e-06 83
1670 2.434165175531943e-06 83.5
1680 2.38201577201936e-06 84
1690 2.334714208750765e-06 84.5
1700 2.293401574059352e-06 85
1710 2.258815904713682e-06 85.5
1720 2.231211836984945e-06 86
1730 2.210589710924533e-06 86.5
1740 2.196828145056777e-06 87
1750 2.189608240484447e-06 87.5
1760 2.18858615393817e-06 88
1770 2.193341525275062e-06 88.5
1780 2.203490314715457e-06 89
1790 2.218632301465536e-06 89.5
1800 2.238367610977022e-06 90
1810 2.262310366668306e-06 90.5
1820 2.290008252200306e-06 91
1830 2.320928009267262e-06 91.5
1840 2.354527797858491e-06 92
1850 2.390344065069932e-06 92.5
1860 2.428013163430142e-06 93
1870 2.467185887887196e-06 93.5
1880 2.507571284285907e-06 94
1890 2.549026028849586e-06 94.5
1900 2.591546565642427e-06 95
1910 2.635269159051391e-06 95.5
1920 2.680523731194124e-06 96
1930 2.72795701062096e-06 96.5
1940 2.778415033357107e-06 97
1950 2.833029944039051e-06 97.5
1960 2.893263479135895e-06 98
1970 2.961140909698771e-06 98.5
1980 3.038860490354867e-06 99
1990 3.128610134564255e-06 99.5
2000 3.231964845686452e-06 100
2010 3.349619624284006e-06 100.5
2020 3.481219819408796e-06 101
2030 3.625063719364226e-06 101.5
2040 3.777787812362646e-06 102
2050 3.933732866561878e-06 102.5
2060 4.085888063791804e-06 103
2070 4.226735166930344e-06 103.5
2080 4.349049660530971e-06 104
2090 4.446900440437057e-06 104.5
2100 4.516395777111885e-06 105
2110 4.555858180151775e-06 105.5
2120 4.565640219983551e-06 106
2130 4.548152460868211e-06 106.5
2140 4.507063823638267e-06 107
2150 4.446956173355817e-06 107.5
2160 4.372524939732633e-06 108
2170 4.288644141814768e-06 108.5
2180 4.199388998625455e-06 109
2190 4.108221444786179e-06 109.5
2200 4.018226187323077e-06 110
2210 3.931641523223173e-06 110.5
2220 3.850194938420621e-06 111
2230 3.774662276006731e-06 111.5
2240 3.705640884492078e-06 112
2250 3.643512934752196e-06 112.5
2260 3.588360666769479e-06 113
2270 3.539954080745018e-06 113.5
2280 3.497822468191836e-06 114
2290 3.461355924381928e-06 114.5
2300 3.42955548383619e-06 115
2310 3.401229711953288e-06 115.5
2320 3.374955454556831e-06 116
2330 3.349272543543745e-06 116.5
2340 3.322733724419789e-06 117
2350 3.294173512781077e-06 117.5
2360 3.262944612350371e-06 118
2370 3.228835232290559e-06 118.5
2380 3.192086171693784e-06 119
2390 3.153700708460629e-06 119.5
2400 3.115112296154843e-06 120
2410 3.077811453284577e-06 120.5
2420 3.043252179015934e-06 121
2430 3.012778155033426e-06 121.5
2440 2.987411802000951e-06 122
2450 2.96779937211156e-06 122.5
2460 2.954087594192525e-06 123
2470 2.946041893289804e-06 123.5
2480 2.943138339203403e-06 124
2490 2.944695023099892e-06 124.5
2500 2.949971967261835e-06 125
2510 2.958318806510045e-06 125.5
2520 2.969248812408326e-06 126
2530 2.982053878259109e-06 126.5
2540 2.996065510314822e-06 127
2550 3.010079160470304e-06 127.5
2560 3.02235431890058e-06 128
2570 3.030849160884133e-06 128.5
2580 3.033833708599177e-06 129
2590 3.029954812654016e-06 129.5
2600 3.01847698779095e-06 130
2610 2.999546659047194e-06 130.5
2620 2.974119067045757e-06 131
2630 2.943759600473196e-06 131.5
2640 2.910305016550998e-06 132
2650 2.875777513274393e-06 132.5
2660 2.842076863293013e-06 133
2670 2.81084081282423e-06 133.5
2680 2.783310130816266e-06 134
2690 2.76018337364833e-06 134.5
2700 2.741815693340195e-06 135
2710 2.728510638828434e-06 135.5
2720 2.719923055534881e-06 136
2730 2.7155079864496e-06 136.5
2740 2.714677026107446e-06 137
2750 2.716851313938535e-06 137.5
2760 2.721421472748074e-06 138
2770 2.727894056107462e-06 138.5
2780 2.735816887520094e-06 139
2790 2.744783859542944e-06 139.5
2800 2.754399012007233e-06 140
2810 2.764343961113627e-06 140.5
2820 2.774375057148817e-06 141
2830 2.784350921325478e-06 141.5
2840 2.794257997342676e-06 142
2850 2.804196606600472e-06 142.5
2860 2.814376357750237e-06 143
2870 2.825358826257997e-06 143.5
2880 2.837982514780287e-06 144
2890 2.853247171037384e-06 144.5
2900 2.872431843184556e-06 145
2910 2.896676529212345e-06 145.5
2920 2.927174379033508e-06 146
2930 2.96478608460287e-06 146.5
2940 3.009527203878911e-06 147
2950 3.060714557497774e-06 147.5
2960 3.116874959910124e-06 148
2970 3.176205109275164e-06 148.5
2980 3.236749593794113e-06 149
2990 3.296946291549707e-06 149.5
3000 3.355245136759141e-06 150
