0 0 0
10 5.824806456025802e-57 0.5
20 2.676574164392101e-59 1
30 2.821411574118549e-50 1.5
40 2.027126422500981e-144 2
50 1.89953408483333e-281 2.5
60 0 3
70 0 3.5
80 2.125707738729047e-35 4
90 7.737465447711457e-29 4.5
100 5.264708800311274e-26 5
110 1.957451141226053e-24 5.5
120 1.05510328444023e-23 6
130 2.931862032898602e-22 6.5
140 1.032799979615022e-20 7
150 8.472934814062435e-20 7.5
160 2.486936490638581e-19 8
170 1.217358934458993e-18 8.5
180 4.185555784890299e-18 9
190 1.307642341702838e-17 9.5
200 1.899209287449993e-16 10
210 2.773138624446673e-15 10.5
220 1.53194307602146e-14 11
230 4.995592126440951e-14 11.5
240 1.226529022630058e-13 12
250 2.525590933712963e-13 12.5
260 4.603167539226385e-13 13
270 7.673410583938379e-13 13.5
280 1.197980167587768e-12 14
290 1.782356286030935e-12 14.5
300 2.555157829370442e-12 15
310 3.559515901102347e-12 15.5
320 4.861676363536983e-12 16
330 6.573018852955785e-12 16.5
340 8.859355456935105e-12 17
350 1.195075349688647e-11 17.5
360 1.614755409825709e-11 18
370 2.184121420055173e-11 18.5
380 2.956857711980441e-11 19
390 4.005074671004109e-11 19.5
400 5.427386031102771e-11 20
410 7.363727075554283e-11 20.5
420 1.001298292984457e-10 21
430 1.365695215630969e-10 21.5
440 1.868962408011361e-10 22
450 2.565355081599054e-10 22.5
460 3.528481805863771e-10 23
470 4.857218169962581e-10 23.5
480 6.683783537282024e-10 24
490 9.18490634392921e-10 24.5
500 1.2593166356887e-09 25
510 1.72081057474245e-09 25.5
520 2.340782386587528e-09 26
530 3.165623381382405e-09 26.5
540 4.249771931248684e-09 27
550 5.655098313957659e-09 27.5
560 7.448695769393997e-09 28
570 9.69983004168749e-09 28.5
580 1.247826371042867e-08 29
590 1.585443100076587e-08 29.5
600 1.990317657820849e-08 30
610 2.469361199093755e-08 30.5
620 3.02920831500939e-08 31
630 3.677307923432655e-08 31.5
640 4.422559214176551e-08 32
650 5.275482776068473e-08 32.5
660 6.248696424389183e-08 33
670 7.356775615686978e-08 33.5
680 8.615268938855856e-08 34
690 1.003968573380776e-07 34.5
700 1.164475034299758e-07 35
710 1.344208733102736e-07 35.5
720 1.543960976353245e-07 36
730 1.764021680166357e-07 36.5
740 2.004286565140644e-07 37
750 2.264415769954992e-07 37.5
760 2.543974369024122e-07 38
770 2.842466625763138e-07 38.5
780 3.159663143361926e-07 39
790 3.4953872884318e-07 39.5
800 3.849314755261564e-07 40
810 4.220705651918729e-07 40.5
820 4.608228645077191e-07 41
830 5.010379401937793e-07 41.5
840 5.425413313723843e-07 42
850 5.850686687585957e-07 42.5
860 6.283122598207582e-07 43
870 6.718965696225573e-07 43.5
880 7.154216619537344e-07 44
890 7.583842890281783e-07 44.5
900 8.002327349413797e-07 45
910 8.404844531102267e-07 45.5
920 8.787718001644967e-07 46
930 9.148545694678983e-07 46.5
940 9.487185658975756e-07 47
950 9.80541368089623e-07 47.5
960 1.010621182696064e-06 48
970 1.039357423686045e-06 48.5
980 1.06725626690317e-06 49
990 1.094858550621092e-06 49.5
1000 1.122614895764571e-06 50
1010 1.150839781858685e-06 50.5
1020 1.179777407964369e-06 51
1030 1.209566059137388e-06 51.5
1040 1.240256952594399e-06 52
1050 1.271724519240547e-06 52.5
1060 1.303747965479723e-06 53
1070 1.336243025241314e-06 53.5
1080 1.369103586893674e-06 54
1090 1.402220567485854e-06 54.5
1100 1.435571537739224e-06 55
1110 1.469248002743229e-06 55.5
1120 1.503441168120415e-06 56
1130 1.538394445389163e-06 56.5
1140 1.574378977297543e-06 57
1150 1.611747206977215e-06 57.5
1160 1.650900939122184e-06 58
1170 1.692295199553063e-06 58.5
1180 1.736363009159171e-06 59
1190 1.783524523821868e-06 59.5
1200 1.834158181196047e-06 60
1210 1.888602952941523e-06 60.5
1220 1.947259343275712e-06 61
1230 2.01038374751501e-06 61.5
1240 2.078153205024203e-06 62
1250 2.150773664318524e-06 62.5
1260 2.228386092953589e-06 63
1270 2.311046680446867e-06 63.5
1280 2.398918811670031e-06 64
1290 2.491943817838249e-06 64.5
1300 2.589976578839155e-06 65
1310 2.692755802788281e-06 65.5
1320 2.799791322553329e-06 66
1330 2.910508596347163e-06 66.5
1340 3.024352986582497e-06 67
1350 3.140779617203213e-06 67.5
1360 3.259416982586975e-06 68
1370 3.379974349402622e-06 68.5
1380 3.502477657712226e-06 69
1390 3.627157773132936e-06 69.5
1400 3.75449356862825e-06 70
1410 3.885391446331616e-06 70.5
1420 4.020877061278856e-06 71
1430 4.162235812145409e-06 71.5
1440 4.310838678328968e-06 72
1450 4.468076739397978e-06 72.5
1460 4.635343395206115e-06 73
1470 4.813771641223437e-06 73.5
1480 5.004115623340464e-06 74
1490 5.206532209107585e-06 74.5
1500 5.419325512879243e-06 75
1510 5.640120348805201e-06 75.5
1520 5.865479814139629e-06 76
1530 6.09027854287779e-06 76.5
1540 6.307543767454877e-06 77
1550 6.508977716701641e-06 77.5
1560 6.685606702563414e-06 78
1570 6.829026003512338e-06 78.5
1580 6.932621735469639e-06 79
1590 6.991997856295357e-06 79.5
1600 7.005909504418172e-06 80
1610 6.976462177360602e-06 80.5
1620 6.908418013959319e-06 81
1630 6.808600361452388e-06 81.5
1640 6.685312388151692e-06 82
1650 6.547116251489602e-06 82.5
1660 6.402920029495463e-06 83
1670 6.260673211742595e-06 83.5
1680 6.126544937761256e-06 84
1690 6.0048853096448e-06 84.5
1700 5.898629206764471e-06 85
1710 5.809674859804305e-06 85.5
1720 5.738677193293581e-06 86
1730 5.685637081844535e-06 86.5
1740 5.650242332282783e-06 87
1750 5.631672736594829e-06 87.5
1760 5.629043929838133e-06 88
1770 5.641274745659519e-06 88.5
1780 5.667377433685698e-06 89
1790 5.706322625972438e-06 89.5
1800 5.757081845119104e-06 90
1810 5.818662616497515e-06 90.5
1820 5.889901582412888e-06 91
1830 5.969427202419499e-06 91.5
1840 6.055845863925224e-06 92
1850 6.147965308788404e-06 92.5
1860 6.244850235655671e-06 93
1870 6.345602489078926e-06 93.5
1880 6.449473734925569e-06 94
1890 6.556095344419567e-06 94.5
1900 6.665458171693472e-06 95
1910 6.777912688771835e-06 95.5
1920 6.894307455392783e-06 96
1930 7.016305857488812e-06 96.5
1940 7.146083899848923e-06 97
1950 7.286553458655029e-06 97.5
1960 7.441474120334021e-06 98
1970 7.616054882345807e-06 98.5
1980 7.81594965593493e-06 99
1990 8.046785754862503e-06 99.5
2000 8.312614088015257e-06 100
2010 8.615222196948635e-06 100.5
2020 8.953697919368674e-06 101
2030 9.323664452525875e-06 101.5
2040 9.716470843576943e-06 102
2050 1.011756154733969e-05 102.5
2060 1.050890473838532e-05 103
2070 1.087116350966131e-05 103.5
2080 1.118575640631055e-05 104
2090 1.143742862751562e-05 104.5
2100 1.16161706443001e-05 105
2110 1.171766795108366e-05 105.5
2120 1.174282735905918e-05 106
2130 1.169784883988252e-05 106.5
2140 1.159216885850808e-05 107
2150 1.143757197259137e-05 107.5
2160 1.124613482808462e-05 108
2170 1.10303934027357e-05 108.5
2180 1.080082916050901e-05 109
2190 1.056634619779185e-05 109.5
2200 1.033487838153736e-05 110
2210 1.011218261194582e-05 110.5
2220 9.902701983109766e-06 111
2230 9.708431963581247e-06 111.5
2240 9.530908933822778e-06 112
2250 9.37111583738594e-06 112.5
2260 9.229264195518296e-06 113
2270 9.104762448701124e-06 113.5
2280 8.996399934632381e-06 114
2290 8.902607978256356e-06 114.5
2300 8.820817240204734e-06 115
2310 8.747963350496752e-06 115.5
2320 8.680385956368402e-06 116
2330 8.614329505230463e-06 116.5
2340 8.546071658297656e-06 117
2350 8.472614789501103e-06 117.5
2360 8.392294052714631e-06 118
2370 8.304564721872098e-06 118.5
2380 8.210046132276118e-06 119
2390 8.111318714843721e-06 119.5
2400 8.012069312364813e-06 120
2410 7.916131538675211e-06 120.5
2420 7.827245079857282e-06 121
2430 7.748865885413503e-06 121.5
2440 7.683623621451151e-06 122
2450 7.63318044871171e-06 122.5
2460 7.597913753761845e-06 123
2470 7.577220209783119e-06 123.5
2480 7.56975226821929e-06 124
2490 7.57375605944425e-06 124.5
2500 7.587328360653154e-06 125
2510 7.608796432503524e-06 125.5
2520 7.636908409381428e-06 126
2530 7.669843040750098e-06 126.5
2540 7.705880960586342e-06 127
2550 7.741924070975506e-06 127.5
2560 7.773495780375849e-06 128
2570 7.795344515284643e-06 128.5
2580 7.803020772473993e-06 129
2590 7.793044251497064e-06 129.5
2600 7.763523284156149e-06 130
2610 7.714834475669841e-06 130.5
2620 7.649434705069751e-06 131
2630 7.571350152302255e-06 131.5
2640 7.485304957227959e-06 132
2650 7.396500213406514e-06 132.5
2660 7.309822136389563e-06 133
2670 7.229483009704041e-06 133.5
2680 7.15867409127861e-06 134
2690 7.099192068229731e-06 134.5
2700 7.051950391607739e-06 135
2710 7.017729789324925e-06 135.5
2720 6.995642523752321e-06 136
2730 6.98428696537524e-06 136.5
2740 6.982149735245403e-06 137
2750 6.987742003886639e-06 137.5
2760 6.999496453058743e-06 138
2770 7.01614393847026e-06 138.5
2780 7.036521462101284e-06 139
2790 7.059584515544908e-06 139.5
2800 7.084314689185174e-06 140
2810 7.109893099840456e-06 140.5
2820 7.13569308041006e-06 141
2830 7.161351004630899e-06 141.5
2840 7.186832005694854e-06 142
2850 7.212394110258553e-06 142.5
2860 7.238576431806067e-06 143
2870 7.266823342523747e-06 143.5
2880 7.299291471375199e-06 144
2890 7.338552169653154e-06 144.5
2900 7.387895149412783e-06 145
2910 7.450252485663852e-06 145.5
2920 7.528692960168371e-06 146
2930 7.625430272768612e-06 146.5
2940 7.740504438536215e-06 147
2950 7.872158320040612e-06 147.5
2960 8.016602883818766e-06 148
2970 8.169200037254428e-06 148.5
2980 8.324920460895652e-06 149
2990 8.479746376927192e-06 149.5
3000 8.629691015913523e-06 150
