0 0 0
10 1.123948335825446e-23 0.5
20 1.27049366364056e-17 1
30 1.204390810888905e-13 1.5
40 3.147186923295167e-11 2
50 2.277895833233826e-09 2.5
60 7.96558585712468e-08 3
70 1.349397287712245e-06 3.5
80 1.031240413941102e-05 4
90 4.24651966590472e-05 4.5
100 0.0001161835645099143 5
110 0.0002399110142509889 5.5
120 0.000403837798763261 6
130 0.0005791814485285247 6.5
140 0.0007306434258693142 7
150 0.0008366067622064222 7.5
160 0.0008915574250350788 8
170 0.0009100502547156258 8.5
180 0.0009326452340310293 9
190 0.001013701055862016 9.5
200 0.001209365743440882 10
210 0.001575463982861457 10.5
220 0.002143775442556423 11
230 0.002911664550305715 11.5
240 0.003865804564837945 12
250 0.0049905364025741 12.5
260 0.006264847865668293 13
270 0.007646375471232808 13.5
280 0.009075641318678798 14
290 0.01049186859506897 14.5
300 0.01186050927207246 15
310 0.01316768436000707 15.5
320 0.01441244064522263 16
330 0.01557698042345785 16.5
340 0.01663863391823394 17
350 0.01760127257699603 17.5
360 0.01847092389076033 18
370 0.01924588365850079 18.5
380 0.01991525383896252 19
390 0.02048795158448147 19.5
400 0.02099544784462187 20
410 0.02146752597949773 20.5
420 0.0219213006778119 21
430 0.02236294171882462 21.5
440 0.02277998497181088 22
450 0.02315641991553295 22.5
460 0.02348580355440764 23
470 0.02376702363146043 23.5
480 0.02400668080825247 24
490 0.02420982636414547 24.5
500 0.02437268477266136 25
510 0.02449042290345304 25.5
520 0.02456289954795614 26
530 0.02459651426159924 26.5
540 0.02459936709133898 27
550 0.02458202267466721 27.5
560 0.02456458113959891 28
570 0.02457097971091593 28.5
580 0.02461563592838947 29
590 0.02471615884025762 29.5
600 0.02488101473566435 30
610 0.0251053101657114 30.5
620 0.02537869805096818 31
630 0.02569077517560368 31.5
640 0.02602841786315103 32
650 0.02637046255941864 32.5
660 0.02669677726825899 33
670 0.02699035446194428 33.5
680 0.02723500923755824 34
690 0.02742012269667499 34.5
700 0.0275449722416107 35
710 0.02761041962707847 35.5
720 0.02761755256866758 36
730 0.02757467263207465 36.5
740 0.02748611819223913 37
750 0.0273557275743181 37.5
760 0.02718419503164716 38
770 0.02696969456701634 38.5
780 0.02671420442525863 39
790 0.02642147868138723 39.5
800 0.02608901916859193 40
810 0.02571178666284896 40.5
820 0.02528435293876335 41
830 0.02480644395864961 41.5
840 0.02428962650821002 42
850 0.02375032851787444 42.5
860 0.02320657888667623 43
870 0.02267755952477005 43.5
880 0.02219066352976879 44
890 0.02177772552190632 44.5
900 0.02145929331536073 45
910 0.02124164696432099 45.5
920 0.02112066457615626 46
930 0.02107458217898541 46.5
940 0.02107469154983618 47
950 0.0211031123734024 47.5
960 0.02115136057271235 48
970 0.02121893386937923 48.5
980 0.02130759857057039 49
990 0.02141577349075112 49.5
1000 0.02154308984123711 50
1010 0.02168615381789489 50.5
1020 0.02184161216728984 51
1030 0.02200827453635312 51.5
1040 0.02218509574116201 52
1050 0.02237058222198842 52.5
1060 0.02256442796654685 53
1070 0.02276666898907406 53.5
1080 0.02297738919644157 54
1090 0.02319724631658399 54.5
1100 0.02342703396362679 55
1110 0.02366645263314475 55.5
1120 0.02391430327355061 56
1130 0.02416937836983677 56.5
1140 0.02443109614793569 57
1150 0.0246979499992424 57.5
1160 0.0249666626976006 58
1170 0.02523414342534932 58.5
1180 0.02549861750354751 59
1190 0.02575610091466626 59.5
1200 0.02600138600858595 60
1210 0.02623047463555868 60.5
1220 0.02644382975887883 61
1230 0.02664326759162209 61.5
1240 0.02683030062989986 62
1250 0.02700563499792458 62.5
1260 0.02716944287410571 63
1270 0.02732260989708076 63.5
1280 0.02746577061213994 64
1290 0.02759995756472832 64.5
1300 0.02772670153839266 65
1310 0.02784635624286622 65.5
1320 0.02795951926916084 66
1330 0.02806716721898916 66.5
1340 0.02816992343194678 67
1350 0.02826851123799095 67.5
1360 0.02836403257730162 68
1370 0.02845844485867308 68.5
1380 0.02855334893592277 69
1390 0.02864676103319582 69.5
1400 0.02872802430671898 70
1410 0.02877409152797505 70.5
1420 0.02876282055999793 71
1430 0.02869664123960032 71.5
1440 0.02861036906766968 72
1450 0.02854617130176861 72.5
1460 0.02852910991912047 73
1470 0.02856462544363906 73.5
1480 0.02864452439648797 74
1490 0.0287574193144581 74.5
1500 0.02888906503187083 75
1510 0.02902517509023996 75.5
1520 0.029154119629833 76
1530 0.02926496282831668 76.5
1540 0.02934858080675709 77
1550 0.02940341992004782 77.5
1560 0.02943942505832685 78
1570 0.02947961858953396 78.5
1580 0.02952717694199472 79
1590 0.0295789104346327 79.5
1600 0.02963606256828439 80
1610 0.02969443710589858 80.5
1620 0.02975458058914616 81
1630 0.02982175700033743 81.5
1640 0.02989773319634429 82
1650 0.02997998212382356 82.5
1660 0.03006901233517675 83
1670 0.03016779857513315 83.5
1680 0.03027859706688852 84
1690 0.03040065480234939 84.5
1700 0.03053162044912002 85
1710 0.03066950930397275 85.5
1720 0.03081465039397534 86
1730 0.03096801153160652 86.5
1740 0.03113039699820358 87
1750 0.03130151505246489 87.5
1760 0.03148087859179339 88
1770 0.03166591531626333 88.5
1780 0.03185340995588769 89
1790 0.03203993254405343 89.5
1800 0.03222232788835828 90
1810 0.03239786959193875 90.5
1820 0.03256362532394116 91
1830 0.03271748870045849 91.5
1840 0.03285845240136471 92
1850 0.03298211193753191 92.5
1860 0.03308621435349968 93
1870 0.0331701012058362 93.5
1880 0.03323396032550753 94
1890 0.03328016632424788 94.5
1900 0.0333117708580578 95
1910 0.03332980164790311 95.5
1920 0.03333489810674235 96
1930 0.03332710446167744 96.5
1940 0.03330666945006237 97
1950 0.03326847756227744 97.5
1960 0.03320738348239732 98
1970 0.03312644651313734 98.5
1980 0.03303270148223578 99
1990 0.03292943956237347 99.5
2000 0.03281502449015332 100
2010 0.03269377175763735 100.5
2020 0.03257524804094339 101
2030 0.03246609227483185 101.5
2040 0.03237441327678928 102
2050 0.03230500143414827 102.5
2060 0.03225928415778755 103
2070 0.03223654460580939 103.5
2080 0.03223210011753775 104
2090 0.03224215510309297 104.5
2100 0.03226439415835381 105
2110 0.03229771503994566 105.5
2120 0.03234094490017823 106
2130 0.03239248015633858 106.5
2140 0.03245214191254209 107
2150 0.03252054414793269 107.5
2160 0.03259807154739881 108
2170 0.03268636343770719 108.5
2180 0.03278800584582263 109
2190 0.0329052741772605 109.5
2200 0.03303733986539582 110
2210 0.03317584906282192 110.5
2220 0.03330583823479298 111
2230 0.03340400318063132 111.5
2240 0.03343573037097415 112
2250 0.03336711143273604 112.5
2260 0.0331901727909756 113
2270 0.03292710650235772 113.5
2280 0.03261197456630383 114
2290 0.03225625357096228 114.5
2300 0.03186261103409701 115
2310 0.03145991619971043 115.5
2320 0.03110002092139875 116
2330 0.03078255097389774 116.5
2340 0.03047540993837558 117
2350 0.03018205579192499 117.5
2360 0.02991372640289479 118
2370 0.02967681181127273 118.5
2380 0.02946568837396462 119
2390 0.02927677100818232 119.5
2400 0.02910237516428978 120
2410 0.02893885607455094 120.5
2420 0.02879164703234052 121
2430 0.02866853366379012 121.5
2440 0.02857870485739892 122
2450 0.02852738251895737 122.5
2460 0.02851675952805984 123
2470 0.02854773803278284 123.5
2480 0.02862020944186165 124
2490 0.02873221734709978 124.5
2500 0.02888027438659435 125
2510 0.0290606146329455 125.5
2520 0.02927326220664717 126
2530 0.02951671634004947 126.5
2540 0.02978680416739556 127
2550 0.03007721597240508 127.5
2560 0.03037920635305002 128
2570 0.03068030289665855 128.5
2580 0.03096313740699758 129
2590 0.031209045052323 129.5
2600 0.03140077798768068 130
2610 0.03152165721878439 130.5
2620 0.03157014437523039 131
2630 0.03156210278791367 131.5
2640 0.03151992157231336 132
2650 0.03146444946956346 132.5
2660 0.03141323655550936 133
2670 0.03138133859436733 133.5
2680 0.03137112452308519 134
2690 0.031382209361165 134.5
2700 0.03141691009938012 135
2710 0.03147453087194364 135.5
2720 0.0315533795200997 136
2730 0.0316487716865777 136.5
2740 0.03175589734946493 137
2750 0.0318700686500798 137.5
2760 0.031987424705369 138
2770 0.0321062110639765 138.5
2780 0.03222724261885631 139
2790 0.03235198769481851 139.5
2800 0.03248233126604502 140
2810 0.03261839681622702 140.5
2820 0.032759019351066 141
2830 0.03290236307231865 141.5
2840 0.03304520544865856 142
2850 0.03318296170646616 142.5
2860 0.03330709236630563 143
2870 0.03340362134942303 143.5
2880 0.03344939771317369 144
2890 0.03339645888428486 144.5
2900 0.03320116892343945 145
2910 0.0328699923890613 145.5
2920 0.03247997402559656 146
2930 0.03213850560399147 146.5
2940 0.03190564007572438 147
2950 0.03178104006319661 147.5
2960 0.03174247042454903 148
2970 0.0317574543482743 148.5
2980 0.03179536607956358 149
2990 0.03183731420146996 149.5
3000 0.03187735812372577 150
