0 0 0
10 1.293554573874515e-21 0.5
20 2.829750994226018e-16 1
30 1.16918226402557e-12 1.5
40 2.192925008248636e-10 2
50 1.520839987279032e-08 2.5
60 5.50331094473222e-07 3
70 7.721505426161457e-06 3.5
80 5.315104499459267e-05 4
90 0.0001931627048179507 4.5
100 0.0004502527881413698 5
110 0.0008035377832129598 5.5
120 0.001145118148997426 6
130 0.001360875088721514 6.5
140 0.001439038780517876 7
150 0.001416204613633454 7.5
160 0.001345060532912612 8
170 0.001274560461752117 8.5
180 0.001257052877917886 9
190 0.001539666554890573 9.5
200 0.002578417537733912 10
210 0.003378828521817923 10.5
220 0.004600003827363253 11
230 0.006440606899559498 11.5
240 0.00863131508231163 12
250 0.01103800162672997 12.5
260 0.01352225709706545 13
270 0.01599530875682831 13.5
280 0.01823087781667709 14
290 0.01965975388884544 14.5
300 0.02030948176980019 15
310 0.02055410668253899 15.5
320 0.02078271098434925 16
330 0.02110997587442398 16.5
340 0.02116602286696434 17
350 0.0212132278829813 17.5
360 0.02142473869025707 18
370 0.02176742255687714 18.5
380 0.02222102880477905 19
390 0.02274001762270927 19.5
400 0.02329138480126858 20
410 0.023852264508605 20.5
420 0.02438860200345516 21
430 0.02485208958387375 21.5
440 0.0252327099442482 22
450 0.02550078369677067 22.5
460 0.02565959841012955 23
470 0.02578619308769703 23.5
480 0.02589458972215652 24
490 0.02597298100590706 24.5
500 0.02603381127119064 25
510 0.02607939951121807 25.5
520 0.0261123888194561 26
530 0.02613792940974236 26.5
540 0.02615849114954472 27
550 0.0261737871915102 27.5
560 0.02618754468858242 28
570 0.0261972714215517 28.5
580 0.02620305866003036 29
590 0.02620797045528889 29.5
600 0.02621286548674107 30
610 0.02621568366885185 30.5
620 0.02621129900217056 31
630 0.02619336545467377 31.5
640 0.0261619221419096 32
650 0.02612943202257156 32.5
660 0.02606785669922829 33
670 0.02595146000385284 33.5
680 0.02572249621152878 34
690 0.02535871788859367 34.5
700 0.02496215142309666 35
710 0.0245446190237999 35.5
720 0.02438829466700554 36
730 0.02415788173675537 36.5
740 0.02387375012040138 37
750 0.02355114556849003 37.5
760 0.0231979601085186 38
770 0.02280975878238678 38.5
780 0.02242146246135235 39
790 0.02211116999387741 39.5
800 0.02190524339675903 40
810 0.02176187559962273 40.5
820 0.02165425196290016 41
830 0.02157511562108994 41.5
840 0.0215072613209486 42
850 0.02143723703920841 42.5
860 0.02136201411485672 43
870 0.02126835659146309 43.5
880 0.02114840969443321 44
890 0.0210566371679306 44.5
900 0.02113574184477329 45
910 0.0212454441934824 45.5
920 0.02129042893648148 46
930 0.02125162817537785 46.5
940 0.02111273817718029 47
950 0.02124057710170746 47.5
960 0.02141191065311432 48
970 0.02158397249877453 48.5
980 0.02171796187758446 49
990 0.02181362733244896 49.5
1000 0.02188233472406864 50
1010 0.02194366045296192 50.5
1020 0.02201360464096069 51
1030 0.02209893614053726 51.5
1040 0.02219909988343716 52
1050 0.02231145650148392 52.5
1060 0.02243460714817047 53
1070 0.02256793901324272 53.5
1080 0.02272343263030052 54
1090 0.02290135994553566 54.5
1100 0.02309324219822884 55
1110 0.02329467236995697 55.5
1120 0.02349854074418545 56
1130 0.02369561791419983 56.5
1140 0.02389547228813171 57
1150 0.02416518144309521 57.5
1160 0.02441471256315708 58
1170 0.02464358322322369 58.5
1180 0.0248589925467968 59
1190 0.02503731846809387 59.5
1200 0.02518052980303764 60
1210 0.02537440694868565 60.5
1220 0.02555400319397449 61
1230 0.02569354511797428 61.5
1240 0.0257964450865984 62
1250 0.02587683498859406 62.5
1260 0.02594448253512383 63
1270 0.02599916607141495 63.5
1280 0.02603845670819283 64
1290 0.02606029808521271 64.5
1300 0.02605424635112286 65
1310 0.02597255818545818 65.5
1320 0.02580809034407139 66
1330 0.02557665854692459 66.5
1340 0.02528619021177292 67
1350 0.02491224370896816 67.5
1360 0.02445157431066036 68
1370 0.0242495983839035 68.5
1380 0.02416121400892735 69
1390 0.02407029271125793 69.5
1400 0.02397868223488331 70
1410 0.02389396168291569 70.5
1420 0.02382322587072849 71
1430 0.023770647123456 71.5
1440 0.02373690716922283 72
1450 0.02371947839856148 72.5
1460 0.02371437102556229 73
1470 0.02371476590633392 73.5
1480 0.02371364086866379 74
1490 0.02370505593717098 74.5
1500 0.02368407510221004 75
1510 0.02364696934819221 75.5
1520 0.02359115518629551 76
1530 0.02351502887904644 76.5
1540 0.02341766282916069 77
1550 0.0232983473688364 77.5
1560 0.02315681427717209 78
1570 0.02299528382718563 78.5
1580 0.02281802147626877 79
1590 0.02263004891574383 79.5
1600 0.02243204228579998 80
1610 0.02222318574786186 80.5
1620 0.02200414426624775 81
1630 0.02177827432751656 81.5
1640 0.02155052125453949 82
1650 0.02132328413426876 82.5
1660 0.0210986640304327 83
1670 0.02088026329874992 83.5
1680 0.02073266543447971 84
1690 0.02060406655073166 84.5
1700 0.0204908475279808 85
1710 0.02038969658315182 85.5
1720 0.02029905281960964 86
1730 0.02021712251007557 86.5
1740 0.02014254964888096 87
1750 0.02007700130343437 87.5
1760 0.0200240220874548 88
1770 0.01998122222721577 88.5
1780 0.01994746550917625 89
1790 0.01991927810013294 89.5
1800 0.01989188976585865 90
1810 0.01986121013760567 90.5
1820 0.01982420869171619 91
1830 0.01977788656949997 91.5
1840 0.01972086168825626 92
1850 0.0196522194892168 92.5
1860 0.01957261003553867 93
1870 0.0194847583770752 93.5
1880 0.01939247362315655 94
1890 0.01929838955402374 94.5
1900 0.01919911801815033 95
1910 0.01909295283257961 95.5
1920 0.01897949539124966 96
1930 0.0188583005219698 96.5
1940 0.0187305361032486 97
1950 0.01859857141971588 97.5
1960 0.0184653028845787 98
1970 0.01833292469382286 98.5
1980 0.01821096055209637 99
1990 0.01811942271888256 99.5
2000 0.01803121156990528 100
2010 0.0179469995200634 100.5
2020 0.01786703057587147 101
2030 0.01779109425842762 101.5
2040 0.01771925948560238 102
2050 0.01765132136642933 102.5
2060 0.01758691109716892 103
2070 0.01752560585737228 103.5
2080 0.0174667201936245 104
2090 0.01740947924554348 104.5
2100 0.01735308393836021 105
2110 0.01729667186737061 105.5
2120 0.01723916083574295 106
2130 0.01717943884432316 106.5
2140 0.01711658947169781 107
2150 0.01706718467175961 107.5
2160 0.01705815456807613 108
2170 0.01702712848782539 108.5
2180 0.01697859168052673 109
2190 0.01691674441099167 109.5
2200 0.01684529334306717 110
2210 0.01699190586805344 110.5
2220 0.01729832217097282 111
2230 0.017610814422369 111.5
2240 0.01791173964738846 112
2250 0.0181833915412426 112.5
2260 0.01839586719870567 113
2270 0.01850725151598454 113.5
2280 0.01847627945244312 114
2290 0.01844346709549427 114.5
2300 0.01863762550055981 115
2310 0.01861637458205223 115.5
2320 0.01834422908723354 116
2330 0.01822937093675137 116.5
2340 0.01790346391499043 117
2350 0.01740294694900513 117.5
2360 0.01683351024985313 118
2370 0.01653973571956158 118.5
2380 0.01639878191053867 119
2390 0.01637821644544601 119.5
2400 0.01630996912717819 120
2410 0.01618645526468754 120.5
2420 0.01601484976708889 121
2430 0.01581070944666862 121.5
2440 0.01564897410571575 122
2450 0.01555767934769392 122.5
2460 0.01555152516812086 123
2470 0.01554306410253048 123.5
2480 0.01553212758153677 124
2490 0.01551930885761976 124.5
2500 0.0155052226036787 125
2510 0.01548922155052423 125.5
2520 0.01547100115567446 126
2530 0.01545074954628944 126.5
2540 0.01575793884694576 127
2550 0.01608207263052464 127.5
2560 0.01633155532181263 128
2570 0.01650273054838181 128.5
2580 0.01664110645651817 129
2590 0.01666809245944023 129.5
2600 0.01653568632900715 130
2610 0.01659016869962215 130.5
2620 0.01653998717665672 131
2630 0.01631036400794983 131.5
2640 0.01591199077665806 132
2650 0.0155941154807806 132.5
2660 0.01560408435761929 133
2670 0.0156672690063715 133.5
2680 0.01568898372352123 134
2690 0.01565852202475071 134.5
2700 0.01557567436248064 135
2710 0.01544080022722483 135.5
2720 0.01526289898902178 136
2730 0.01524827536195517 136.5
2740 0.01525815762579441 137
2750 0.01527141686528921 137.5
2760 0.01542298682034016 138
2770 0.01559657603502274 138.5
2780 0.01574156060814857 139
2790 0.01584967784583569 139.5
2800 0.01591719873249531 140
2810 0.0159467626363039 140.5
2820 0.01594028994441032 141
2830 0.01589960232377052 141.5
2840 0.01589022576808929 142
2850 0.01597920618951321 142.5
2860 0.01603634096682072 143
2870 0.01605691760778427 143.5
2880 0.01632963120937347 144
2890 0.01653428934514523 144.5
2900 0.01666331477463245 145
2910 0.01674239709973335 145.5
2920 0.01675611920654774 146
2930 0.01670880988240242 146.5
2940 0.01663833856582642 147
2950 0.01653417386114597 147.5
2960 0.01636934094130993 148
2970 0.01615708693861961 148.5
2980 0.01591910421848297 149
2990 0.01568147912621498 149.5
3000 0.01552357617765665 150
