0 0 0
10 4.369938997446489e-24 0.5
20 4.93971086551241e-18 1
30 4.682701335025606e-14 1.5
40 1.223634079075418e-11 2
50 8.856515478942173e-10 2.5
60 3.097039531536204e-08 3
70 5.246490112280441e-07 3.5
80 4.00948829851193e-06 4
90 1.651057375144551e-05 4.5
100 4.517245795300192e-05 5
110 9.327799718857871e-05 5.5
120 0.0001570131374555097 6
130 0.0002251871832403709 6.5
140 0.000284075975573141 7
150 0.0003252747834719928 7.5
160 0.0003466397374272939 8
170 0.0003538297954591702 8.5
180 0.0003626147794401611 9
190 0.0003941294839420514 9.5
200 0.0004702043996138747 10
210 0.0006125443028235301 10.5
220 0.0008335052074538002 11
230 0.001132062396490749 11.5
240 0.001503034399885049 12
250 0.001940332927115237 12.5
260 0.0024357883835601 13
270 0.002972929742034681 13.5
280 0.003528631847317448 14
290 0.004079264523845205 14.5
300 0.004611395412542742 15
310 0.005119628327809332 15.5
320 0.005603592657814343 16
330 0.006056368611012439 16.5
340 0.006469142122100043 17
350 0.006843418419442888 17.5
360 0.007181541006492959 18
370 0.007482847285665835 18.5
380 0.007743100071500449 19
390 0.007965766374934668 19.5
400 0.008163082179189766 20
410 0.008346627328524479 20.5
420 0.008523056056341516 21
430 0.008694767188114931 21.5
440 0.008856914638914632 22
450 0.009003273478386069 22.5
460 0.009131338653871402 23
470 0.009240677717101149 23.5
480 0.009333857021656313 24
490 0.009412840517477124 24.5
500 0.009476160270507676 25
510 0.009521937147685499 25.5
520 0.009550116246770648 26
530 0.009563185730781149 26.5
540 0.009564294918057414 27
550 0.009557551365850785 27.5
560 0.009550770053770785 28
570 0.009553257834163793 28.5
580 0.009570620282240443 29
590 0.009609703839616492 29.5
600 0.009673800220502873 30
610 0.009761006839834874 30.5
620 0.009867300727474791 31
630 0.009988637087313259 31.5
640 0.01011991340140044 32
650 0.01025290122739262 32.5
660 0.01037977319527134 33
670 0.01049391673608667 33.5
680 0.01058903911945511 34
690 0.01066101169133959 34.5
700 0.01070955350396903 35
710 0.01073499960971253 35.5
720 0.01073777291508816 36
730 0.0107211010894221 36.5
740 0.01068667090364758 37
750 0.01063597470810264 37.5
760 0.0105692824302055 38
770 0.01048588411771348 38.5
780 0.01038654891712259 39
790 0.01027273642210602 39.5
800 0.01014347533921387 40
810 0.009996806405651194 40.5
820 0.009830619113925396 41
830 0.009644806917504896 41.5
840 0.00944386701135003 42
850 0.009234186615544187 42.5
860 0.009022775410733328 43
870 0.0088170913711462 43.5
880 0.00862778500105456 44
890 0.00846723367973775 44.5
900 0.00834342644829552 45
910 0.008258805007367635 45.5
920 0.008211766754879187 46
930 0.008193849804600081 46.5
940 0.008193892328258037 47
950 0.008204942414928645 47.5
960 0.008223701434449438 48
970 0.008249974099738254 48.5
980 0.008284447155401229 49
990 0.008326505832581994 49.5
1000 0.008376006745325702 50
1010 0.008431630374170482 50.5
1020 0.00849207296586672 51
1030 0.008556871708189834 51.5
1040 0.008625620231039183 52
1050 0.008697737834689277 52.5
1060 0.008773105540804772 53
1070 0.008851737351810218 53.5
1080 0.008933665890905301 54
1090 0.009019146884341807 54.5
1100 0.009108488891259441 55
1110 0.00920157546359507 55.5
1120 0.009297940407118586 56
1130 0.009397114237001051 56.5
1140 0.009498870758042524 57
1150 0.009602624197081832 57.5
1160 0.009707100360463679 58
1170 0.009811097530617952 58.5
1180 0.009913925707972136 59
1190 0.01001403589663281 59.5
1200 0.01010940334932135 60
1210 0.01019847357550256 60.5
1220 0.01028142657645317 61
1230 0.01035896850032025 61.5
1240 0.01043168740934204 62
1250 0.01049985784636317 62.5
1260 0.01056354675477612 63
1270 0.01062309847307907 63.5
1280 0.01067875971405417 64
1290 0.01073093193393061 64.5
1300 0.01078021030514688 65
1310 0.01082673235092428 65.5
1320 0.01087073041612989 66
1330 0.01091258420593104 66.5
1340 0.01095253607630804 67
1350 0.01099086725974173 67.5
1360 0.01102800619330628 68
1370 0.0110647139223942 68.5
1380 0.01110161286293896 69
1390 0.01113793171796952 69.5
1400 0.01116952708020369 70
1410 0.0111874381300495 70.5
1420 0.01118305594975418 71
1430 0.01115732526589515 71.5
1440 0.01112378243154083 72
1450 0.01109882218098323 72.5
1460 0.01109218867310675 73
1470 0.01110599719709861 73.5
1480 0.01113706210807187 74
1490 0.01118095593209616 74.5
1500 0.01123214011343544 75
1510 0.01128506004160769 75.5
1520 0.01133519399831323 76
1530 0.01137829010871405 76.5
1540 0.01141080098605843 77
1550 0.01143212256927681 77.5
1560 0.0114461214563127 78
1570 0.01146174880090395 78.5
1580 0.01148023960625933 79
1590 0.01150035371646768 79.5
1600 0.01152257460773741 80
1610 0.01154527077269866 80.5
1620 0.01156865470810819 81
1630 0.01159477306334003 81.5
1640 0.01162431279672681 82
1650 0.011656291383663 82.5
1660 0.01169090655058324 83
1670 0.01172931488561401 83.5
1680 0.01177239361392801 84
1690 0.01181984996411147 84.5
1700 0.0118707697322989 85
1710 0.01192438126095441 85.5
1720 0.01198081247661776 86
1730 0.0120404396671803 86.5
1740 0.01210357553922018 87
1750 0.01217010666299594 87.5
1760 0.01223984365181011 88
1770 0.01231178638907366 88.5
1780 0.01238468476984353 89
1790 0.01245720521459614 89.5
1800 0.01252812097670233 90
1810 0.0125963720263016 90.5
1820 0.01266081826588749 91
1830 0.01272064072817425 91.5
1840 0.01277544776459929 92
1850 0.01282352689886895 92.5
1860 0.01286400217631415 93
1870 0.01289661759249599 93.5
1880 0.01292144617655982 94
1890 0.01293941118343561 94.5
1900 0.01295169910454282 95
1910 0.01295870952034115 95.5
1920 0.01296069103617427 96
1930 0.01295766084764907 96.5
1940 0.01294971566446551 97
1950 0.01293486656379978 97.5
1960 0.01291111303406256 98
1970 0.01287964453973497 98.5
1980 0.01284319623928416 99
1990 0.01280304774880874 99.5
2000 0.01275856288504289 100
2010 0.01271141952200038 100.5
2020 0.01266533720707592 101
2030 0.01262289717456529 101.5
2040 0.01258725215281269 102
2050 0.01256026465629054 102.5
2060 0.01254248966588772 103
2070 0.01253364847169698 103.5
2080 0.01253192044363708 104
2090 0.0125358298469518 104.5
2100 0.01254447644677788 105
2110 0.01255743168815831 105.5
2120 0.01257423956500309 106
2130 0.01259427660037741 106.5
2140 0.01261747323911779 107
2150 0.0126440681978377 107.5
2160 0.01267421104297557 108
2170 0.01270853914884295 108.5
2180 0.01274805796913569 109
2190 0.01279365218715991 109.5
2200 0.01284499965415743 110
2210 0.01289885237354358 110.5
2220 0.01294939248590781 111
2230 0.01298755926024501 111.5
2240 0.01299989487051634 112
2250 0.01297321565719201 112.5
2260 0.01290442147456472 113
2270 0.0128021406492899 113.5
2280 0.01267961657119771 114
2290 0.01254131136621586 114.5
2300 0.01238826217186494 115
2310 0.01223169342179302 115.5
2320 0.01209176524524244 116
2330 0.01196833214250262 116.5
2340 0.01184891494635021 117
2350 0.01173485812685276 117.5
2360 0.01163053099508803 118
2370 0.01153841801444707 118.5
2380 0.01145633269855129 119
2390 0.01138288115832363 119.5
2400 0.01131507562181212 120
2410 0.01125149899428396 120.5
2420 0.01119426375367483 121
2430 0.01114639697072877 121.5
2440 0.01111147130807767 122
2450 0.01109151705564034 122.5
2460 0.01108738681044018 123
2470 0.01109943132988619 123.5
2480 0.0111276083934254 124
2490 0.01117115734470018 124.5
2500 0.01122872228875597 125
2510 0.01129883902368224 125.5
2520 0.01138151692758686 126
2530 0.01147617249828646 126.5
2540 0.01158118331522837 127
2550 0.01169409614507814 127.5
2560 0.01181151075384348 128
2570 0.01192857783655284 128.5
2580 0.01203854459544719 129
2590 0.01213415409766587 129.5
2600 0.0122087003383255 130
2610 0.01225569848309285 130.5
2620 0.01227455040974062 131
2630 0.01227142382065315 131.5
2640 0.01225502365944146 132
2650 0.0122334559683519 132.5
2660 0.01221354426038771 133
2670 0.01220114225400623 133.5
2680 0.01219717099776644 134
2690 0.01220148081029619 134.5
2700 0.01221497254335304 135
2710 0.01223737564259366 135.5
2720 0.01226803219249816 136
2730 0.01230512090334508 136.5
2740 0.01234677162668856 137
2750 0.01239116171144985 137.5
2760 0.01243679003672498 138
2770 0.01248297446747662 138.5
2780 0.0125300318361058 139
2790 0.0125785330309393 139.5
2800 0.01262921093461277 140
2810 0.01268211355789151 140.5
2820 0.0127367879481037 141
2830 0.01279252034234057 141.5
2840 0.01284805781243232 142
2850 0.01290161778702791 142.5
2860 0.01294988009534948 143
2870 0.01298741080332449 143.5
2880 0.01300520876705103 144
2890 0.01298462601911978 144.5
2900 0.01290869679813104 145
2910 0.01277993454042857 145.5
2920 0.01262829443368175 146
2930 0.0124955306647072 146.5
2940 0.0124049919699381 147
2950 0.01235654717612758 147.5
2960 0.01234155120498984 148
2970 0.01234737699168614 148.5
2980 0.01236211716681172 149
2990 0.01237842670061727 149.5
3000 0.0123939958768773 150
