0 0 0
10 1.95621026241386e-50 0.5
20 2.49539552300274e-43 1
30 7.125909149547957e-39 1.5
40 1.021459116978694e-33 2
50 1.060185279957505e-31 2.5
60 2.357500910470125e-34 3
70 5.83997739381304e-30 3.5
80 1.011911364827613e-28 4
90 1.204849199103052e-27 4.5
100 6.871155766954644e-26 5
110 1.02920358078093e-23 5.5
120 6.77184153580244e-23 6
130 1.091052559152354e-21 6.5
140 2.60713257364421e-20 7
150 2.181365713311602e-19 7.5
160 1.15276756748495e-18 8
170 3.506006062571475e-18 8.5
180 7.911487289727866e-18 9
190 7.851038862962983e-17 9.5
200 4.418965759605507e-16 10
210 1.630697374317665e-15 10.5
220 6.013888068986367e-15 11
230 1.925331588485358e-14 11.5
240 5.242216099716235e-14 12
250 1.193084349762406e-13 12.5
260 2.813669669771083e-13 13
270 6.339428270118051e-13 13.5
280 1.243650168274971e-12 14
290 2.204803872363616e-12 14.5
300 3.758202058776015e-12 15
310 6.900092909697851e-12 15.5
320 1.972564432281728e-11 16
330 8.250600298290564e-11 16.5
340 3.060742470726399e-10 17
350 9.303018608959652e-10 17.5
360 3.727550277058978e-09 18
370 1.214070297151815e-08 18.5
380 3.080829603085929e-08 19
390 6.811618353181852e-08 19.5
400 1.414380326130498e-07 20
410 2.86012788750543e-07 20.5
420 5.85074430276333e-07 21
430 1.256674153022807e-06 21.5
440 2.897795325644107e-06 22
450 6.99723955004828e-06 22.5
460 1.671299730924592e-05 23
470 3.711368151238905e-05 23.5
480 7.370386599185095e-05 24
490 0.0001300051428943485 24.5
500 0.0002071038057949034 25
510 0.0003041167875106047 25.5
520 0.0004192261844138216 26
530 0.0005496996464967971 26.5
540 0.0006912180853682576 27
550 0.0008385383559496419 27.5
560 0.0009879456193054468 28
570 0.001135410498172843 28.5
580 0.001280066445282273 29
590 0.001420562218865909 29.5
600 0.001556518995187777 30
610 0.001687392798330114 30.5
620 0.001812986927847634 31
630 0.001933775264679029 31.5
640 0.002050491126298348 32
650 0.002164480292660061 32.5
660 0.002277588228831264 33
670 0.002390096891181814 33.5
680 0.002503416796942306 34
690 0.002619382795672286 34.5
700 0.00273766756728097 35
710 0.002856980342802769 35.5
720 0.002976463012540984 36
730 0.00309480571665576 36.5
740 0.00321154775189745 37
750 0.003327079239947947 37.5
760 0.00344064166293976 38
770 0.003552792865938537 38.5
780 0.003664625927293918 39
790 0.003777936133200885 39.5
800 0.003895274510395287 40
810 0.004017553435763734 40.5
820 0.004144863575361493 41
830 0.004276214505258647 41.5
840 0.004410015063383937 42
850 0.004546015475797426 42.5
860 0.004684076551235946 43
870 0.004824394454903783 43.5
880 0.004966993924114622 44
890 0.005111152959121782 44.5
900 0.005255371578069033 45
910 0.005398457245593787 45.5
920 0.005539450028974767 46
930 0.005676291427964852 46.5
940 0.005806582912161293 47
950 0.005927584589911067 47.5
960 0.006036910139228321 48
970 0.006133028692386362 48.5
980 0.006215168485692943 49
990 0.006283798430481683 49.5
1000 0.006340273212749229 50
1010 0.006386351604143165 50.5
1020 0.006422315025932491 51
1030 0.00644808632967503 51.5
1040 0.006465251849445596 52
1050 0.0064763436478688 52.5
1060 0.006482645791824311 53
1070 0.00648467549727006 53.5
1080 0.006483731166729846 54
1090 0.00647868046177342 54.5
1100 0.00646971267344157 55
1110 0.00645872363415606 55.5
1120 0.006446678197737679 56
1130 0.006434132546391179 56.5
1140 0.006420927011071306 57
1150 0.006406231258783787 57.5
1160 0.006389515808416747 58
1170 0.006370624286608021 58.5
1180 0.006350881584678086 59
1190 0.00633242149404244 59.5
1200 0.006317172965381429 60
1210 0.006305417322605433 60.5
1220 0.006295134181853937 61
1230 0.006285001053568794 61.5
1240 0.006274267985484895 62
1250 0.006261572712153689 62.5
1260 0.006247518369625811 63
1270 0.006232175547380557 63.5
1280 0.006216357780975646 64
1290 0.006204073849637694 64.5
1300 0.006195395914987314 65
1310 0.006186809756479142 65.5
1320 0.006177255409460213 66
1330 0.006167541257320308 66.5
1340 0.006156338594030983 67
1350 0.006143336890830855 67.5
1360 0.00612594925236546 68
1370 0.006104733517044277 68.5
1380 0.006082555077284749 69
1390 0.006060620132133681 69.5
1400 0.006040597364089028 70
1410 0.006024381963731891 70.5
1420 0.006013479784676284 71
1430 0.006009271317498766 71.5
1440 0.006011988168010923 72
1450 0.006020792474552686 72.5
1460 0.006032986769486571 73
1470 0.006048100599951929 73.5
1480 0.006067294508800072 74
1490 0.006091721814567211 74.5
1500 0.006123677747450118 75
1510 0.006162237326147338 75.5
1520 0.006204345971164497 76
1530 0.006247699839345758 76.5
1540 0.006290485057171358 77
1550 0.006331317398659171 77.5
1560 0.006369585074471982 78
1570 0.006405562040230964 78.5
1580 0.006439794172944399 79
1590 0.006472137578033759 79.5
1600 0.006502766046001869 80
1610 0.006532398707378206 80.5
1620 0.006561950771385387 81
1630 0.006592229828376721 81.5
1640 0.006623352320234003 82
1650 0.00665556848825153 82.5
1660 0.0066883401004271 83
1670 0.006720992769071012 83.5
1680 0.006752132306749144 84
1690 0.006781361228530027 84.5
1700 0.006808815857242923 85
1710 0.006833635287938618 85.5
1720 0.006854993267909359 86
1730 0.006872564415159313 86.5
1740 0.006886134020275055 87
1750 0.006895485327297308 87.5
1760 0.006900904303065268 88
1770 0.006901839444583242 88.5
1780 0.006895598420021911 89
1790 0.006881686814990163 89.5
1800 0.00686181211230638 90
1810 0.006838088219957603 90.5
1820 0.006810739781130647 91
1830 0.006777248152401352 91.5
1840 0.006736138911682218 92
1850 0.006688605363499587 92.5
1860 0.006639314538169747 93
1870 0.006588396307268752 93.5
1880 0.006537447073277923 94
1890 0.006489068737420049 94.5
1900 0.006449337013959611 95
1910 0.00641777512439033 95.5
1920 0.006394770119116986 96
1930 0.006378701268325118 96.5
1940 0.006363230411796673 97
1950 0.006347175750472993 97.5
1960 0.006333098225460541 98
1970 0.006321391772321823 98.5
1980 0.006313279349401292 99
1990 0.006316175501732546 99.5
2000 0.006339187368449394 100
2010 0.00638895773879309 100.5
2020 0.006463200155860008 101
2030 0.006553540226417805 101.5
2040 0.00665263420995975 102
2050 0.006758904401814625 102.5
2060 0.006867382691834506 103
2070 0.006969148126561781 103.5
2080 0.007059497804719522 104
2090 0.007137509647311247 104.5
2100 0.007203558723753051 105
2110 0.007257423887223338 105.5
2120 0.007301598716519566 106
2130 0.00733761977827522 106.5
2140 0.007365435393616317 107
2150 0.007383932059676372 107.5
2160 0.007393275313819401 108
2170 0.0073947656382241 108.5
2180 0.007390238466692317 109
2190 0.007376065228578272 109.5
2200 0.007356868692289194 110
2210 0.0073375291537122 110.5
2220 0.007321434395812189 111
2230 0.007303636992509997 111.5
2240 0.007284314372875017 112
2250 0.007270216460756148 112.5
2260 0.007261706689600526 113
2270 0.007257023912923047 113.5
2280 0.007256172351569986 114
2290 0.007256556268158518 114.5
2300 0.007265536352701275 115
2310 0.007286793999626556 115.5
2320 0.007313763434249995 116
2330 0.007345411629057133 116.5
2340 0.007382822823161312 117
2350 0.007424725232695973 117.5
2360 0.007465124454478499 118
2370 0.007494983426710479 118.5
2380 0.007509583513369278 119
2390 0.007505946748517211 119.5
2400 0.007485469547444552 120
2410 0.007451342521161908 120.5
2420 0.007409040131347955 121
2430 0.007362637384902376 121.5
2440 0.007312987073419864 122
2450 0.007259051405411405 122.5
2460 0.007200917497768239 123
2470 0.007141292250488056 123.5
2480 0.007081693981420199 124
2490 0.007021804776766683 124.5
2500 0.006962849883816791 125
2510 0.006903652065554526 125.5
2520 0.006840858725091245 126
2530 0.006772932677717085 126.5
2540 0.006700199269550877 127
2550 0.006626272138022164 127.5
2560 0.006553705934092568 128
2570 0.006483233163501374 128.5
2580 0.006417961358534176 129
2590 0.006365585752551269 129.5
2600 0.00633076876385771 130
2610 0.006309047955430422 130.5
2620 0.006288760451793895 131
2630 0.006265065100044571 131.5
2640 0.006236433024615473 132
2650 0.006211565381706317 132.5
2660 0.006205638997946504 133
2670 0.006219004375009296 133.5
2680 0.006246890068778745 134
2690 0.006279063890737752 134.5
2700 0.006308568434832225 135
2710 0.006332592313808326 135.5
2720 0.006353689378788647 136
2730 0.006373973059239579 136.5
2740 0.00639740805898955 137
2750 0.006427109141910329 137.5
2760 0.006455477560606244 138
2770 0.006486405542528441 138.5
2780 0.00651874285430749 139
2790 0.00655058960363737 139.5
2800 0.006584738581823022 140
2810 0.00662378237719936 140.5
2820 0.006667791428944202 141
2830 0.006712744921081375 141.5
2840 0.006759798767729943 142
2850 0.006811329100616262 142.5
2860 0.00686707930592998 143
2870 0.006923289471150389 143.5
2880 0.006980611236998273 144
2890 0.007039313273661861 144.5
2900 0.00710150950302772 145
2910 0.007166683837629864 145.5
2920 0.007231919233918437 146
2930 0.007294267053984127 146.5
2940 0.007352324607658229 147
2950 0.007401137309309111 147.5
2960 0.00743648756776621 148
2970 0.007456091705732608 148.5
2980 0.007459850784512075 149
2990 0.00745132973374199 149.5
3000 0.007433008465849998 150
3010 0.007405195349671092 150.5
3020 0.007370919455341326 151
3030 0.007334532398339315 151.5
3040 0.007298179354538089 152
3050 0.007264362973111125 152.5
3060 0.007234744359265394 153
3070 0.007210824198537633 153.5
3080 0.007193433102719455 154
3090 0.007180627539858819 154.5
3100 0.007171283962892318 155
3110 0.007166131728574329 155.5
3120 0.00716506664668601 156
3130 0.007167380385700537 156.5
3140 0.007171993229522182 157
3150 0.007178154691611622 157.5
3160 0.007184884666581793 158
3170 0.007192777277151194 158.5
3180 0.007202840688372686 159
3190 0.007216317226224495 159.5
3200 0.007233418855758599 160
3210 0.007254039059223547 160.5
3220 0.007278966883241514 161
3230 0.00730747237505697 161.5
3240 0.007339751036758739 162
3250 0.007377512273143253 162.5
3260 0.007421475643740855 163
3270 0.007471708642968288 163.5
3280 0.007527981870851443 164
3290 0.007589862392805621 164.5
3300 0.007655931099536673 165
3310 0.007725614065442422 165.5
3320 0.007799205809093917 166
3330 0.007876353498149961 166.5
3340 0.007956518712222251 167
3350 0.008038759695475394 167.5
3360 0.008122097792015249 168
3370 0.008203640974610085 168.5
3380 0.008279125659775604 169
3390 0.00834471960747997 169.5
3400 0.008397168270865884 170
3410 0.008434247480345805 170.5
3420 0.008455005925130652 171
3430 0.008460395384507198 171.5
3440 0.008452353693341165 172
3450 0.008433910194092072 172.5
3460 0.008408272286817427 173
3470 0.008377409892299759 173.5
3480 0.008342361265394194 174
3490 0.008305028620930719 174.5
3500 0.008267660822270817 175
3510 0.008232811130770901 175.5
3520 0.008201396279494821 176
3530 0.008175577390910254 176.5
3540 0.008156738512510585 177
3550 0.008146742929887691 177.5
3560 0.008141958109599405 178
3570 0.008141590148335426 178.5
3580 0.008149226494071739 179
3590 0.008169404964082767 179.5
3600 0.008201540780109727 180
3610 0.008245377989152865 180.5
3620 0.008305686012191494 181
3630 0.008378938956694927 181.5
3640 0.008462150647391007 182
3650 0.008551876775834208 182.5
3660 0.008645861933601411 183
3670 0.008740405760121904 183.5
3680 0.008828725627834958 184
3690 0.008906396185774032 184.5
3700 0.008973962776430517 185
3710 0.009033963089426103 185.5
3720 0.009090012908858004 186
3730 0.009143759183908209 186.5
3740 0.00919304223016453 187
3750 0.00923257216237925 187.5
3760 0.009260406088791149 188
3770 0.009273251468025465 188.5
3780 0.009262479802740803 189
3790 0.009228153181639996 189.5
3800 0.009176526594097078 190
3810 0.00912081822659871 190.5
3820 0.009067276757048185 191
3830 0.009017879047335467 191.5
3840 0.008970683369428446 192
3850 0.008927962603802806 192.5
3860 0.008888419874386272 193
3870 0.008852441994592043 193.5
3880 0.008816704688526166 194
3890 0.008777990323645343 194.5
3900 0.00873252953796567 195
3910 0.008682695927934882 195.5
3920 0.008634212390395328 196
3930 0.008586954193728459 196.5
3940 0.008539203179980574 197
3950 0.008488497034347269 197.5
3960 0.008434557121209638 198
3970 0.008386051994206473 198.5
3980 0.008346542424638132 199
3990 0.008312654048863681 199.5
4000 0.008280825296444205 200
4010 0.008254095219792158 200.5
4020 0.008239093178635502 201
4030 0.008240374432640401 201.5
4040 0.008257313075580567 202
4050 0.008282663070530881 202.5
4060 0.00831121560794626 203
4070 0.008346068550397611 203.5
4080 0.008389892488627289 204
4090 0.008439366479837118 204.5
4100 0.008489797602093086 205
4110 0.0085364161711514 205.5
4120 0.008574657346341049 206
4130 0.00860427573932054 206.5
4140 0.00862494184348034 207
4150 0.008639097230328158 207.5
4160 0.008649287681953737 208
4170 0.00865862209264362 208.5
4180 0.008669009904838668 209
4190 0.008684135170188709 209.5
4200 0.008701481179972945 210
4210 0.008718616471070181 210.5
4220 0.008733506882238125 211
4230 0.008747478706587711 211.5
4240 0.008764267069305576 212
4250 0.008780627370416945 212.5
4260 0.008796767112871582 213
4270 0.008814080904212634 213.5
4280 0.008828860667273009 214
4290 0.008838891572640659 214.5
4300 0.008844020143764069 215
4310 0.008846952667626657 215.5
4320 0.008849624524568171 216
4330 0.008852619413025651 216.5
4340 0.008853939523691059 217
4350 0.008852347800396889 217.5
4360 0.008844489256832492 218
4370 0.00882677764091544 218.5
4380 0.008798058520013322 219
4390 0.008762432823129348 219.5
4400 0.008722810487330031 220
4410 0.008680767776079621 220.5
4420 0.008637570880184298 221
4430 0.008594177211626917 221.5
4440 0.008546648374866246 222
4450 0.008489490821059636 222.5
4460 0.008422124702360168 223
4470 0.008344845180203559 223.5
4480 0.008256350521670711 224
4490 0.008161467013969508 224.5
4500 0.008059313632506152 225
4510 0.007956065173995901 225.5
4520 0.007858577910154201 226
4530 0.007773145300278403 226.5
4540 0.007703330804821828 227
4550 0.007650824870392817 227.5
4560 0.007617955567236878 228
4570 0.007599872535786618 228.5
4580 0.007592493396721359 229
4590 0.007600404215780254 229.5
4600 0.007618696664035008 230
4610 0.007641022978452093 230.5
4620 0.007658924542745699 231
4630 0.007676778968607794 231.5
4640 0.00770159673469155 232
4650 0.007731611443607224 232.5
4660 0.007768632807112732 233
4670 0.007810395734476273 233.5
4680 0.00784524594696868 234
4690 0.007869727230432522 234.5
4700 0.007887721766959418 235
4710 0.007903423407864575 235.5
4720 0.007918832718848186 236
4730 0.00793418294643264 236.5
4740 0.007947968994775902 237
4750 0.007958283933713435 237.5
4760 0.007965659997874979 238
4770 0.007970419706376981 238.5
4780 0.007971349306026734 239
4790 0.007969297315902122 239.5
4800 0.007965529954431035 240
4810 0.007960113128003097 240.5
4820 0.007952459869104311 241
4830 0.007944141600504212 241.5
4840 0.007935174085670165 242
4850 0.00792518776044881 242.5
4860 0.007915048315163225 243
4870 0.007906823168020936 243.5
4880 0.007902000638842588 244
4890 0.007902130107846751 244.5
4900 0.007907803183162958 245
4910 0.007918402883945111 245.5
4920 0.0079340537119785 246
4930 0.007956152291507904 246.5
4940 0.007985973966216963 247
4950 0.008022247977728702 247.5
4960 0.008062633011900607 248
4970 0.008105247301727391 248.5
4980 0.00815009854248917 249
4990 0.008196140552875535 249.5
5000 0.008243326110238213 250
