0 0.210855096578598 0
10 0.2138837426900864 0.5
20 0.2127506136894226 1
30 0.2117165625095367 1.5
40 0.2117258906364441 2
50 0.2114701122045517 2.5
60 0.2108998149633408 3
70 0.2104932516813278 3.5
80 0.2104520201683044 4
90 0.2100354880094528 4.5
100 0.2092982828617096 5
110 0.2088781297206879 5.5
120 0.2087049186229706 6
130 0.2084128260612488 6.5
140 0.2088186889886856 7
150 0.2089542150497437 7.5
160 0.2091450691223145 8
170 0.2089454084634781 8.500000000000002
180 0.2087122201919556 9.000000000000002
190 0.2084813863039017 9.500000000000002
200 0.2076707482337952 10
210 0.206537663936615 10.5
220 0.2055300176143646 11
230 0.2052111923694611 11.5
240 0.205442488193512 12
250 0.2063225954771042 12.5
260 0.2071377336978912 13
270 0.2079674005508423 13.5
280 0.2086577564477921 14
290 0.2088120132684708 14.5
300 0.2085431218147278 15
310 0.2077704966068268 15.5
320 0.2070708721876144 16
330 0.2071736454963684 16.5
340 0.2077566832304001 17
350 0.208275780081749 17.5
360 0.2087278664112091 18
370 0.2092393934726715 18.5
380 0.2100989073514938 19
390 0.2108692526817322 19.5
400 0.211437314748764 20
410 0.21194127202034 20.5
420 0.2122238576412201 21
430 0.2124118059873581 21.5
440 0.2123982012271881 22
450 0.2123122215270996 22.5
460 0.2121630311012268 23
470 0.211984857916832 23.5
480 0.2120775580406189 24
490 0.2120047956705093 24.5
500 0.2118937075138092 25
510 0.2116827815771103 25.5
520 0.2114183902740479 26
530 0.2111098021268845 26.5
540 0.21063332259655 27
550 0.2098046690225601 27.5
560 0.2090532630681992 28
570 0.2086548358201981 28.5
580 0.2082198858261108 29
590 0.2077065110206604 29.5
600 0.2072669416666031 30
610 0.2071460783481598 30.5
620 0.2072250843048096 31
630 0.2074572592973709 31.5
640 0.2078662365674973 32
650 0.2083522230386734 32.5
660 0.2087682336568832 33
670 0.2089774608612061 33.5
680 0.2091339081525803 34
690 0.209163174033165 34.5
700 0.2091877013444901 35
710 0.2094133943319321 35.5
720 0.2096700817346573 36
730 0.2098564803600311 36.5
740 0.2100051194429398 37
750 0.210121676325798 37.5
760 0.2100864201784134 38
770 0.2100295573472977 38.5
780 0.2100621908903122 39
790 0.2099774926900864 39.5
800 0.2098525762557983 40
810 0.209829106926918 40.5
820 0.2098495364189148 41
830 0.2097555994987488 41.5
840 0.2097442895174026 42
850 0.2097463756799698 42.5
860 0.2097909301519394 43
870 0.2098404169082642 43.5
880 0.209920808672905 44
890 0.2099281996488571 44.5
900 0.209849938750267 45
910 0.2097556889057159 45.5
920 0.2095745503902435 46
930 0.2093602567911148 46.5
940 0.2092609405517578 47
950 0.2092981338500977 47.5
960 0.2093488425016403 48
970 0.2092580795288086 48.5
980 0.2090057730674744 49
990 0.2087731957435608 49.5
1000 0.2084069401025772 50
1010 0.2080486565828323 50.5
1020 0.2076020687818527 51
1030 0.2071155607700348 51.5
1040 0.2066489011049271 52
1050 0.2061387896537781 52.5
1060 0.2057221084833145 53
1070 0.2054195702075958 53.5
1080 0.2052554190158844 54
1090 0.2051646709442139 54.5
1100 0.2052224427461624 55
1110 0.2053479105234146 55.5
1120 0.2054623365402222 56
1130 0.2054446488618851 56.5
1140 0.2063337117433548 57
1150 0.2072895169258118 57.5
1160 0.2080038338899612 58
1170 0.2085968405008316 58.5
1180 0.2090791761875153 59
1190 0.209398165345192 59.5
1200 0.2097422629594803 60
1210 0.2100213319063187 60.5
1220 0.2102690488100052 61
1230 0.2104352712631226 61.5
1240 0.2104984372854233 62
1250 0.2104596197605133 62.5
1260 0.2103085070848465 63
1270 0.2100259512662888 63.5
1280 0.2096943110227585 64
1290 0.2094705402851105 64.5
1300 0.2094112485647202 65
1310 0.2093742042779922 65.5
1320 0.209279403090477 66
1330 0.209152027964592 66.5
1340 0.2091645002365112 67
1350 0.2092609256505966 67.5
1360 0.2091925591230392 68
1370 0.2090671807527542 68.5
1380 0.2089979648590088 69
1390 0.2089487761259079 69.5
1400 0.2088470906019211 70
1410 0.2086490094661713 70.5
1420 0.2085471451282501 71
1430 0.2086140364408493 71.5
1440 0.2087267637252808 72
1450 0.2086944282054901 72.5
1460 0.208482950925827 73
1470 0.2080477178096771 73.5
1480 0.2076577991247177 74
1490 0.2071990221738815 74.5
1500 0.2068096697330475 75
1510 0.2065432220697403 75.5
1520 0.2062462717294693 76
1530 0.206120640039444 76.5
1540 0.2060764580965042 77
1550 0.2061377018690109 77.5
1560 0.2062834203243256 78
1570 0.206519678235054 78.5
1580 0.2069476246833801 79
1590 0.2075572460889816 79.5
1600 0.2083249241113663 80
1610 0.2091142237186432 80.5
1620 0.209901824593544 81
1630 0.2107084691524506 81.5
1640 0.2114092111587524 82
1650 0.2120718657970428 82.5
1660 0.2125604599714279 83
1670 0.2129996567964554 83.5
1680 0.2132199555635452 84
1690 0.2132439464330673 84.5
1700 0.2131195217370987 85
1710 0.2129733562469482 85.5
1720 0.2129303514957428 86
1730 0.2129000723361969 86.5
1740 0.2130216211080551 87
1750 0.2130724489688873 87.5
1760 0.2131343334913254 88
1770 0.2131107002496719 88.5
1780 0.2132168710231781 89
1790 0.2135647535324097 89.5
1800 0.2138498425483704 90
1810 0.2140888571739197 90.5
1820 0.2141943573951721 91
1830 0.2143772393465042 91.5
1840 0.2145856022834778 92
1850 0.2148292809724808 92.5
1860 0.2149796783924103 93
1870 0.215052455663681 93.5
1880 0.2150404006242752 94
1890 0.2150107622146606 94.5
1900 0.2149762213230133 95
1910 0.2149295806884766 95.5
1920 0.2149167060852051 96
1930 0.2149086445569992 96.5
1940 0.2149421572685242 97
1950 0.2149774134159088 97.5
1960 0.2150241434574127 98
1970 0.2151459455490112 98.5
1980 0.2152734696865082 99
1990 0.2153596878051758 99.5
2000 0.2154441922903061 100
2010 0.2155256122350693 100.5
2020 0.2156476974487305 101
2030 0.2157263457775116 101.5
2040 0.2158041745424271 102
2050 0.2158766686916351 102.5
2060 0.2159488350152969 103
2070 0.2160224914550781 103.5
2080 0.2160548865795135 104
2090 0.2161448746919632 104.5
2100 0.216249018907547 105
2110 0.2162205874919891 105.5
2120 0.2162220627069473 106
2130 0.2162176668643951 106.5
2140 0.2162251323461533 107
2150 0.2161995619535446 107.5
2160 0.216096356511116 108
2170 0.2160435169935226 108.5
2180 0.2160637825727463 109
2190 0.216107502579689 109.5
2200 0.2161183059215546 110
2210 0.2161168158054352 110.5
2220 0.2161012142896652 111
2230 0.2159869074821472 111.5
2240 0.2160817086696625 112
2250 0.2163946479558945 112.5
2260 0.2167145311832428 113
2270 0.2170200645923615 113.5
2280 0.2172182649374008 114
2290 0.2173533737659454 114.5
2300 0.2175948917865753 115
2310 0.2176579535007477 115.5
2320 0.2176830619573593 116
2330 0.2176250517368317 116.5
2340 0.2175669521093369 117
2350 0.2174592614173889 117.5
2360 0.2172893881797791 118
2370 0.2170499414205551 118.5
2380 0.2168045192956924 119
2390 0.2164603024721146 119.5
2400 0.2160242199897766 120
2410 0.215598464012146 120.5
2420 0.2150668799877167 121
2430 0.2146091163158417 121.5
2440 0.2141478359699249 122
2450 0.2141295224428177 122.5
2460 0.2143300771713257 123
2470 0.2145815044641495 123.5
2480 0.2147618979215622 124
2490 0.2149602174758911 124.5
2500 0.2151517570018768 125
2510 0.2152622938156128 125.5
2520 0.2152833193540573 126
2530 0.2152533382177353 126.5
2540 0.2151550799608231 127
2550 0.2151286602020264 127.5
2560 0.2151739597320557 128
2570 0.2152318209409714 128.5
2580 0.2152483016252518 129
2590 0.2152716964483261 129.5
2600 0.2152114063501358 130
2610 0.2151385098695755 130.5
2620 0.2150140851736069 131
2630 0.2148234099149704 131.5
2640 0.2146211564540863 132
2650 0.2143897116184235 132.5
2660 0.2142125964164734 133
2670 0.2141085118055344 133.5
2680 0.2139274775981903 134
2690 0.2138488292694092 134.5
2700 0.2138717025518417 135
2710 0.2139005810022354 135.5
2720 0.2138721644878387 136
2730 0.2138261646032333 136.5
2740 0.2137653827667236 137
2750 0.2138481289148331 137.5
2760 0.2139773219823837 138
2770 0.2140852361917496 138.5
2780 0.2142395377159119 139
2790 0.2144442796707153 139.5
2800 0.2145963609218597 140
2810 0.2146931737661362 140.5
2820 0.2146796733140945 141
2830 0.2146921306848526 141.5
2840 0.2147781848907471 142
2850 0.2147815823554993 142.5
2860 0.2146882563829422 143
2870 0.2145043909549713 143.5
2880 0.2143377959728241 144
2890 0.2142277210950851 144.5
2900 0.2141968458890915 145
2910 0.2142631411552429 145.5
2920 0.2142970263957977 146
2930 0.2143864631652832 146.5
2940 0.2144181728363037 147
2950 0.2143965065479279 147.5
2960 0.214354008436203 148
2970 0.2143621891736984 148.5
2980 0.2143771350383759 149
2990 0.2143600881099701 149.5
3000 0.214457631111145 150
3010 0.2145038694143295 150.5
3020 0.2145664691925049 151
3030 0.2150120586156845 151.5
3040 0.215545728802681 152
3050 0.2159568220376968 152.5
3060 0.2163635790348053 153
3070 0.2166991978883743 153.5
3080 0.2169648557901382 154
3090 0.2172279506921768 154.5
3100 0.2174109369516373 155
3110 0.2175249457359314 155.5
3120 0.2175338566303253 156
3130 0.2175018191337585 156.5
3140 0.2174407094717026 157
3150 0.2173069417476654 157.5
3160 0.2170891165733337 158
3170 0.2168605774641037 158.5
3180 0.2166496813297272 159
3190 0.2163844853639603 159.5
3200 0.2161762565374374 160
3210 0.2159862965345383 160.5
3220 0.2159339338541031 161
3230 0.215945690870285 161.5
3240 0.2159287184476852 162
3250 0.2158421128988266 162.5
3260 0.2157309055328369 163
3270 0.2156835645437241 163.5
3280 0.2157138735055923 164
3290 0.2157308459281921 164.5
3300 0.2156933844089508 165
3310 0.215565487742424 165.5
3320 0.2154669314622879 166
3330 0.2153352349996567 166.5
3340 0.21517314016819 167
3350 0.2149547040462494 167.5
3360 0.2146941721439362 168
3370 0.2147350609302521 168.5
3380 0.2148542404174805 169
3390 0.214911550283432 169.5
3400 0.2148573398590088 170
3410 0.2147518396377563 170.5
3420 0.2146277725696564 171
3430 0.2145032435655594 171.5
3440 0.2143204063177109 172
3450 0.2141711115837097 172.5
3460 0.2140947878360748 173
3470 0.2140673696994781 173.5
3480 0.2139733284711838 174
3490 0.21377032995224 174.5
3500 0.2135529071092606 175
3510 0.2133368253707886 175.5
3520 0.2131465077400208 176
3530 0.2129126042127609 176.5
3540 0.2127413749694824 177
3550 0.212584525346756 177.5
3560 0.2124844342470169 178
3570 0.2124906629323959 178.5
3580 0.2125538885593414 179
3590 0.2128732204437256 179.5
3600 0.2132380306720734 180
3610 0.2135049551725388 180.5
3620 0.2136635035276413 181
3630 0.2138030678033829 181.5
3640 0.2138673216104507 182
3650 0.2138416320085526 182.5
3660 0.2138357758522034 183
3670 0.2138025760650635 183.5
3680 0.2136770039796829 184
3690 0.2134968787431717 184.5
3700 0.2133380919694901 185
3710 0.2131446450948715 185.5
3720 0.2129451036453247 186
3730 0.2127360850572586 186.5
3740 0.2125594615936279 187
3750 0.2123693376779556 187.5
3760 0.2121740132570267 188
3770 0.2120101451873779 188.5
3780 0.2118783593177795 189
3790 0.2118292897939682 189.5
3800 0.2118508368730545 190
3810 0.2119432240724564 190.5
3820 0.2120027244091034 191
3830 0.2120438069105148 191.5
3840 0.2120559811592102 192
3850 0.2120237052440643 192.5
3860 0.2119980454444885 193
3870 0.211988627910614 193.5
3880 0.2120156139135361 194
3890 0.2120116800069809 194.5
3900 0.212007001042366 195
3910 0.2120168805122375 195.5
3920 0.2120264172554016 196
3930 0.2120785266160965 196.5
3940 0.2121889442205429 197
3950 0.2122596353292465 197.5
3960 0.2122933864593506 198
3970 0.2123051434755325 198.5
3980 0.212240993976593 199
3990 0.212132453918457 199.5
4000 0.212065726518631 200
4010 0.21204873919487 200.5
4020 0.2120193541049957 201
4030 0.2120425552129745 201.5
4040 0.2121893018484116 202
4050 0.2123805731534958 202.5
4060 0.2125185877084732 203
4070 0.212612971663475 203.5
4080 0.2126700133085251 204
4090 0.2127142548561096 204.5
4100 0.2127853184938431 205
4110 0.2129355072975159 205.5
4120 0.2130295038223267 206
4130 0.2131466716527939 206.5
4140 0.2132865786552429 207
4150 0.213448092341423 207.5
4160 0.2135810852050781 208
4170 0.2137472629547119 208.5
4180 0.2138327360153198 209
4190 0.2139686346054077 209.5
4200 0.2140821367502213 210
4210 0.214183509349823 210.5
4220 0.2142609059810638 211
4230 0.2142523974180222 211.5
4240 0.214307501912117 212
4250 0.2143787294626236 212.5
4260 0.2144906222820282 213
4270 0.2145587354898453 213.5
4280 0.214626133441925 214
4290 0.2146874368190765 214.5
4300 0.2149756550788879 215
4310 0.2153113186359406 215.5
4320 0.2155930250883102 216
4330 0.215899258852005 216.5
4340 0.2162386327981949 217
4350 0.2166147232055664 217.5
4360 0.2170683741569519 218
4370 0.2174179702997208 218.5
4380 0.2176938205957413 219
4390 0.2179448902606964 219.5
4400 0.2181025743484497 220
4410 0.2182621210813522 220.5
4420 0.2183645516633987 221
4430 0.218385174870491 221.5
4440 0.2183509767055511 222
4450 0.2183664292097092 222.5
4460 0.2184255421161652 223
4470 0.2184822708368301 223.5
4480 0.218534529209137 224
4490 0.2186587601900101 224.5
4500 0.2187944650650024 225
4510 0.2189782559871674 225.5
4520 0.2191311419010162 226
4530 0.2192432880401611 226.5
4540 0.2193127274513245 227
4550 0.2193060964345932 227.5
4560 0.2192872315645218 228
4570 0.2191925048828125 228.5
4580 0.2190749049186707 229
4590 0.2189312428236008 229.5
4600 0.2187862545251846 230
4610 0.218667060136795 230.5
4620 0.2185420840978622 231
4630 0.2184103280305862 231.5
4640 0.2183067351579666 232
4650 0.2182536721229553 232.5
4660 0.2181860357522964 233
4670 0.2181733697652817 233.5
4680 0.2181416600942612 234
4690 0.2181430160999298 234.5
4700 0.2180783450603485 235
4710 0.2180562317371368 235.5
4720 0.2180595099925995 236
4730 0.2180719524621964 236.5
4740 0.2181091010570526 237
4750 0.2181145995855331 237.5
4760 0.2180542945861816 238
4770 0.2180397510528564 238.5
4780 0.2180352658033371 239
4790 0.2181336730718613 239.5
4800 0.2182080298662186 240
4810 0.2182464450597763 240.5
4820 0.2182388156652451 241
4830 0.2182102203369141 241.5
4840 0.2181795090436935 242
4850 0.218201145529747 242.5
4860 0.2182650566101074 243
4870 0.2184461951255798 243.5
4880 0.2186226695775986 244
4890 0.2186828553676605 244.5
4900 0.2186387181282043 245
4910 0.218520849943161 245.5
4920 0.2184107005596161 246
4930 0.2183708995580673 246.5
4940 0.2183237820863724 247
4950 0.2182653546333313 247.5
4960 0.2182326316833496 248
4970 0.2182382792234421 248.5
4980 0.2182344198226929 249
4990 0.2182548046112061 249.5
5000 0.2182702422142029 250
