0 0 0
0 0 0
10 8.92179626199688e-06 0.5
20 1.789080616599829e-05 1
30 2.685883640156833e-05 1.5
40 3.581789880315611e-05 2
50 4.477108893077465e-05 2.5
60 5.371676426086934e-05 3
70 6.265124928569768e-05 3.5
80 7.157363265841898e-05 4
90 8.048615441049741e-05 4.5
100 8.938644775587659e-05 5
110 9.827434990882178e-05 5.5
120 0.0001071452337344459 6
130 0.0001159999542563947 6.5
140 0.0001248402592221107 7
150 0.0001336692887261705 7.5
160 0.0001424942526675504 8
170 0.0001513185279775643 8.5
180 0.0001601414636498225 9
190 0.000168959618063122 9.5
200 0.0001777796465155335 10
210 0.0001865944190932169 10.5
220 0.0001954006676073811 11
230 0.000204192131315912 11.5
240 0.0002129655563968592 12
250 0.000221710671811569 12.5
260 0.0002304123973236921 13
270 0.000239061446785052 13.5
280 0.0002476392266921478 14
290 0.0002561238835562317 14.5
300 0.0002645034526585241 15
310 0.0002727814511438919 15.5
320 0.0002809775398044424 16
330 0.000289119283362186 16.5
340 0.0002972309433216055 17
350 0.0003053251441741771 17.5
360 0.0003134099423852139 18
370 0.0003214908168894133 18.5
380 0.0003295703462020392 19
390 0.0003376473852721747 19.5
400 0.0003457127627016339 20
410 0.0003537540868674414 20.5
420 0.0003617507870445142 21
430 0.000369671654089531 21.5
440 0.0003774836684976256 22
450 0.000385163685805721 22.5
460 0.0003927070849372326 23
470 0.0004001279773141466 23.5
480 0.0004074485173241908 24
490 0.0004146952999091912 24.5
500 0.0004218879624255405 25
510 0.0004290361169037283 25.5
520 0.0004361344335558487 26
530 0.0004431696585186044 26.5
540 0.0004501213325700865 27
550 0.0004569633884986013 27.5
560 0.0004636687282776138 28
570 0.0004702079375362111 28.5
580 0.0004765628919359325 29
590 0.0004827278034188335 29.5
600 0.0004886983331956623 30
610 0.0004944693166489843 30.5
620 0.0005000435726177416 31
630 0.0005054434831066887 31.5
640 0.0005106938239308953 32
650 0.0005158253229178168 32.5
660 0.0005208664637592692 33
670 0.0005258243306820352 33.5
680 0.0005306967528695934 34
690 0.0005354836557091393 34.5
700 0.0005401981295726166 35
710 0.00054486521890984 35.5
720 0.0005494920232690863 36
730 0.0005540735878638263 36.5
740 0.0005585998163551572 37
750 0.0005630630075603568 37.5
760 0.0005674519525535806 38
770 0.0005717651967686479 38.5
780 0.0005760123220616118 39
790 0.0005802047094611737 39.5
800 0.0005843522947771423 40
810 0.0005884655663316034 40.5
820 0.0005925559585052414 41
830 0.0005966305510787617 41.5
840 0.0006006898235780228 42
850 0.0006047364333118165 42.5
860 0.0006087642527201162 43
870 0.0006127684722232254 43.5
880 0.00061673898357983 44
890 0.0006206675951006692 44.5
900 0.0006245478186866042 45
910 0.0006283580082335119 45.5
920 0.0006320674379092739 46
930 0.0006356524172044458 46.5
940 0.0006390997254667731 47
950 0.000642400926798524 47.5
960 0.0006455589397317856 48
970 0.0006485797753389207 48.5
980 0.0006514745852778726 49
990 0.0006542644844599619 49.5
1000 0.0006569818185365042 50
1010 0.0006596549213776021 50.5
1020 0.0006622996942517951 51
1030 0.0006649187731559124 51.5
1040 0.0006675100985510371 52
1050 0.0006700607307235923 52.5
1060 0.00067258016223177 53
1070 0.0006750920226492136 53.5
1080 0.0006776027930491354 54
1090 0.0006801094899691828 54.5
1100 0.0006825912902663614 55
1110 0.0006850196215119568 55.5
1120 0.0006873747526926838 56
1130 0.0006896465272396724 56.5
1140 0.0006918407528470174 57
1150 0.0006939721691620736 57.5
1160 0.0006960607553416162 58
1170 0.0006981219540876713 58.5
1180 0.0007001601622431703 59
1190 0.0007021663240077208 59.5
1200 0.000704129224649069 60
1210 0.0007060420673028302 60.5
1220 0.000707902557415119 61
1230 0.0007097237015986811 61.5
1240 0.0007115109934212594 62
1250 0.0007132582318009815 62.5
1260 0.0007149669581129739 63
1270 0.0007166409348567734 63.5
1280 0.0007182797254811643 64
1290 0.0007198863807175092 64.5
1300 0.0007214610037668946 65
1310 0.0007229972950546377 65.5
1320 0.0007244882152613817 66
1330 0.0007259310231700404 66.5
1340 0.0007273227214953891 67
1350 0.000728661695557901 67.5
1360 0.000729951307296954 68
1370 0.0007311959938912127 68.5
1380 0.000732400798271216 69
1390 0.0007335663978979375 69.5
1400 0.0007347068991222118 70
1410 0.0007358217125771071 70.5
1420 0.0007368891539923822 71
1430 0.0007379002110633388 71.5
1440 0.0007388646045772476 72
1450 0.000739794922996947 72.5
1460 0.0007406956518615732 73
1470 0.0007415503560080739 73.5
1480 0.0007423224480751225 74
1490 0.0007429780780760708 74.5
1500 0.0007434973344890133 75
1510 0.0007438738797067866 75.5
1520 0.0007441098770852546 76
1530 0.0007442213430469244 76.5
1540 0.0007442409433959619 77
1550 0.0007442218491924824 77.5
1560 0.0007442375517945992 78
1570 0.0007443604684418643 78.5
1580 0.0007446390408935074 79
1590 0.0007450614794541332 79.5
1600 0.0007455862856919492 80
1610 0.0007461713842600899 80.5
1620 0.0007467875607490729 81
1630 0.0007474146503694344 81.5
1640 0.0007480264986175561 82
1650 0.0007486029494001 82.5
1660 0.0007491224639331717 83
1670 0.0007495663578132564 83.5
1680 0.0007499272647511851 84
1690 0.0007502139039097738 84.5
1700 0.0007504348898806807 85
1710 0.0007505955198404535 85.5
1720 0.0007506974463866167 86
1730 0.0007507537028630919 86.5
1740 0.0007507851120579461 87
1750 0.0007508146318432348 87.5
1760 0.0007508628208241623 88
1770 0.0007509527086918452 88.5
1780 0.0007511140078846059 89
1790 0.0007513892367084909 89.5
1800 0.0007518114032088264 90
1810 0.0007523865686048744 90.5
1820 0.0007530904659414738 91
1830 0.0007538860821458815 91.5
1840 0.0007547343084482645 92
1850 0.0007555929436915398 92.5
1860 0.0007564317752354535 93
1870 0.0007572417399348295 93.5
1880 0.0007580234482791073 94
1890 0.0007587692807863479 94.5
1900 0.0007594679402652919 95
1910 0.000760091433742092 95.5
1920 0.0007606281868767076 96
1930 0.0007610788435886613 96.5
1940 0.0007614467128547301 97
1950 0.0007617445821954153 97.5
1960 0.000761991821616273 98
1970 0.0007622088785260312 98.5
1980 0.0007624167342804377 99
1990 0.000762634785445777 99.5
2000 0.0007628697350654298 100
2010 0.0007631280067659599 100.5
2020 0.0007634298288728603 101
2030 0.0007637917847406766 101.5
2040 0.0007642134768151999 102
2050 0.000764681675236751 102.5
2060 0.0007651796789237594 103
2070 0.0007656850049192599 103.5
2080 0.0007661717024453289 104
2090 0.0007666151898338648 104.5
2100 0.0007670003847145005 105
2110 0.0007673160653096762 105.5
2120 0.0007675597004917349 106
2130 0.0007677247145409368 106.5
2140 0.0007678020733364665 107
2150 0.0007677986196068044 107.5
2160 0.0007677479014318781 108
2170 0.0007676862742731505 108.5
2180 0.000767623614461891 109
2190 0.0007675661360772199 109.5
2200 0.0007675041667847146 110
2210 0.000767420294122866 110.5
2220 0.0007672864487175851 111
2230 0.0007670824380571624 111.5
2240 0.0007668039955279103 112
2250 0.000766461112265224 112.5
2260 0.0007660740156534443 113
2270 0.0007656773741715301 113.5
2280 0.0007653093220284543 114
2290 0.0007649944373780038 114.5
2300 0.0007647474528703348 115
2310 0.0007645629151668758 115.5
2320 0.0007644148488421242 116
2330 0.0007642871301352024 116.5
2340 0.0007641733865526301 117
2350 0.0007640789331284812 117.5
2360 0.0007640099066928965 118
2370 0.0007639665611010435 118.5
2380 0.0007639431185606705 119
2390 0.0007639341254269129 119.5
2400 0.0007639403916816032 120
2410 0.00076395836047977 120.5
2420 0.0007639809367605792 121
2430 0.0007640056670171235 121.5
2440 0.0007640314166269286 122
2450 0.0007640454819157373 122.5
2460 0.000764044866011617 123
2470 0.0007640399998441938 123.5
2480 0.0007640427842003477 124
2490 0.0007640655541630674 124.5
2500 0.0007641076101833201 125
2510 0.0007641591482373206 125.5
2520 0.0007642157363926398 126
2530 0.0007642693186290944 126.5
2540 0.0007643057877185632 127
2550 0.0007643168359539057 127.5
2560 0.000764313731280835 128
2570 0.0007643228350295477 128.5
2580 0.0007643717404547105 129
2590 0.000764464580395914 129.5
2600 0.0007645847632776103 130
2610 0.0007647183379274323 130.5
2620 0.00076483864316911 131
2630 0.0007649160810610273 131.5
2640 0.0007649179492355538 132
2650 0.0007648157404359128 132.5
2660 0.0007645940577237781 133
2670 0.0007642619946771897 133.5
2680 0.0007638565928736613 134
2690 0.000763422111936393 134.5
2700 0.0007629846893663099 135
2710 0.0007625580603249248 135.5
2720 0.000762155225703474 136
2730 0.0007617978491587615 136.5
2740 0.0007615153242104832 137
2750 0.0007613192532872632 137.5
2760 0.0007611972976449035 138
2770 0.0007611238130189739 138.5
2780 0.0007610832533385184 139
2790 0.0007610736920249836 139.5
2800 0.0007610982725363539 140
2810 0.000761151012135395 140.5
2820 0.0007612147269243849 141
2830 0.00076126789515043 141.5
2840 0.0007612908497543676 142
2850 0.0007612757824639092 142.5
2860 0.0007612206854845899 143
2870 0.0007611325712221661 143.5
2880 0.0007610287193175868 144
2890 0.0007609240815236527 144.5
2900 0.0007608212480965492 145
2910 0.0007607223752877086 145.5
2920 0.000760633832581173 146
2930 0.0007605620777837401 146.5
2940 0.0007605211090689686 147
2950 0.0007605314047020594 147.5
2960 0.0007606114473138796 148
2970 0.0007607594689145506 148.5
2980 0.0007609652400560076 149
2990 0.0007612220857863798 149.5
3000 0.0007615327776433791 150
3010 0.000761900750690297 150.5
3020 0.0007623365593036392 151
3030 0.0007628438408521887 151.5
3040 0.0007634201188334216 152
3050 0.0007640593551913619 152.5
3060 0.0007647534481277828 153
3070 0.0007654770520783967 153.5
3080 0.0007661962109532047 154
3090 0.0007668732617233088 154.5
3100 0.0007674792290945442 155
3110 0.0007680119142879201 155.5
3120 0.0007684765570349743 156
3130 0.0007688790867823175 156.5
3140 0.0007692277724675854 157
3150 0.0007695246629609947 157.5
3160 0.0007697759614774494 158
3170 0.0007699866272322297 158.5
3180 0.0007701537925282168 159
3190 0.0007702600121820343 159.5
3200 0.0007702900695500974 160
3210 0.000770245650069893 160.5
3220 0.0007701515276506378 161
3230 0.0007700326553774447 161.5
3240 0.0007699064605580209 162
3250 0.0007697790189388194 162.5
3260 0.000769654242378949 163
3270 0.0007695240488226287 163.5
3280 0.0007693716664338892 164
3290 0.0007691892954398649 164.5
3300 0.0007689776985913363 165
3310 0.0007687447610655936 165.5
3320 0.0007685000744461293 166
3330 0.0007682464406479961 166.5
3340 0.0007679781905934442 167
3350 0.0007676891660765312 167.5
3360 0.000767385521330185 168
3370 0.0007670863223725555 168.5
3380 0.0007667931780008227 169
3390 0.0007664923122836945 169.5
3400 0.0007661577980765431 170
3410 0.000765769457600145 170.5
3420 0.0007653089326830652 171
3430 0.0007647596512460567 171.5
3440 0.000764120978574775 172
3450 0.0007634194823516163 172.5
3460 0.0007626922759831578 173
3470 0.0007619524630610037 173.5
3480 0.0007611785873036893 174
3490 0.0007603272087448438 174.5
3500 0.0007593515755743587 175
3510 0.0007582075285126312 175.5
3520 0.0007568698812428764 176
3530 0.0007553484608247692 176.5
3540 0.0007537084098718831 177
3550 0.0007520787528743068 177.5
3560 0.000750609161620672 178
3570 0.0007494083193394645 178.5
3580 0.0007484675750071154 179
3590 0.0007477171673964837 179.5
3600 0.0007471062524031491 180
3610 0.0007465810992255235 180.5
3620 0.0007460987621625847 181
3630 0.0007456396163926692 181.5
3640 0.0007451876019554082 182
3650 0.0007447270655251542 182.5
3660 0.0007442690000499081 183
3670 0.0007438534598653446 183.5
3680 0.000743531624732448 184
3690 0.000743341169212496 184.5
3700 0.0007432930978099831 185
3710 0.0007433857421704675 185.5
3720 0.0007436160933841405 186
3730 0.0007439765071027657 186.5
3740 0.0007444518997186202 187
3750 0.0007450245085882717 187.5
3760 0.0007456645428248819 188
3770 0.000746340200853079 188.5
3780 0.0007470224069658433 189
3790 0.0007476840521278988 189.5
3800 0.000748300807968938 190
3810 0.000748850910053331 190.5
3820 0.0007493216118377599 191
3830 0.0007497031947374031 191.5
3840 0.0007499930995694579 192
3850 0.0007502113269360388 192.5
3860 0.0007503844688629285 193
3870 0.0007505379564952074 193.5
3880 0.0007506982823728394 194
3890 0.0007508957855468309 194.5
3900 0.0007511604591787717 195
3910 0.0007515122933710753 195.5
3920 0.0007519508027053208 196
3930 0.0007524525232921214 196.5
3940 0.0007529975991456122 197
3950 0.0007535613249255934 197.5
3960 0.0007541148811090116 198
3970 0.0007546331536273721 198.5
3980 0.0007550926054201787 199
3990 0.0007554850806664674 199.5
4000 0.0007558091768684513 200
4010 0.0007560556855800674 200.5
4020 0.0007562096434592808 201
4030 0.0007562714756439683 201.5
4040 0.0007562630653041394 202
4050 0.000756211689317842 202.5
4060 0.0007561440971160908 203
4070 0.0007560872842201033 203.5
4080 0.0007560505330324249 204
4090 0.0007560166558277975 204.5
4100 0.0007559807180637606 205
4110 0.0007559605684345304 205.5
4120 0.000755995528515606 206
4130 0.000756129000529265 206.5
4140 0.0007563772114080297 207
4150 0.0007567250032045354 207.5
4160 0.0007571403941002703 208
4170 0.0007575865659798431 208.5
4180 0.0007580272333188816 209
4190 0.0007584424385625228 209.5
4200 0.0007588252864013626 210
4210 0.0007591795615552597 210.5
4220 0.0007595172147810631 211
4230 0.0007598431449561523 211.5
4240 0.0007601577646500597 212
4250 0.0007604507352978583 212.5
4260 0.000760710110191743 213
4270 0.0007609285305125528 213.5
4280 0.0007611148232490968 214
4290 0.0007612860952848467 214.5
4300 0.0007614604419153471 215
4310 0.0007616552117259188 215.5
4320 0.0007618845112623308 216
4330 0.0007621757544822042 216.5
4340 0.0007625556284607059 217
4350 0.00076304760456102 217.5
4360 0.000763659285447026 218
4370 0.0007643769039640143 218.5
4380 0.0007651799839370773 219
4390 0.0007660376100466114 219.5
4400 0.0007669167505052631 220
4410 0.0007677837754381018 220.5
4420 0.000768614205015525 221
4430 0.0007693960505714331 221.5
4440 0.0007701116778224757 222
4450 0.0007707491102118192 222.5
4460 0.0007712969741524128 223
4470 0.0007717535479968606 223.5
4480 0.0007721360121946024 224
4490 0.0007724760897098369 224.5
4500 0.0007727938746957215 225
4510 0.0007730832232849519 225.5
4520 0.0007733202388242415 226
4530 0.0007734815027767876 226.5
4540 0.0007735637809118488 227
4550 0.0007735763155204827 227.5
4560 0.0007735380410359599 228
4570 0.0007734687277577903 228.5
4580 0.0007733859683143716 229
4590 0.0007733068097992629 229.5
4600 0.0007732432687410665 230
4610 0.0007732012380358531 230.5
4620 0.0007731846997683568 231
4630 0.0007731977407337718 231.5
4640 0.0007732548706078996 232
4650 0.0007733715228680196 232.5
4660 0.0007735414901558472 233
4670 0.0007737413498233632 233.5
4680 0.0007739402737723304 234
4690 0.0007741168861078458 234.5
4700 0.0007742644722156572 235
4710 0.0007743956238211715 235.5
4720 0.0007745209631097368 236
4730 0.0007746424917206006 236.5
4740 0.0007747528492401854 237
4750 0.0007748499611398476 237.5
4760 0.0007749407951087779 238
4770 0.0007750308452458266 238.5
4780 0.0007751236840646017 239
4790 0.0007752298418082701 239.5
4800 0.000775358062400885 240
4810 0.0007755133240582279 240.5
4820 0.000775691544895937 241
4830 0.0007758818173600967 241.5
4840 0.0007760775308852374 242
4850 0.000776253364152745 242.5
4860 0.0007763800908900403 243
4870 0.0007764472843593591 243.5
4880 0.0007764675759675966 244
4890 0.0007764580767263197 244.5
4900 0.0007764323606258154 245
4910 0.0007763986370004359 245.5
4920 0.0007763628662061698 246
4930 0.000776335664166742 246.5
4940 0.000776325527311375 247
4950 0.0007763378633912806 247.5
4960 0.0007763739344303471 248
4970 0.0007764321034043942 248.5
4980 0.0007765196915299125 249
4990 0.0007766411067974972 249.5
5000 0.0007767894435040476 250
