0 0 0
10 4.434058991070897e-17 0.5
20 9.794246576960708e-13 1
30 7.230571141825237e-10 1.5
40 5.625843968459776e-08 2
50 1.078878085536417e-06 2.5
60 1.151556534750853e-05 3
70 6.765245052520186e-05 3.5
80 0.0002527915348764509 4
90 0.0006023473106324673 4.5
100 0.001029754872433841 5
110 0.001834827940911055 5.5
120 0.003037439892068505 6
130 0.00441729836165905 6.5
140 0.006807992700487375 7
150 0.01192830223590136 7.5
160 0.01609148271381855 8
170 0.01746876165270805 8.5
180 0.01765170320868492 9
190 0.01673108898103237 9.5
200 0.01597764529287815 10
210 0.01894061081111431 10.5
220 0.02016719803214073 11
230 0.02103161066770554 11.5
240 0.02115906029939651 12
250 0.02284845896065235 12.5
260 0.02555100060999393 13
270 0.02570255845785141 13.5
280 0.02084664814174175 14
290 0.02036485262215137 14.5
300 0.01994950138032436 15
310 0.01851606741547585 15.5
320 0.01793027296662331 16
330 0.01749986410140991 16.5
340 0.01709380000829697 17
350 0.01676244474947453 17.5
360 0.01732361689209938 18
370 0.02018480189144611 18.5
380 0.02306957542896271 19
390 0.02521121501922607 19.5
400 0.0265906248241663 20
410 0.02730688266456127 20.5
420 0.02724548056721687 21
430 0.02798848226666451 21.5
440 0.02870448492467403 22
450 0.02887633629143238 22.5
460 0.02930423617362976 23
470 0.02953614853322506 23.5
480 0.02889796532690525 24
490 0.02797713316977024 24.5
500 0.02862611599266529 25
510 0.02747083082795143 25.5
520 0.02689003385603428 26
530 0.02581597492098808 26.5
540 0.02544799819588661 27
550 0.02605319581925869 27.5
560 0.02704974077641964 28
570 0.02624930627644062 28.5
580 0.02466506883502007 29
590 0.02317471615970135 29.5
600 0.02229353971779346 30
610 0.02175270020961761 30.5
620 0.02194719202816486 31
630 0.02208477444946766 31.5
640 0.02215925231575966 32
650 0.02217953465878963 32.5
660 0.02204198762774467 33
670 0.02142073400318623 33.5
680 0.02068471349775791 34
690 0.02064347267150879 34.5
700 0.02051222510635853 35
710 0.02029461413621902 35.5
720 0.01986169070005417 36
730 0.01927347853779793 36.5
740 0.01873240619897842 37
750 0.01869629882276058 37.5
760 0.01899941638112068 38
770 0.01948011480271816 38.5
780 0.01994343660771847 39
790 0.02019342221319675 39.5
800 0.01994357816874981 40
810 0.01927711442112923 40.5
820 0.01830972544848919 41
830 0.01824321039021015 41.5
840 0.01811634935438633 42
850 0.01784203015267849 42.5
860 0.01741601154208183 43
870 0.01705125160515308 43.5
880 0.01694783940911293 44
890 0.01685427874326706 44.5
900 0.01672772318124771 45
910 0.01652692258358002 45.5
920 0.01894164085388184 46
930 0.0218532495200634 46.5
940 0.02380144782364368 47
950 0.02453736960887909 47.5
960 0.02435767650604248 48
970 0.02573810517787933 48.5
980 0.02640067227184772 49
990 0.0268118716776371 49.5
1000 0.02806247025728226 50
1010 0.02885080128908157 50.5
1020 0.02831916883587837 51
1030 0.02651558071374893 51.5
1040 0.02581418491899967 52
1050 0.02443513087928295 52.5
1060 0.02234327606856823 53
1070 0.02280117943882942 53.5
1080 0.02090737037360668 54
1090 0.02213046327233315 54.5
1100 0.0222160816192627 55
1110 0.02209820970892906 55.5
1120 0.02216201089322567 56
1130 0.02168319374322891 56.5
1140 0.02112411521375179 57
1150 0.02052671648561954 57.5
1160 0.01958602853119373 58
1170 0.01880168356001377 58.5
1180 0.01869924180209637 59
1190 0.01878087595105171 59.5
1200 0.01871385984122753 60
1210 0.01844554021954536 60.5
1220 0.0183857399970293 61
1230 0.01798258721828461 61.5
1240 0.01783032529056072 62
1250 0.01744904741644859 62.5
1260 0.01771521009504795 63
1270 0.0174353364855051 63.5
1280 0.01699673198163509 64
1290 0.01737669110298157 64.5
1300 0.01868581958115101 65
1310 0.01984878815710545 65.5
1320 0.02034477330744267 66
1330 0.02011332288384438 66.5
1340 0.01989115215837955 67
1350 0.02036838792264462 67.5
1360 0.02244020439684391 68
1370 0.02287984453141689 68.5
1380 0.02312415279448032 69
1390 0.02345342561602592 69.5
1400 0.0228255745023489 70
1410 0.02234935574233532 70.5
1420 0.02149915508925915 71
1430 0.02118426561355591 71.5
1440 0.02093118987977505 72
1450 0.01982566155493259 72.5
1460 0.02041389048099518 73
1470 0.02167714387178421 73.5
1480 0.02212030999362469 74
1490 0.02206264063715935 74.5
1500 0.02152410894632339 75
1510 0.02082537300884724 75.5
1520 0.02017752267420292 76
1530 0.02006220072507858 76.5
1540 0.01951002888381481 77
1550 0.01842588558793068 77.5
1560 0.01729026809334755 78
1570 0.01603366620838642 78.5
1580 0.01622411422431469 79
1590 0.01627489551901817 79.5
1600 0.01599513553082943 80
1610 0.01650965586304665 80.5
1620 0.01721472479403019 81
1630 0.0178199727088213 81.5
1640 0.01840138249099255 82
1650 0.02015167847275734 82.5
1660 0.02184463292360306 83
1670 0.02331641502678394 83.5
1680 0.02471220679581165 84
1690 0.02616267278790474 84.5
1700 0.02904179506003857 85
1710 0.03228895738720894 85.5
1720 0.03357774391770363 86
1730 0.03338006138801575 86.5
1740 0.03282695263624191 87
1750 0.03214474022388458 87.5
1760 0.03066114149987698 88
1770 0.02574965357780457 88.5
1780 0.0244787223637104 89
1790 0.02456913888454437 89.5
1800 0.02387420646846294 90
1810 0.02285825274884701 90.5
1820 0.02297323755919933 91
1830 0.02246890217065811 91.5
1840 0.02196434512734413 92
1850 0.02177217975258827 92.5
1860 0.02197651937603951 93
1870 0.02242787927389145 93.5
1880 0.02279402129352093 94
1890 0.02284123376011848 94.5
1900 0.02258989587426186 95
1910 0.02195379696786404 95.5
1920 0.02092677541077137 96
1930 0.02067090198397636 96.5
1940 0.01999715343117714 97
1950 0.01946284063160419 97.5
1960 0.01904323138296604 98
1970 0.01866484060883522 98.5
1980 0.01826224476099014 99
1990 0.01783778145909309 99.5
2000 0.01748602092266083 100
2010 0.0178000945597887 100.5
2020 0.01771191321313381 101
2030 0.01769140735268593 101.5
2040 0.01729884929955006 102
2050 0.01662262342870235 102.5
2060 0.01633579097688198 103
2070 0.01620252802968025 103.5
2080 0.0162388551980257 104
2090 0.01619467884302139 104.5
2100 0.01608863845467567 105
2110 0.01587304100394249 105.5
2120 0.01560936216264963 106
2130 0.01537752151489258 106.5
2140 0.01603175140917301 107
2150 0.01679119467735291 107.5
2160 0.01698365621268749 108
2170 0.01741957105696201 108.5
2180 0.01757723465561867 109
2190 0.01688635163009167 109.5
2200 0.01719913817942142 110
2210 0.01706244610249996 110.5
2220 0.01740036346018314 111
2230 0.0172639936208725 111.5
2240 0.01678563468158245 112
2250 0.01629514992237091 112.5
2260 0.01601171493530273 113
2270 0.01587036624550819 113.5
2280 0.01556339114904404 114
2290 0.01546228863298893 114.5
2300 0.01537237782031298 115
2310 0.01772552914917469 115.5
2320 0.02143272012472153 116
2330 0.02543497644364834 116.5
2340 0.02789352647960186 117
2350 0.02780604548752308 117.5
2360 0.02773432433605194 118
2370 0.02679417468607426 118.5
2380 0.02522226236760616 119
2390 0.02406132407486439 119.5
2400 0.02301772683858871 120
2410 0.02127180434763432 120.5
2420 0.01861235871911049 121
2430 0.01680107042193413 121.5
2440 0.01614009775221348 122
2450 0.01601402461528778 122.5
2460 0.01589590311050415 123
2470 0.0159322265535593 123.5
2480 0.0159493051469326 124
2490 0.01606523431837559 124.5
2500 0.01641196943819523 125
2510 0.01695442944765091 125.5
2520 0.01764190010726452 126
2530 0.01834771037101746 126.5
2540 0.01887985691428185 127
2550 0.01924371346831322 127.5
2560 0.01948844641447067 128
2570 0.01965276338160038 128.5
2580 0.01972772739827633 129
2590 0.01954172365367413 129.5
2600 0.01848165318369865 130
2610 0.01898808218538761 130.5
2620 0.01923193037509918 131
2630 0.01920691505074501 131.5
2640 0.01946203596889973 132
2650 0.0209080558270216 132.5
2660 0.02308900468051434 133
2670 0.02510794065892696 133.5
2680 0.02775527164340019 134
2690 0.02892129123210907 134.5
2700 0.02615825459361076 135
2710 0.02521441131830215 135.5
2720 0.02471088245511055 136
2730 0.02277451753616333 136.5
2740 0.02094529196619987 137
2750 0.02118927799165249 137.5
2760 0.02196840941905975 138
2770 0.02258101664483547 138.5
2780 0.02241212502121925 139
2790 0.02046405337750912 139.5
2800 0.02066666074097157 140
2810 0.02039394900202751 140.5
2820 0.01986070722341537 141
2830 0.02110586874186993 141.5
2840 0.02195577509701252 142
2850 0.02206487022340298 142.5
2860 0.0217584203928709 143
2870 0.0222834087908268 143.5
2880 0.02372963726520538 144
2890 0.02595873922109604 144.5
2900 0.02834325470030308 145
2910 0.03005061484873295 145.5
2920 0.03119058720767498 146
2930 0.0317956805229187 146.5
2940 0.03233692795038223 147
2950 0.03336229547858238 147.5
2960 0.0338842011988163 148
2970 0.0327206552028656 148.5
2980 0.03105863742530346 149
2990 0.02601933106780052 149.5
3000 0.02231487631797791 150
3010 0.01999698206782341 150.5
3020 0.01876259408891201 151
3030 0.01813351549208164 151.5
3040 0.01806585118174553 152
3050 0.0186366681009531 152.5
3060 0.01926928013563156 153
3070 0.020061070099473 153.5
3080 0.02024027891457081 154
3090 0.02040272951126099 154.5
3100 0.02004803903400898 155
3110 0.0188011284917593 155.5
3120 0.01732143759727478 156
3130 0.01711115427315235 156.5
3140 0.01713692955672741 157
3150 0.01711204089224339 157.5
3160 0.01698209717869759 158
3170 0.01708289235830307 158.5
3180 0.01700908504426479 159
3190 0.01662049256265163 159.5
3200 0.01605531387031078 160
3210 0.01600886695086956 160.5
3220 0.01593492738902569 161
3230 0.01608151011168957 161.5
3240 0.01752658747136593 162
3250 0.01956690475344658 162.5
3260 0.02102363295853138 163
3270 0.02261804789304733 163.5
3280 0.02337858453392982 164
3290 0.0233394056558609 164.5
3300 0.02209187857806683 165
3310 0.02176204510033131 165.5
3320 0.02212908491492271 166
3330 0.02297854050993919 166.5
3340 0.02388784475624561 167
3350 0.0246764849871397 167.5
3360 0.02527127973735332 168
3370 0.02569503523409367 168.5
3380 0.02582097426056862 169
3390 0.02556260675191879 169.5
3400 0.02496403269469738 170
3410 0.02414040081202984 170.5
3420 0.0233615729957819 171
3430 0.02254569157958031 171.5
3440 0.02186514995992184 172
3450 0.02163254469633102 172.5
3460 0.02159111574292183 173
3470 0.02163010463118553 173.5
3480 0.02120718732476234 174
3490 0.01956329867243767 174.5
3500 0.01935170777142048 175
3510 0.01984255202114582 175.5
3520 0.01998309604823589 176
3530 0.01981972344219685 176.5
3540 0.0196189247071743 177
3550 0.01964379288256168 177.5
3560 0.01973195560276508 178
3570 0.02120640501379967 178.5
3580 0.021883899345994 179
3590 0.02198268286883831 179.5
3600 0.02214526757597923 180
3610 0.02151249349117279 180.5
3620 0.01990401186048985 181
3630 0.01933575794100761 181.5
3640 0.0187296736985445 182
3650 0.01838856935501099 182.5
3660 0.01799880713224411 183
3670 0.01788869313895702 183.5
3680 0.01788738556206226 184
3690 0.01789170689880848 184.5
3700 0.017887307330966 185
3710 0.01786105148494244 185.5
3720 0.01780499517917633 186
3730 0.01770696416497231 186.5
3740 0.01755297370254993 187
3750 0.01733247935771942 187.5
3760 0.01731269061565399 188
3770 0.01732038147747517 188.5
3780 0.01728404685854912 189
3790 0.01721491664648056 189.5
3800 0.01711251959204674 190
3810 0.01698656752705574 190.5
3820 0.016840735450387 191
3830 0.01667799428105354 191.5
3840 0.01650139875710011 192
3850 0.01635882817208767 192.5
3860 0.01630878448486328 193
3870 0.0162519533187151 193.5
3880 0.01618585363030434 194
3890 0.01611546240746975 194.5
3900 0.01601513475179672 195
3910 0.01668534800410271 195.5
3920 0.01715335063636303 196
3930 0.01772097311913967 196.5
3940 0.01803809776902199 197
3950 0.01801386103034019 197.5
3960 0.01782196015119553 198
3970 0.01756180636584759 198.5
3980 0.01750517264008522 199
3990 0.01737297512590885 199.5
4000 0.01717121340334415 200
4010 0.01707724668085575 200.5
4020 0.01753128133714199 201
4030 0.01854611933231354 201.5
4040 0.0193756278604269 202
4050 0.02170045301318169 202.5
4060 0.02362947911024094 203
4070 0.02596146240830421 203.5
4080 0.02782151661813259 204
4090 0.02886398509144783 204.5
4100 0.0293557196855545 205
4110 0.02978253737092018 205.5
4120 0.03042224422097206 206
4130 0.03056035004556179 206.5
4140 0.03143157437443733 207
4150 0.03179542720317841 207.5
4160 0.03168822452425957 208
4170 0.03174924105405807 208.5
4180 0.03177893906831741 209
4190 0.0315728671848774 209.5
4200 0.03110992908477783 210
4210 0.03099227324128151 210.5
4220 0.03075187653303146 211
4230 0.03022989444434643 211.5
4240 0.02945925667881966 212
4250 0.02864090912044048 212.5
4260 0.0277976468205452 213
4270 0.02693657577037811 213.5
4280 0.02608358487486839 214
4290 0.02529041282832623 214.5
4300 0.02445047907531261 215
4310 0.02333214692771435 215.5
4320 0.02194551564753056 216
4330 0.02143481187522411 216.5
4340 0.02117935381829739 217
4350 0.02069404534995556 217.5
4360 0.01997173391282558 218
4370 0.01867419853806496 218.5
4380 0.01847295835614204 219
4390 0.01791064254939556 219.5
4400 0.0169852077960968 220
4410 0.01578183472156525 220.5
4420 0.01470698602497578 221
4430 0.0140173826366663 221.5
4440 0.01390205509960651 222
4450 0.0138512784615159 222.5
4460 0.01369359437376261 223
4470 0.01385851297527552 223.5
4480 0.01453373860567808 224
4490 0.01522000785917044 224.5
4500 0.01585261896252632 225
4510 0.01643503271043301 225.5
4520 0.01681827753782272 226
4530 0.01722545363008976 226.5
4540 0.01792846247553825 227
4550 0.01877718977630138 227.5
4560 0.01957079581916332 228
4570 0.02015502192080021 228.5
4580 0.02068960666656494 229
4590 0.02131309546530247 229.5
4600 0.02165888994932175 230
4610 0.02234692312777042 230.5
4620 0.02314730174839497 231
4630 0.02398813329637051 231.5
4640 0.02433129213750362 232
4650 0.02400513365864754 232.5
4660 0.02321446873247623 233
4670 0.02215622365474701 233.5
4680 0.0210138950496912 234
4690 0.02005994692444801 234.5
4700 0.01920549385249615 235
4710 0.01840349659323692 235.5
4720 0.01776621863245964 236
4730 0.01733918488025665 236.5
4740 0.01760334335267544 237
4750 0.01780170574784279 237.5
4760 0.01795201003551483 238
4770 0.01806055568158627 238.5
4780 0.01811357587575912 239
4790 0.01809029281139374 239.5
4800 0.01797137781977654 240
4810 0.01785875111818314 240.5
4820 0.0177983995527029 241
4830 0.01765471510589123 241.5
4840 0.01761988364160061 242
4850 0.017589271068573 242.5
4860 0.01744120940566063 243
4870 0.01730579510331154 243.5
4880 0.01788708753883839 244
4890 0.01846852712333202 244.5
4900 0.01894804462790489 245
4910 0.01935870014131069 245.5
4920 0.01968163996934891 246
4930 0.01990197598934174 246.5
4940 0.02005122229456902 247
4950 0.02008319646120071 247.5
4960 0.01991868391633034 248
4970 0.01962918974459171 248.5
4980 0.0190450269728899 249
4990 0.01827477291226387 249.5
5000 0.01757805794477463 250
