0 0.05547450110316277 0
10 0.05685644224286079 0.5
20 0.0566248930990696 1
30 0.05644579231739044 1.5
40 0.05630772188305855 2
50 0.05618445947766304 2.5
60 0.05610580369830132 3
70 0.0560288317501545 3.5
80 0.05595824494957924 4
90 0.05589374899864197 4.5
100 0.055858064442873 5
110 0.05582650005817413 5.5
120 0.05580964684486389 6
130 0.05585378780961037 6.5
140 0.05577977746725082 7
150 0.05576201155781746 7.5
160 0.05578571557998657 8
170 0.05578860267996788 8.5
180 0.05578695610165596 9
190 0.05581474304199219 9.5
200 0.05583883076906204 10
210 0.05589903518557549 10.5
220 0.05594697594642639 11
230 0.05599208548665047 11.5
240 0.05604514852166176 12
250 0.05607319623231888 12.5
260 0.05615760013461113 13
270 0.0561453178524971 13.5
280 0.05618392303586006 14
290 0.05622675269842148 14.5
300 0.05622460693120956 15
310 0.05627711862325668 15.5
320 0.05626729503273964 16
330 0.05627692118287086 16.5
340 0.05626534670591354 17
350 0.05625974759459496 17.5
360 0.056258924305439 18
370 0.05623467639088631 18.5
380 0.05620776861906052 19
390 0.05614510923624039 19.5
400 0.05609060078859329 20
410 0.05611587315797806 20.5
420 0.05610383301973343 21
430 0.05605510994791985 21.5
440 0.05603565275669098 22
450 0.0560511015355587 22.5
460 0.05605840310454369 23
470 0.05603939667344093 23.5
480 0.05592611059546471 24
490 0.05585738644003868 24.5
500 0.05576244741678238 25
510 0.05567222088575363 25.5
520 0.05559401214122772 26
530 0.05547110363841057 26.5
540 0.05527015775442123 27
550 0.05579452216625214 27.5
560 0.05616874247789383 28
570 0.0564362034201622 28.5
580 0.05654213950037956 29
590 0.05652115121483803 29.5
600 0.05643452331423759 30
610 0.05636631324887276 30.5
620 0.05626856908202171 31
630 0.05616132915019989 31.5
640 0.05610170215368271 32
650 0.05608602613210678 32.5
660 0.05609332397580147 33
670 0.05607489868998528 33.5
680 0.05605990067124367 34
690 0.05612336471676826 34.5
700 0.05613058060407639 35
710 0.05618574097752571 35.5
720 0.05638578161597252 36
730 0.05678234621882439 36.5
740 0.05718475580215454 37
750 0.05760469660162926 37.5
760 0.05809090659022331 38
770 0.05841762572526932 38.5
780 0.05840378254652023 39
790 0.05822183191776276 39.5
800 0.0579797551035881 40
810 0.05769122391939163 40.5
820 0.05742921307682991 41
830 0.05712610483169556 41.5
840 0.05681594833731651 42
850 0.05666970834136009 42.5
860 0.05693448707461357 43
870 0.05720137804746628 43.5
880 0.0574403703212738 44
890 0.05758032202720642 44.5
900 0.05773540586233139 45
910 0.05784278735518456 45.5
920 0.05790534615516663 46
930 0.05798053741455078 46.5
940 0.05805838480591774 47
950 0.05820849537849426 47.5
960 0.05843403190374374 48
970 0.05867114663124084 48.5
980 0.05887364596128464 49
990 0.05891577154397964 49.5
1000 0.05884905904531479 50
1010 0.05865058302879333 50.5
1020 0.05833487585186958 51
1030 0.0578974187374115 51.5
1040 0.05723079666495323 52
1050 0.05646159499883652 52.5
1060 0.0565272830426693 53
1070 0.05662757903337479 53.5
1080 0.05679907277226448 54
1090 0.05686463415622711 54.5
1100 0.05686048045754433 55
1110 0.05691280215978622 55.5
1120 0.05714063718914986 56
1130 0.05746780335903168 56.5
1140 0.05765868350863457 57
1150 0.05767411738634109 57.5
1160 0.05751820281147957 58
1170 0.05714444443583488 58.5
1180 0.05658530816435814 59
1190 0.05605741962790489 59.5
1200 0.05562726408243179 60
1210 0.05515867844223976 60.5
1220 0.05500662326812744 61
1230 0.05489154532551765 61.5
1240 0.05479994043707848 62
1250 0.05487417429685593 62.5
1260 0.05495313927531242 63
1270 0.05496048927307129 63.5
1280 0.05498232319951057 64
1290 0.05497327819466591 64.5
1300 0.05489170178771019 65
1310 0.05476553365588188 65.5
1320 0.05491435155272484 66
1330 0.05499706789851189 66.5
1340 0.0550689585506916 67
1350 0.05508150532841682 67.5
1360 0.0550217367708683 68
1370 0.05498781427741051 68.5
1380 0.05491237714886665 69
1390 0.05483783781528473 69.5
1400 0.05476671457290649 70
1410 0.05469741672277451 70.5
1420 0.05472180619835854 71
1430 0.05485814437270164 71.5
1440 0.05510611832141876 72
1450 0.05524862557649612 72.5
1460 0.05541041493415833 73
1470 0.05556146800518036 73.5
1480 0.05567704141139984 74
1490 0.05567055568099022 74.5
1500 0.05562186241149902 75
1510 0.05552162975072861 75.5
1520 0.05551754683256149 76
1530 0.05536099523305893 76.5
1540 0.05513115227222443 77
1550 0.0549163892865181 77.5
1560 0.0546959824860096 78
1570 0.05449790135025978 78.5
1580 0.0546199232339859 79
1590 0.05462373420596123 79.5
1600 0.05444390699267387 80
1610 0.05404019355773926 80.5
1620 0.05393733456730843 81
1630 0.05417571216821671 81.5
1640 0.05432536080479622 82
1650 0.05438634008169174 82.5
1660 0.05438895896077156 83
1670 0.05435555055737495 83.5
1680 0.05425051972270012 84
1690 0.05443424358963966 84.5
1700 0.0546191930770874 85
1710 0.054730124771595 85.5
1720 0.05487092956900597 86
1730 0.05499635636806488 86.5
1740 0.05523195490241051 87
1750 0.05534686148166656 87.5
1760 0.05543063580989838 88
1770 0.05537961423397064 88.5
1780 0.0552457869052887 89
1790 0.05506176874041557 89.5
1800 0.05494528636336327 90
1810 0.05487037822604179 90.5
1820 0.05483229085803032 91
1830 0.05476300045847893 91.5
1840 0.05463283509016037 92
1850 0.05452242121100426 92.5
1860 0.05438315495848656 93
1870 0.05419973284006119 93.5
1880 0.05399582162499428 94
1890 0.0539659820497036 94.5
1900 0.05403143912553787 95
1910 0.05411171913146973 95.5
1920 0.05412070080637932 96
1930 0.0541144423186779 96.5
1940 0.05408277735114098 97
1950 0.05403069034218788 97.5
1960 0.05397013947367668 98
1970 0.05392060801386833 98.5
1980 0.05389935523271561 99
1990 0.0540207251906395 99.5
2000 0.05415990203619003 100
2010 0.05427996814250946 100.5
2020 0.05437633022665977 101
2030 0.05444521456956863 101.5
2040 0.05451545491814613 102
2050 0.0545635037124157 102.5
2060 0.0546068474650383 103
2070 0.05463968962430954 103.5
2080 0.0546819381415844 104
2090 0.05469957366585732 104.5
2100 0.05471973121166229 105
2110 0.05476239323616028 105.5
2120 0.05487308278679848 106
2130 0.054975226521492 106.5
2140 0.05518456920981407 107
2150 0.05545337498188019 107.5
2160 0.05574513226747513 108
2170 0.05604955554008484 108.5
2180 0.05639361217617989 109
2190 0.05667920038104057 109.5
2200 0.05694010481238365 110
2210 0.05713385716080666 110.5
2220 0.05730612948536873 111
2230 0.05741878598928452 111.5
2240 0.05766135826706886 112
2250 0.05782554671168327 112.5
2260 0.05796113610267639 113
2270 0.0580454021692276 113.5
2280 0.05811844021081924 114
2290 0.05817326158285141 114.5
2300 0.05827868357300758 115
2310 0.05839726701378822 115.5
2320 0.05852692201733589 116
2330 0.05869394168257713 116.5
2340 0.05901220440864563 117
2350 0.05942134186625481 117.5
2360 0.0597737617790699 118
2370 0.06002845987677574 118.5
2380 0.06016147509217262 119
2390 0.06020393967628479 119.5
2400 0.06011038646101952 120
2410 0.06027830019593239 120.5
2420 0.06119433417916298 121
2430 0.06149265915155411 121.5
2440 0.06134065985679626 122
2450 0.06129513680934906 122.5
2460 0.06105946749448776 123
2470 0.06030689179897308 123.5
2480 0.05910361558198929 124
2490 0.05907007679343224 124.5
2500 0.05825464800000191 125
2510 0.05783325061202049 125.5
2520 0.05694172158837318 126
2530 0.05607696995139122 126.5
2540 0.05526642128825188 127
2550 0.05414269119501114 127.5
2560 0.05408868566155434 128
2570 0.05439051613211632 128.5
2580 0.05499928444623947 129
2590 0.05556478723883629 129.5
2600 0.05603615567088127 130
2610 0.05642300844192505 130.5
2620 0.05729449912905693 131
2630 0.05800846964120865 131.5
2640 0.05843690037727356 132
2650 0.05850774422287941 132.5
2660 0.05816655978560448 133
2670 0.05733750388026237 133.5
2680 0.05638615414500237 134
2690 0.05647537112236023 134.5
2700 0.05649761483073235 135
2710 0.0563831701874733 135.5
2720 0.05645513162016869 136
2730 0.05642950534820557 136.5
2740 0.05632926523685455 137
2750 0.05614888668060303 137.5
2760 0.05587969720363617 138
2770 0.0555756650865078 138.5
2780 0.05526597425341606 139
2790 0.05489618331193924 139.5
2800 0.05464469268918037 140
2810 0.05406263098120689 140.5
2820 0.05363451316952705 141
2830 0.05336811020970345 141.5
2840 0.05390491336584091 142
2850 0.05440028384327888 142.5
2860 0.05475234985351562 143
2870 0.05514547228813171 143.5
2880 0.05537461116909981 144
2890 0.05534864962100983 144.5
2900 0.05505497753620148 145
2910 0.05482695251703262 145.5
2920 0.05436266958713531 146
2930 0.05436490103602409 146.5
2940 0.05448766052722931 147
2950 0.05461987853050232 147.5
2960 0.05464413017034531 148
2970 0.05471843481063843 148.5
2980 0.0549551360309124 149
2990 0.05512784793972969 149.5
3000 0.05525768548250198 150
3010 0.05558737367391586 150.5
3020 0.05627337843179703 151
3030 0.057247344404459 151.5
3040 0.05829304084181786 152
3050 0.05929837748408318 152.5
3060 0.06025968119502068 153
3070 0.06126022711396217 153.5
3080 0.06218546256422997 154
3090 0.06271731108427048 154.5
3100 0.06285759806632996 155
3110 0.06260795146226883 155.5
3120 0.06182096898555756 156
3130 0.06050605699419975 156.5
3140 0.05891933292150497 157
3150 0.05726788192987442 157.5
3160 0.05628260225057602 158
3170 0.05502709746360779 158.5
3180 0.05414238572120667 159
3190 0.05365389212965965 159.5
3200 0.05368497222661972 160
3210 0.05389822274446487 160.5
3220 0.05506213381886482 161
3230 0.05609389021992683 161.5
3240 0.05705975741147995 162
3250 0.05789646878838539 162.5
3260 0.0585792064666748 163
3270 0.05890076234936714 163.5
3280 0.05887427926063538 164
3290 0.05845029652118683 164.5
3300 0.05767480283975601 165
3310 0.0571037232875824 165.5
3320 0.05610997229814529 166
3330 0.05488482862710953 166.5
3340 0.05390907824039459 167
3350 0.05361877381801605 167.5
3360 0.05333521217107773 168
3370 0.05299892276525497 168.5
3380 0.0530303418636322 169
3390 0.05309177562594414 169.5
3400 0.05319368094205856 170
3410 0.05335133895277977 170.5
3420 0.05350447818636894 171
3430 0.05359062552452087 171.5
3440 0.0537116527557373 172
3450 0.05375112220644951 172.5
3460 0.05376606434583664 173
3470 0.05371371284127235 173.5
3480 0.05362788215279579 174
3490 0.05366262793540955 174.5
3500 0.05386021733283997 175
3510 0.05408329889178276 175.5
3520 0.0542435385286808 176
3530 0.0543806217610836 176.5
3540 0.05452959612011909 177
3550 0.05458447709679604 177.5
3560 0.05458559095859528 178
3570 0.0545879490673542 178.5
3580 0.05454513430595398 179
3590 0.05447902157902718 179.5
3600 0.05438349395990372 180
3610 0.05457757413387299 180.5
3620 0.05485230684280396 181
3630 0.05504908412694931 181.5
3640 0.05514362454414368 182
3650 0.05518858507275581 182.5
3660 0.05524341762065887 183
3670 0.05534542724490166 183.5
3680 0.05530846863985062 184
3690 0.05507474020123482 184.5
3700 0.0547306090593338 185
3710 0.05431504175066948 185.5
3720 0.05386531725525856 186
3730 0.05343462154269218 186.5
3740 0.05296292155981064 187
3750 0.05278361961245537 187.5
3760 0.05293046310544014 188
3770 0.05314459279179573 188.5
3780 0.05338943004608154 189
3790 0.05360368266701698 189.5
3800 0.05381637439131737 190
3810 0.05404220893979073 190.5
3820 0.05424409732222557 191
3830 0.05445451661944389 191.5
3840 0.05464288219809532 192
3850 0.05485755205154419 192.5
3860 0.05505068227648735 193
3870 0.05523993074893951 193.5
3880 0.05539695918560028 194
3890 0.05552870780229568 194.5
3900 0.05557826906442642 195
3910 0.0555352196097374 195.5
3920 0.05537904053926468 196
3930 0.05519279092550278 196.5
3940 0.055215023458004 197
3950 0.05534159392118454 197.5
3960 0.05538128316402435 198
3970 0.05533350259065628 198.5
3980 0.05524541065096855 199
3990 0.0551108606159687 199.5
4000 0.05493097379803658 200
4010 0.0547611340880394 200.5
4020 0.05460197106003761 201
4030 0.05442570522427559 201.5
4040 0.05424810200929642 202
4050 0.05402565002441406 202.5
4060 0.05385883525013924 203
4070 0.05384234338998795 203.5
4080 0.05378666520118713 204
4090 0.05369309335947037 204.5
4100 0.05359585210680962 205
4110 0.05350576341152191 205.5
4120 0.0534965842962265 206
4130 0.05377545952796936 206.5
4140 0.05405618622899055 207
4150 0.05430309101939201 207.5
4160 0.05449012294411659 208
4170 0.05466797947883606 208.5
4180 0.05484377220273018 209
4190 0.05500376224517822 209.5
4200 0.05537291616201401 210
4210 0.05565652996301651 210.5
4220 0.05585748702287674 211
4230 0.05597871914505959 211.5
4240 0.05607005581259727 212
4250 0.05608567595481873 212.5
4260 0.05605749040842056 213
4270 0.05606495216488838 213.5
4280 0.05596349388360977 214
4290 0.05585722625255585 214.5
4300 0.0556834377348423 215
4310 0.05575317144393921 215.5
4320 0.05578417703509331 216
4330 0.05574740469455719 216.5
4340 0.05568353459239006 217
4350 0.05560735613107681 217.5
4360 0.05542462691664696 218
4370 0.05533691868185997 218.5
4380 0.05550077557563782 219
4390 0.05559635162353516 219.5
4400 0.05565042793750763 220
4410 0.05563810840249062 220.5
4420 0.05557793751358986 221
4430 0.05543435364961624 221.5
4440 0.05519598722457886 222
4450 0.05494210869073868 222.5
4460 0.05458450689911842 223
4470 0.05415546521544456 223.5
4480 0.05373182892799377 224
4490 0.05386790633201599 224.5
4500 0.05394577607512474 225
4510 0.05394575744867325 225.5
4520 0.05382237210869789 226
4530 0.05359154939651489 226.5
4540 0.05360819771885872 227
4550 0.05373845621943474 227.5
4560 0.0536520816385746 228
4570 0.05384189635515213 228.5
4580 0.05420368909835815 229
4590 0.05440521985292435 229.5
4600 0.05454061552882195 230
4610 0.05458831787109375 230.5
4620 0.05459573492407799 231
4630 0.0547863095998764 231.5
4640 0.0551065132021904 232
4650 0.05505448952317238 232.5
4660 0.05531052872538567 233
4670 0.05555663630366325 233.5
4680 0.05578660219907761 234
4690 0.05573361366987228 234.5
4700 0.05637514963746071 235
4710 0.05695458501577377 235.5
4720 0.05712636187672615 236
4730 0.05689650774002075 236.5
4740 0.05656416341662407 237
4750 0.05699611082673073 237.5
4760 0.05711048096418381 238
4770 0.05697228386998177 238.5
4780 0.05667547509074211 239
4790 0.0562034510076046 239.5
4800 0.05566176027059555 240
4810 0.05509031191468239 240.5
4820 0.05450522154569626 241
4830 0.05388703942298889 241.5
4840 0.05346665158867836 242
4850 0.05339356511831284 242.5
4860 0.05349358916282654 243
4870 0.05358986929059029 243.5
4880 0.05364380404353142 244
4890 0.05393170192837715 244.5
4900 0.05407366156578064 245
4910 0.05381851270794868 245.5
4920 0.05379820987582207 246
4930 0.05384248122572899 246.5
4940 0.05380073934793472 247
4950 0.05370517075061798 247.5
4960 0.05349484458565712 248
4970 0.05317073315382004 248.5
4980 0.05325977504253387 249
4990 0.05347474291920662 249.5
5000 0.05367372557520866 250
