0 0 0
10 5.60228256739138e-19 0.5
20 1.180264170734779e-14 1
30 1.811473013784614e-11 1.5
40 1.816785406996035e-09 2
50 4.919679522194389e-08 2.5
60 6.578376310162999e-07 3
70 4.964754614743715e-06 3.5
80 2.207924346524641e-05 4
90 6.617211168035594e-05 4.5
100 0.0001538072827330122 5
110 0.000303658114299626 5.5
120 0.000544381605498845 6
130 0.0009304340623049753 6.5
140 0.001489506080605977 7
150 0.002198527063746031 7.5
160 0.002953154941142161 8
170 0.003664047568777999 8.5
180 0.004315405412510469 9
190 0.004952995400976869 9.5
200 0.005624794490043843 10
210 0.006346109030044466 10.5
220 0.007098589833484309 11
230 0.007906689808004084 11.5
240 0.008742462796624495 12
250 0.009448924452804966 12.5
260 0.009970786032308712 13
270 0.0103136835252993 13.5
280 0.01046136366361106 14
290 0.01048473293049655 14.5
300 0.01047688387478944 15
310 0.01047470740364109 15.5
320 0.01054158924794862 16
330 0.01075289862750869 16.5
340 0.01109178861631572 17
350 0.01152650103364511 17.5
360 0.01209089946929971 18
370 0.01280458652309385 18.5
380 0.01368057376981837 19
390 0.01464423930291742 19.5
400 0.01559023293450797 20
410 0.01643785878170833 20.5
420 0.01709896739121808 21
430 0.01754798119247971 21.5
440 0.01782023386423796 22
450 0.01797038045992099 22.5
460 0.0181280485241597 23
470 0.01835777383090416 23.5
480 0.01862682205747943 24
490 0.01888764087005512 24.5
500 0.01914674093407068 25
510 0.01942681717748864 25.5
520 0.01975342620962581 26
530 0.02015024679333915 26.5
540 0.02062422165249055 27
550 0.0211334657949743 27.5
560 0.02160323968735397 28
570 0.02199042357498628 28.5
580 0.02232690427541015 29
590 0.0227015869218466 29.5
600 0.02319351808044598 30
610 0.02377171200166424 30.5
620 0.02432111499016329 31
630 0.02475078932563301 31.5
640 0.02501738273691564 32
650 0.0251566392282252 32.5
660 0.02518776543993003 33
670 0.02515081180477225 33.5
680 0.02506304417385997 34
690 0.02494847246283653 34.5
700 0.0248483243903377 35
710 0.02473567729783953 35.5
720 0.0245983090484281 36
730 0.02444256750729736 36.5
740 0.02429484315328483 37
750 0.0241736319486914 37.5
760 0.02406104647104903 38
770 0.02396891504637382 38.5
780 0.0238978367612794 39
790 0.02383706044789726 39.5
800 0.0237689870235465 40
810 0.02366905141303978 40.5
820 0.02349906780985863 41
830 0.0232758646698966 41.5
840 0.0231050923466954 42
850 0.02306033113903159 42.5
860 0.02309337445276018 43
870 0.02305377413604395 43.5
880 0.02283362768678145 44
890 0.02242697011075836 44.5
900 0.02191484004093985 45
910 0.0214016667384431 45.5
920 0.0209813278776578 46
930 0.02074293532459431 46.5
940 0.02069929874151936 47
950 0.02075157969436567 47.5
960 0.02076389597890535 48
970 0.02068922786765226 48.5
980 0.02055691268250982 49
990 0.02042740667867795 49.5
1000 0.02033456322039679 50
1010 0.02033478250000094 50.5
1020 0.02038475933724286 51
1030 0.02037192815014089 51.5
1040 0.02033467841522323 52
1050 0.02035511661504487 52.5
1060 0.02052782434426168 53
1070 0.02080517068310616 53.5
1080 0.02110204487589104 54
1090 0.02134508019246437 54.5
1100 0.02154863587636112 55
1110 0.02179878948234217 55.5
1120 0.02213585673603068 56
1130 0.02250473872020537 56.5
1140 0.02279876478760146 57
1150 0.02289261052855843 57.5
1160 0.02276398723017881 58
1170 0.02246797948241818 58.5
1180 0.02208030232062468 59
1190 0.02168414300106128 59.5
1200 0.02138694235075929 60
1210 0.02120428408734542 60.5
1220 0.02108610754226645 61
1230 0.02096893408095264 61.5
1240 0.02085158723859054 62
1250 0.02076375643872874 62.5
1260 0.0207026956069028 63
1270 0.0206408765140344 63.5
1280 0.02063271961702365 64
1290 0.02070964510733142 64.5
1300 0.02085794622472966 65
1310 0.02103565532031791 65.5
1320 0.02124530285885884 66
1330 0.02150649705832882 66.5
1340 0.02182186417970962 67
1350 0.02215509440576101 67.5
1360 0.02244064466111493 68
1370 0.02258671675833595 68.5
1380 0.02254805634295872 69
1390 0.0223417575531635 69.5
1400 0.02201495205676946 70
1410 0.02163280758228289 70.5
1420 0.02125376976036497 71
1430 0.02090662284990926 71.5
1440 0.0205969152275444 72
1450 0.0203473657394778 72.5
1460 0.02017966820161223 73
1470 0.0201193848722015 73.5
1480 0.02013338487996659 74
1490 0.02015086389685058 74.5
1500 0.02010971274541785 75
1510 0.01999768488533514 75.5
1520 0.01984237297880567 76
1530 0.01966241051211161 76.5
1540 0.01946347970664697 77
1550 0.0192749410396049 77.5
1560 0.0191424856264699 78
1570 0.01909735974476749 78.5
1580 0.01914416012526617 79
1590 0.01927975977791414 79.5
1600 0.01950509455800301 80
1610 0.01982929927368563 80.5
1620 0.02025432049390267 81
1630 0.02073679781348464 81.5
1640 0.02121708734069676 82
1650 0.02166160572879729 82.5
1660 0.02202440347772137 83
1670 0.02228666492304871 83.5
1680 0.02244799926523257 84
1690 0.02252427342246541 84.5
1700 0.02254218895595999 85
1710 0.02253424643754902 85.5
1720 0.02246409384587394 86
1730 0.02226219842245143 86.5
1740 0.0219109282068047 87
1750 0.02143697454554501 87.5
1760 0.02092431339854706 88
1770 0.02047618556060746 88.5
1780 0.0201527515545708 89
1790 0.02002629873662106 89.5
1800 0.02010144297846987 90
1810 0.02032945926735891 90.5
1820 0.02064401054958736 91
1830 0.02101855506663729 91.5
1840 0.02143110249217105 92
1850 0.02184277582872236 92.5
1860 0.02217456024638563 93
1870 0.02237748883534043 93.5
1880 0.0224354185246883 94
1890 0.02238831919627848 94.5
1900 0.02229480146095381 95
1910 0.02213447697188493 95.5
1920 0.02194868784834475 96
1930 0.02177310733801195 96.5
1940 0.02164370744027825 97
1950 0.02150789177233669 97.5
1960 0.02136331213248468 98
1970 0.02122875378314372 98.5
1980 0.02116608398719996 99
1990 0.02126983795906858 99.5
2000 0.02148748928994597 100
2010 0.02170555236428876 100.5
2020 0.02189311436382101 101
2030 0.02208142062578209 101.5
2040 0.02229308140028547 102
2050 0.02248422871776926 102.5
2060 0.02264676162092466 103
2070 0.02275395752147811 103.5
2080 0.02281210836005879 104
2090 0.02281298183986695 104.5
2100 0.02273936614582732 105
2110 0.0226005565598394 105.5
2120 0.02242193221837626 106
2130 0.02225834203291673 106.5
2140 0.02214976797039428 107
2150 0.02211931402136816 107.5
2160 0.02214560539503346 108
2170 0.02220192600295287 108.5
2180 0.02226719860744741 109
2190 0.02231786374669868 109.5
2200 0.02234978526039481 110
2210 0.02235714552081866 110.5
2220 0.02232984789173868 111
2230 0.02225655839110665 111.5
2240 0.0221175266342029 112
2250 0.02191608597426891 112.5
2260 0.02168234161626505 113
2270 0.0214523147656113 113.5
2280 0.02124109174263454 114
2290 0.02110958296191386 114.5
2300 0.0211428785346713 115
2310 0.02141287647193499 115.5
2320 0.02194621022760162 116
2330 0.02263445583136468 116.5
2340 0.02323934757783711 117
2350 0.023577100609069 117.5
2360 0.02366693017666443 118
2370 0.02355449443917422 118.5
2380 0.02328963425881388 119
2390 0.0229020022198854 119.5
2400 0.02247078517069623 120
2410 0.02207309216445894 120.5
2420 0.02173034743723291 121
2430 0.02144059070698657 121.5
2440 0.02118178431954995 122
2450 0.02092149204382452 122.5
2460 0.0206731177210896 123
2470 0.02045131524404732 123.5
2480 0.02027773374677045 124
2490 0.02016430528432318 124.5
2500 0.02011495090365125 125
2510 0.02011557350467878 125.5
2520 0.02011904528359757 126
2530 0.02009358361759025 126.5
2540 0.02003841719508757 127
2550 0.01999391968330868 127.5
2560 0.02002664867955358 128
2570 0.02017574603410406 128.5
2580 0.02043816835571322 129
2590 0.02076868603589246 129.5
2600 0.02112075020416065 130
2610 0.02149082523058411 130.5
2620 0.02189685644769774 131
2630 0.02236446724270281 131.5
2640 0.02289702380412967 132
2650 0.0234778270255137 132.5
2660 0.02405356020375041 133
2670 0.02453157686459228 133.5
2680 0.02487137982802189 134
2690 0.0250871008821261 134.5
2700 0.02520075577390641 135
2710 0.02518528778715104 135.5
2720 0.02494101961675211 136
2730 0.0245751951385006 136.5
2740 0.02421831210148715 137
2750 0.02392600044098499 137.5
2760 0.02368243290330404 138
2770 0.02351023479599782 138.5
2780 0.02340443234983821 139
2790 0.02328706419041552 139.5
2800 0.02306248927826103 140
2810 0.02278861212341525 140.5
2820 0.02254603301012115 141
2830 0.02235490549854611 141.5
2840 0.02220421219548878 142
2850 0.02208315338116774 142.5
2860 0.02199457676803479 143
2870 0.02196223145083142 143.5
2880 0.02203604198297475 144
2890 0.02228422092081295 144.5
2900 0.02269569933751709 145
2910 0.02321371063950124 145.5
2920 0.02375869721278391 146
2930 0.02423409137839168 146.5
2940 0.02458363806911095 147
2950 0.02469845369841929 147.5
2960 0.02451193312786301 148
2970 0.0241290346890121 148.5
2980 0.0236517751916697 149
2990 0.02313468260935328 149.5
3000 0.02273471341362947 150
3010 0.02252271874805715 150.5
3020 0.02249346101012348 151
3030 0.02258683576691404 151.5
3040 0.02276163611659279 152
3050 0.02297189353156096 152.5
3060 0.02319942249889851 153
3070 0.02342345295881147 153.5
3080 0.0236075125484528 154
3090 0.0237226462032651 154.5
3100 0.02378331650352967 155
3110 0.02380406105425276 155.5
3120 0.02379671594788679 156
3130 0.0238042449382679 156.5
3140 0.02384725673371056 157
3150 0.02392481290570902 157.5
3160 0.02402654625801796 158
3170 0.02412484163534767 158.5
3180 0.02417998818420625 159
3190 0.02417399551275757 159.5
3200 0.02412259041557008 160
3210 0.02407287733326813 160.5
3220 0.02407406552204255 161
3230 0.02415605998283391 161.5
3240 0.02435449778302903 162
3250 0.02467734897719266 162.5
3260 0.02504387469434121 163
3270 0.02533826393823101 163.5
3280 0.02551029305877878 164
3290 0.02555862843115317 164.5
3300 0.02544840537328473 165
3310 0.02517211188959684 165.5
3320 0.02474188860586371 166
3330 0.02424163933643075 166.5
3340 0.02375647339330958 167
3350 0.02333843062546745 167.5
3360 0.02302774592658809 168
3370 0.02279435752763364 168.5
3380 0.02265411875088148 169
3390 0.02262200595057308 169.5
3400 0.02269614373490075 170
3410 0.02287477393145607 170.5
3420 0.0230952398988539 171
3430 0.02328112137326825 171.5
3440 0.02334181428206067 172
3450 0.02328559258291869 172.5
3460 0.02321742906379553 173
3470 0.02322202302176747 173.5
3480 0.02327234242377502 174
3490 0.02332763051083493 174.5
3500 0.0234082779898973 175
3510 0.02349554046774794 175.5
3520 0.02353814289989931 176
3530 0.02352023570638465 176.5
3540 0.02342933297236796 177
3550 0.02328228304268457 177.5
3560 0.02311548606549543 178
3570 0.02293122012384116 178.5
3580 0.02267671029508464 179
3590 0.02235616463850101 179.5
3600 0.02201886995183279 180
3610 0.02171099795150392 180.5
3620 0.02146129038517722 181
3630 0.02127388585641288 181.5
3640 0.02113439427201347 182
3650 0.02103149188916746 182.5
3660 0.02097297530394879 183
3670 0.02095588964973011 183.5
3680 0.0209927521432846 184
3690 0.02108298437129872 184.5
3700 0.02121210380189644 185
3710 0.02133765279825226 185.5
3720 0.02143876659772633 186
3730 0.02150510240675935 186.5
3740 0.02154032764665656 187
3750 0.021551635495 187.5
3760 0.02153563129088739 188
3770 0.02151023415242434 188.5
3780 0.02149547503456167 189
3790 0.02149135349929957 189.5
3800 0.02148440599399395 190
3810 0.02146410104923426 190.5
3820 0.02142822728387602 191
3830 0.02137713769036419 191.5
3840 0.02131377467683711 192
3850 0.02124804707799765 192.5
3860 0.02117614927323183 193
3870 0.02108916672145033 193.5
3880 0.02099116399296586 194
3890 0.02089020487254296 194.5
3900 0.02079693498630237 195
3910 0.02070741816284131 195.5
3920 0.02060694877407382 196
3930 0.02047990960469298 196.5
3940 0.02031685682402548 197
3950 0.02011593055034705 197.5
3960 0.0198817109449415 198
3970 0.01962882615709505 198.5
3980 0.01936737317165963 199
3990 0.01912495635487965 199.5
4000 0.01893223527322196 200
4010 0.0188197248653499 200.5
4020 0.01881437236963366 201
4030 0.01895310467514457 201.5
4040 0.01925922930554629 202
4050 0.01972940803969962 202.5
4060 0.02036038451690873 203
4070 0.02110827802440175 203.5
4080 0.02194012254407084 204
4090 0.02283033333480962 204.5
4100 0.02373037239644569 205
4110 0.0246540323282884 205.5
4120 0.02558767828780299 206
4130 0.02651442888085626 206.5
4140 0.02737213205725686 207
4150 0.02802807830153553 207.5
4160 0.02854505678661723 208
4170 0.02902594785983043 208.5
4180 0.02947845059885295 209
4190 0.02988015315467829 209.5
4200 0.03015906814976948 210
4210 0.03027749814898508 210.5
4220 0.03028475353516779 211
4230 0.03027350531675065 211.5
4240 0.03027658595423809 212
4250 0.03021853678990272 212.5
4260 0.03005546403216955 213
4270 0.02977719557150473 213.5
4280 0.02939935634582561 214
4290 0.02888652896278265 214.5
4300 0.02821027376944397 215
4310 0.02740870832542571 215.5
4320 0.02653194637332907 216
4330 0.02559263216693008 216.5
4340 0.02462152435085331 217
4350 0.02369626503190319 217.5
4360 0.02286674894381843 218
4370 0.02214655511774839 218.5
4380 0.02156241619726326 219
4390 0.0211047966049243 219.5
4400 0.02073803620157361 220
4410 0.02045451937181216 220.5
4420 0.02028042277378234 221
4430 0.02019404973391347 221.5
4440 0.02017224584663032 222
4450 0.02019022062611059 222.5
4460 0.02020559001980226 223
4470 0.02023745704620745 223.5
4480 0.02029412365615105 224
4490 0.02036513943333563 224.5
4500 0.02041971366434178 225
4510 0.02041847204261351 225.5
4520 0.02038235757451742 226
4530 0.02037469378019481 226.5
4540 0.0204452973687411 227
4550 0.02056068685983897 227.5
4560 0.02066397345316298 228
4570 0.02075810569417206 228.5
4580 0.02092281828299033 229
4590 0.02122592466921473 229.5
4600 0.02160073385408766 230
4610 0.02196333482871119 230.5
4620 0.02223842177137144 231
4630 0.02236931076583242 231.5
4640 0.02235929311982355 232
4650 0.02222571993291001 232.5
4660 0.02202721511563236 233
4670 0.02182053706605109 233.5
4680 0.02165946832173457 234
4690 0.0215471131105304 234.5
4700 0.02146155759501968 235
4710 0.02141400184483104 235.5
4720 0.0214069889313677 236
4730 0.02142580981391956 236.5
4740 0.02144638216370495 237
4750 0.02144179667350185 237.5
4760 0.02140369964147104 238
4770 0.02133959459152086 238.5
4780 0.02126360145915416 239
4790 0.02118681149322266 239.5
4800 0.02112400692633605 240
4810 0.02108664402900719 240.5
4820 0.02108840878983905 241
4830 0.02113669410187053 241.5
4840 0.02123554193452194 242
4850 0.0213802405668118 242.5
4860 0.0215636178826503 243
4870 0.02177831152558372 243.5
4880 0.02200924907011126 244
4890 0.02223916149426057 244.5
4900 0.02245046209327163 245
4910 0.02262470746774408 245.5
4920 0.02274246045221242 246
4930 0.02279607827329388 246.5
4940 0.02278898267506962 247
4950 0.02271612759934348 247.5
4960 0.02256653832176259 248
4970 0.02237938156791322 248.5
4980 0.02219659189643325 249
4990 0.02204805732808167 249.5
5000 0.02198854823136313 250
