0 0 0
10 7.605794177347836e-51 0.5
20 9.702159887257947e-44 1
30 2.770571208999988e-39 1.5
40 3.971458464147339e-34 2
50 4.122026749445982e-32 2.5
60 9.166022202449955e-35 3
70 2.270597742540066e-30 3.5
80 3.93433656620379e-29 4
90 4.684483666808142e-28 4.5
100 2.671522459935713e-26 5
110 4.001569132118706e-24 5.5
120 2.632908839736567e-23 6
130 4.242039499037154e-22 6.5
140 1.013659632054515e-20 7
150 8.481204173062228e-20 7.5
160 4.481988987111011e-19 8
170 1.363143881248632e-18 8.5
180 3.076005944684245e-18 9
190 3.052503445942067e-17 9.5
200 1.718104883205876e-16 10
210 6.340191968575691e-16 10.5
220 2.338214645795636e-15 11
230 7.48573712474868e-15 11.5
240 2.038186663964324e-14 12
250 4.638741639822734e-14 12.5
260 1.09396176896232e-13 13
270 2.464785486049013e-13 13.5
280 4.835342800447018e-13 14
290 8.572332318676591e-13 14.5
300 1.461198312121314e-12 15
310 2.682773293039604e-12 15.5
320 7.66937959674079e-12 16
330 3.207853926240504e-11 16.5
340 1.190024288773874e-10 17
350 3.617036784198937e-10 17.5
360 1.449280823117801e-09 18
370 4.720335525473626e-09 18.5
380 1.197834215818792e-08 19
390 2.648374165311766e-08 19.5
400 5.499145902529161e-08 20
410 1.112024839621087e-07 20.5
420 2.274783943531625e-07 21
430 4.885980377227096e-07 21.5
440 1.126670033298644e-06 22
450 2.720544148541326e-06 22.5
460 6.49805494138645e-06 23
470 1.442989172332391e-05 23.5
480 2.865624649760928e-05 24
490 5.054632305379034e-05 24.5
500 8.052247503689881e-05 25
510 0.0001182413637288512 25.5
520 0.0001629961836756696 26
530 0.0002137245903953336 26.5
540 0.000268747311573973 27
550 0.0003260257993583372 27.5
560 0.0003841157151265351 28
570 0.0004414504269723347 28.5
580 0.0004976930191610712 29
590 0.0005523181255310698 29.5
600 0.0006051784584711429 30
610 0.0006560625187908696 30.5
620 0.0007048938288676659 31
630 0.0007518566347896701 31.5
640 0.000797236052215533 32
650 0.000841555323740305 32.5
660 0.0008855319707742098 33
670 0.0009292756186554501 33.5
680 0.000973334679993122 34
690 0.001018422548861699 34.5
700 0.001064411962395402 35
710 0.001110801066408543 35.5
720 0.001157256225715781 36
730 0.001203268163552008 36.5
740 0.001248657757347378 37
750 0.001293576687382563 37.5
760 0.001337730040023237 38
770 0.001381334706819029 38.5
780 0.001424815679352225 39
790 0.00146887096936271 39.5
800 0.001514492422393193 40
810 0.001562034772847488 40.5
820 0.001611533271913491 41
830 0.001662602840302742 41.5
840 0.001714624830242591 42
850 0.001767502129003668 42.5
860 0.001821180618676498 43
870 0.001875736568780634 43.5
880 0.00193117959724519 44
890 0.00198722898877208 44.5
900 0.002043301546683142 45
910 0.002098933610261973 45.5
920 0.002153751955277906 46
930 0.002206956231712621 46.5
940 0.002257613884977178 47
950 0.002304659638379112 47.5
960 0.002347165683992352 48
970 0.002384536816635448 48.5
980 0.002416472972664445 49
990 0.002443156465972665 49.5
1000 0.002465114001846516 50
1010 0.002483029395078995 50.5
1020 0.002497012062959759 51
1030 0.002507032009982519 51.5
1040 0.002513706006782895 52
1050 0.002518018525609957 52.5
1060 0.002520468814861711 53
1070 0.002521257969389607 53.5
1080 0.002520890811325761 54
1090 0.002518927084670852 54.5
1100 0.002515440386252558 55
1110 0.002511167820433931 55.5
1120 0.002506484524781372 56
1130 0.002501606744320058 56.5
1140 0.002496472399327883 57
1150 0.002490758654270528 57.5
1160 0.002484259645574167 58
1170 0.002476914574886482 58.5
1180 0.002469238563249649 59
1190 0.002462061234075602 59.5
1200 0.00245613256818874 60
1210 0.002451561945025444 60.5
1220 0.002447563834313354 61
1230 0.002443624048821463 61.5
1240 0.002439451005242965 62
1250 0.002434515051381687 62.5
1260 0.002429050688034922 63
1270 0.002423085360567872 63.5
1280 0.002416935373629726 64
1290 0.002412159350558983 64.5
1300 0.002408785347973298 65
1310 0.002405447028180074 65.5
1320 0.00240173227428469 66
1330 0.002397955387760621 66.5
1340 0.002393599764397742 67
1350 0.002388544669840927 67.5
1360 0.002381784312739296 68
1370 0.002373535582054544 68.5
1380 0.002364912549488631 69
1390 0.002356384188232383 69.5
1400 0.002348599286193249 70
1410 0.002342294698185031 70.5
1420 0.002338055903839927 71
1430 0.002336419641329228 71.5
1440 0.002337475959568792 72
1450 0.002340899095860301 72.5
1460 0.002345640268074098 73
1470 0.002351516562967317 73.5
1480 0.002358979202488367 74
1490 0.002368476599753973 74.5
1500 0.002380901145975944 75
1510 0.002395893206122608 75.5
1520 0.002412265152085734 76
1530 0.002429121243913595 76.5
1540 0.002445756243068184 77
1550 0.002461631959043227 77.5
1560 0.002476510526622081 78
1570 0.002490498460431949 78.5
1580 0.002503807998811979 79
1590 0.002516383195191979 79.5
1600 0.002528291619751897 80
1610 0.002539812872231032 80.5
1620 0.002551302788252487 81
1630 0.002563075360955183 81.5
1640 0.002575175863232509 82
1650 0.002587701589522372 82.5
1660 0.002600443273883013 83
1670 0.002613138712702575 83.5
1680 0.002625245842437463 84
1690 0.002636610119957246 84.5
1700 0.002647284547917159 85
1710 0.002656934404330727 85.5
1720 0.002665238440089179 86
1730 0.002672070145862879 86.5
1740 0.002677346042097615 87
1750 0.00268098185353706 87.5
1760 0.002683088764799875 88
1770 0.002683452350149009 88.5
1780 0.002681025824269798 89
1790 0.002675616957616708 89.5
1800 0.002667889623758316 90
1810 0.002658665715380099 90.5
1820 0.002648032574312075 91
1830 0.002635010945723702 91.5
1840 0.002619027570638502 92
1850 0.00260054640882566 92.5
1860 0.002581382013285287 93
1870 0.002561584878409317 93.5
1880 0.002541775689454873 94
1890 0.00252296607209178 94.5
1900 0.002507518279144487 95
1910 0.002495246937943367 95.5
1920 0.002486302534648909 96
1930 0.002480054925476332 96.5
1940 0.002474039817961385 97
1950 0.002467797725689348 97.5
1960 0.002462324348934895 98
1970 0.002457772850824974 98.5
1980 0.002454618720607038 99
1990 0.00245574475184003 99.5
2000 0.002464691822880795 100
2010 0.002484042666715824 100.5
2020 0.002512908303211515 101
2030 0.00254803274744083 101.5
2040 0.002586560734821058 102
2050 0.00262787884985017 102.5
2060 0.002670055478940326 103
2070 0.002709622133188877 103.5
2080 0.002744750312876957 104
2090 0.00277508151139629 104.5
2100 0.002800761556669153 105
2110 0.002821704466261022 105.5
2120 0.002838879749813211 106
2130 0.002852884828256311 106.5
2140 0.002863699608715524 107
2150 0.002870891158505592 107.5
2160 0.002874523838965557 108
2170 0.002875103280802531 108.5
2180 0.002873343105245851 109
2190 0.002867832514999333 109.5
2200 0.002860368853922708 110
2210 0.002852849593200704 110.5
2220 0.002846591911280015 111
2230 0.002839672236590205 111.5
2240 0.002832159553994957 112
2250 0.002826678250682799 112.5
2260 0.002823369630482324 113
2270 0.002821548955257798 113.5
2280 0.002821217866084758 114
2290 0.002821367133809692 114.5
2300 0.002824858613025383 115
2310 0.002833123639046099 115.5
2320 0.002843609422336705 116
2330 0.002855914319229061 116.5
2340 0.002870459884588384 117
2350 0.002886751645682731 117.5
2360 0.002902458963638612 118
2370 0.002914068206341559 118.5
2380 0.00291974475636442 119
2390 0.002918330773140444 119.5
2400 0.002910369186409239 120
2410 0.002897100513671042 120.5
2420 0.002880653239248821 121
2430 0.002862611735965158 121.5
2440 0.002843307571314104 122
2450 0.002822337249382354 122.5
2460 0.002799734641434001 123
2470 0.002776552196923821 123.5
2480 0.002753380241609724 124
2490 0.002730095169815977 124.5
2500 0.002707173360737481 125
2510 0.002684157101693055 125.5
2520 0.002659742894670006 126
2530 0.002633333078428109 126.5
2540 0.002605054148347935 127
2550 0.002576311095654033 127.5
2560 0.002548097174997114 128
2570 0.002520697186431331 128.5
2580 0.002495319346241907 129
2590 0.002474955580307651 129.5
2600 0.002461418648467232 130
2610 0.002452973544102034 130.5
2620 0.002445085712206028 131
2630 0.002435872900483896 131.5
2640 0.002424740678310841 132
2650 0.002415072076868712 132.5
2660 0.002412767884116063 133
2670 0.002417964375975624 133.5
2680 0.00242880640310216 134
2690 0.002441315665139099 134.5
2700 0.002452787105300246 135
2710 0.002462127649225636 135.5
2720 0.00247033024058657 136
2730 0.002478216586018502 136.5
2740 0.002487328172235443 137
2750 0.002498876027181314 137.5
2760 0.002509905738960441 138
2770 0.002521930615290999 138.5
2780 0.002534503442576789 139
2790 0.002546885537961656 139.5
2800 0.002560162745654367 140
2810 0.002575343070450766 140.5
2820 0.002592453899278465 141
2830 0.002609931928880787 141.5
2840 0.002628226581543528 142
2850 0.002648261703194507 142.5
2860 0.002669937521745719 143
2870 0.002691792173853188 143.5
2880 0.002714079019050655 144
2890 0.002736902516975844 144.5
2900 0.002761084565718402 145
2910 0.002786424509187354 145.5
2920 0.002811788193591932 146
2930 0.002836029181175793 146.5
2940 0.00285860210251098 147
2950 0.002877580602375242 147.5
2960 0.00289132487082668 148
2970 0.002898947008449696 148.5
2980 0.002900408547633004 149
2990 0.002897095541890358 149.5
3000 0.002889972187344483 150
3010 0.002879158378565748 150.5
3020 0.002865831825560396 151
3030 0.002851684447254792 151.5
3040 0.002837550293366291 152
3050 0.00282440240012097 152.5
3060 0.002812886609356689 153
3070 0.00280358639134434 153.5
3080 0.002796824690015345 154
3090 0.002791845855310587 154.5
3100 0.002788213049336053 155
3110 0.002786209847812729 155.5
3120 0.00278579574132427 156
3130 0.002786695328810477 156.5
3140 0.002788488813966638 157
3150 0.0027908844057588 157.5
3160 0.002793501036773641 158
3170 0.00279656970340249 158.5
3180 0.002800482382726554 159
3190 0.002805722094177491 159.5
3200 0.002812371250294949 160
3210 0.002820388436712114 160.5
3220 0.0028300804367191 161
3230 0.002841163442868189 161.5
3240 0.00285371346685799 162
3250 0.00286839512952693 162.5
3260 0.002885488197410912 163
3270 0.002905018912507115 163.5
3280 0.00292689808353478 164
3290 0.00295095738445009 164.5
3300 0.00297664506202826 165
3310 0.003003737972567043 165.5
3320 0.003032350625619724 166
3330 0.00306234583909408 166.5
3340 0.003093514273803368 167
3350 0.003125489772735383 167.5
3360 0.003157891832043258 168
3370 0.003189596024342962 168.5
3380 0.00321894465776657 169
3390 0.003244447747853803 169.5
3400 0.00326483991868814 170
3410 0.003279256407599463 170.5
3420 0.003287327342585795 171
3430 0.003289422777802181 171.5
3440 0.003286296148266399 172
3450 0.003279125269864729 172.5
3460 0.003269157187720622 173
3470 0.003257157811936148 173.5
3480 0.003243530818582507 174
3490 0.003229015793518947 174.5
3500 0.003214487100416341 175
3510 0.003200937453643435 175.5
3520 0.003188723281296592 176
3530 0.003178684833168844 176.5
3540 0.003171360230369594 177
3550 0.003167473922973446 177.5
3560 0.00316561357293912 178
3570 0.003165470508684074 178.5
3580 0.003168439538908146 179
3590 0.003176284978259245 179.5
3600 0.003188779463495233 180
3610 0.003205823479452908 180.5
3620 0.003229271388876946 181
3630 0.003257752315977815 181.5
3640 0.00329010522837909 182
3650 0.003324990970386555 182.5
3660 0.003361532633593089 183
3670 0.003398291508601057 183.5
3680 0.003432630492937392 184
3690 0.003462828999134544 184.5
3700 0.00348909905771016 185
3710 0.003512427328703778 185.5
3720 0.00353421963796968 186
3730 0.003555116323447987 186.5
3740 0.003574277694465219 187
3750 0.003589647030474053 187.5
3760 0.003600468930323158 188
3770 0.003605463245733079 188.5
3780 0.003601275195466881 189
3790 0.003587928919766722 189.5
3800 0.003567856374065744 190
3810 0.003546196822161245 190.5
3820 0.00352537976557084 191
3830 0.003506173813116439 191.5
3840 0.003487824016107488 192
3850 0.003471214076128623 192.5
3860 0.003455839764535881 193
3870 0.003441851475346834 193.5
3880 0.003427956721821998 194
3890 0.003412904480421989 194.5
3900 0.003395229213828026 195
3910 0.003375853782245294 195.5
3920 0.003357003262206587 196
3930 0.00333862915774824 196.5
3940 0.003320063444782499 197
3950 0.003300348769186346 197.5
3960 0.003279376796737812 198
3970 0.003260517882661931 198.5
3980 0.003245156463700678 199
3990 0.003231980578873909 199.5
4000 0.003219605480732588 200
4010 0.003209212760416863 200.5
4020 0.003203379929485037 201
4030 0.003203878084230332 201.5
4040 0.003210463870754502 202
4050 0.003220320011870487 202.5
4060 0.003231421309465891 203
4070 0.003244972220216805 203.5
4080 0.003262011076449184 204
4090 0.003281246687339476 204.5
4100 0.003300854433162169 205
4110 0.003318979848814702 205.5
4120 0.003333848112885327 206
4130 0.003345363817776265 206.5
4140 0.003353398850497805 207
4150 0.003358902500127594 207.5
4160 0.003362864573076886 208
4170 0.003366493815180262 208.5
4180 0.003370532622410063 209
4190 0.0033764133632149 209.5
4200 0.00338315753498171 210
4210 0.003389819778798676 210.5
4220 0.003395609207713117 211
4230 0.003401041487786829 211.5
4240 0.003407568844986621 212
4250 0.003413929770768646 212.5
4260 0.00342020494279611 213
4270 0.00342693658795204 213.5
4280 0.003432682996606929 214
4290 0.003436583037574134 214.5
4300 0.003438577038788524 215
4310 0.003439717211363402 215.5
4320 0.00344075603599074 216
4330 0.003441920456075297 216.5
4340 0.003442433718386887 217
4350 0.003441814852409371 217.5
4360 0.003438759431116837 218
4370 0.003431873110775837 218.5
4380 0.003420707045106273 219
4390 0.003406855685509083 219.5
4400 0.003391450422756627 220
4410 0.003375104112006079 220.5
4420 0.003358309051393589 221
4430 0.003341437485080455 221.5
4440 0.003322958155080194 222
4450 0.00330073515593299 222.5
4460 0.003274543041353103 223
4470 0.003244496570841202 223.5
4480 0.003210089627399193 224
4490 0.003173198683502924 224.5
4500 0.003133481194598042 225
4510 0.003093337937012408 225.5
4520 0.003055434646249694 226
4530 0.003022218234944952 226.5
4540 0.002995074185389517 227
4550 0.002974659747431115 227.5
4560 0.002961880080574218 228
4570 0.002954849352949701 228.5
4580 0.002951980325319351 229
4590 0.002955056071454225 229.5
4600 0.002962168220853429 230
4610 0.002970848747454162 230.5
4620 0.002977808920196622 231
4630 0.002984750765399613 231.5
4640 0.002994399974607917 232
4650 0.003006069768121009 232.5
4660 0.003020463766373539 233
4670 0.003036701296452677 233.5
4680 0.00305025114578876 234
4690 0.003059769529717159 234.5
4700 0.003066765850295268 235
4710 0.00307287068735015 235.5
4720 0.003078861865804121 236
4730 0.003084830072485479 236.5
4740 0.003090190122385659 237
4750 0.003094200596311604 237.5
4760 0.003097068428411739 238
4770 0.00309891901492107 238.5
4780 0.003099280445578051 239
4790 0.003098482626711561 239.5
4800 0.003097017867197141 240
4810 0.003094911791603075 240.5
4820 0.003091936185499348 241
4830 0.003088702021968983 241.5
4840 0.003085215429887316 242
4850 0.003081332721791921 242.5
4860 0.00307739048023454 243
4870 0.003074192522558689 243.5
4880 0.003072317511214074 244
4890 0.003072367849085056 244.5
4900 0.003074573554884514 245
4910 0.003078694744924232 245.5
4920 0.003084779825808131 246
4930 0.003093371808517852 246.5
4940 0.003104966549851079 247
4950 0.003119069975788769 247.5
4960 0.003134771777566337 248
4970 0.003151340319489659 248.5
4980 0.003168778593502793 249
4990 0.003186679841709 249.5
5000 0.003205025703825126 250
