0 0.06344731897115707 0
10 0.0646127462387085 0.5
20 0.06405798345804214 1
30 0.06372117251157761 1.5
40 0.06349828094244003 2
50 0.06341318786144257 2.5
60 0.06335970014333725 3
70 0.06331759691238403 3.5
80 0.06313592195510864 4
90 0.06302471458911896 4.5
100 0.06295637041330338 5
110 0.06291650980710983 5.5
120 0.06294944882392883 6
130 0.06316790729761124 6.5
140 0.063095323741436 7
150 0.06310582906007767 7.5
160 0.06315958499908447 8
170 0.06317230314016342 8.5
180 0.06310786306858063 9
190 0.06311354041099548 9.5
200 0.06312306225299835 10
210 0.06306222081184387 10.5
220 0.06307200342416763 11
230 0.06300018727779388 11.5
240 0.06296699494123459 12
250 0.06294074654579163 12.5
260 0.06296601146459579 13
270 0.06276335567235947 13.5
280 0.06266145408153534 14
290 0.0626739114522934 14.5
300 0.06264165788888931 15
310 0.06272735446691513 15.5
320 0.0626813992857933 16
330 0.06272774189710617 16.5
340 0.06273579597473145 17
350 0.06282658129930496 17.5
360 0.06282500922679901 18
370 0.06288111209869385 18.5
380 0.062911756336689 19
390 0.06292040646076202 19.5
400 0.06287450343370438 20
410 0.06300920993089676 20.5
420 0.06312362104654312 21
430 0.06322306394577026 21.5
440 0.06329752504825592 22
450 0.06344997137784958 22.5
460 0.06345910578966141 23
470 0.06337081640958786 23.5
480 0.0635358914732933 24
490 0.06389565020799637 24.5
500 0.06422203779220581 25
510 0.06446295231580734 25.5
520 0.06452988088130951 26
530 0.06454081833362579 26.5
540 0.06440821290016174 27
550 0.06417606770992279 27.5
560 0.06385961174964905 28
570 0.06352110207080841 28.5
580 0.06313429772853851 29
590 0.06282580643892288 29.5
600 0.06256121397018433 30
610 0.06242483109235764 30.5
620 0.06234679743647575 31
630 0.06216256693005562 31.5
640 0.062095046043396 32
650 0.06208732351660728 32.5
660 0.0622250959277153 33
670 0.06239650771021843 33.5
680 0.06252691894769669 34
690 0.06260982900857925 34.5
700 0.06266003847122192 35
710 0.06266312301158905 35.5
720 0.06261476874351501 36
730 0.06251998245716095 36.5
740 0.06238773837685585 37
750 0.06216021999716759 37.5
760 0.06194610521197319 38
770 0.06171835958957672 38.5
780 0.06146036088466644 39
790 0.06122323870658875 39.5
800 0.06100605055689812 40
810 0.06079080328345299 40.5
820 0.06053676456212997 41
830 0.06030257418751717 41.5
840 0.06006599962711334 42
850 0.05977307260036469 42.5
860 0.05952140688896179 43
870 0.05930755659937859 43.5
880 0.05917384102940559 44
890 0.05903942510485649 44.5
900 0.05937397107481956 45
910 0.0598924495279789 45.5
920 0.06051544100046158 46
930 0.06119778007268906 46.5
940 0.0618845671415329 47
950 0.0624798871576786 47.5
960 0.06301974505186081 48
970 0.0634307786822319 48.5
980 0.06365803629159927 49
990 0.06383512914180756 49.5
1000 0.06401799619197845 50
1010 0.06430451571941376 50.5
1020 0.06469981372356415 51
1030 0.0651271715760231 51.5
1040 0.06548814475536346 52
1050 0.06564262509346008 52.5
1060 0.06566542387008667 53
1070 0.06562783569097519 53.5
1080 0.06549262255430222 54
1090 0.06521303206682205 54.5
1100 0.06491705030202866 55
1110 0.06463827192783356 55.5
1120 0.06443774700164795 56
1130 0.06427962332963943 56.5
1140 0.06417375057935715 57
1150 0.06416817754507065 57.5
1160 0.0642058402299881 58
1170 0.06425265222787857 58.5
1180 0.06435069441795349 59
1190 0.06448765099048615 59.5
1200 0.06460253894329071 60
1210 0.06472452729940414 60.5
1220 0.06478164345026016 61
1230 0.06482437252998352 61.5
1240 0.06472912430763245 62
1250 0.06459150463342667 62.5
1260 0.06438364088535309 63
1270 0.06409655511379242 63.5
1280 0.06375464797019958 64
1290 0.06343356519937515 64.5
1300 0.06309882551431656 65
1310 0.063389852643013 65.5
1320 0.0637299045920372 66
1330 0.06409312039613724 66.5
1340 0.06444337218999863 67
1350 0.06474852561950684 67.5
1360 0.06491101533174515 68
1370 0.06490430235862732 68.5
1380 0.06484757363796234 69
1390 0.06481881439685822 69.5
1400 0.06473981589078903 70
1410 0.06463508307933807 70.5
1420 0.06444554775953293 71
1430 0.06439036130905151 71.5
1440 0.06440858542919159 72
1450 0.06432327628135681 72.5
1460 0.06421506404876709 73
1470 0.06407768279314041 73.5
1480 0.06394635885953903 74
1490 0.06381373107433319 74.5
1500 0.06368032842874527 75
1510 0.06355597823858261 75.5
1520 0.06349114328622818 76
1530 0.06343603879213333 76.5
1540 0.06340114772319794 77
1550 0.06335552036762238 77.5
1560 0.06334063410758972 78
1570 0.06338953226804733 78.5
1580 0.06343001127243042 79
1590 0.06346888840198517 79.5
1600 0.0635751485824585 80
1610 0.06371024996042252 80.5
1620 0.06387909501791 81
1630 0.06408390402793884 81.5
1640 0.06434310227632523 82
1650 0.06457800418138504 82.5
1660 0.06487176567316055 83
1670 0.06508135795593262 83.5
1680 0.06532388925552368 84
1690 0.06552394479513168 84.5
1700 0.06571990996599197 85
1710 0.06591924279928207 85.5
1720 0.06610549986362457 86
1730 0.06633947789669037 86.5
1740 0.06657765805721283 87
1750 0.06682535260915756 87.5
1760 0.06695703417062759 88
1770 0.06706107407808304 88.5
1780 0.06709930300712585 89
1790 0.06704487651586533 89.5
1800 0.06691887229681015 90
1810 0.06674038618803024 90.5
1820 0.06640802323818207 91
1830 0.06599079072475433 91.5
1840 0.06578141450881958 92
1850 0.0657610297203064 92.5
1860 0.06565282493829727 93
1870 0.06581185758113861 93.5
1880 0.06591801345348358 94
1890 0.06590857356786728 94.5
1900 0.06576121598482132 95
1910 0.06548694521188736 95.5
1920 0.06531950831413269 96
1930 0.06516813486814499 96.5
1940 0.06497149914503098 97
1950 0.06475796550512314 97.5
1960 0.06449739634990692 98
1970 0.06428305804729462 98.5
1980 0.06410733610391617 99
1990 0.06396067142486572 99.5
2000 0.06379067897796631 100
2010 0.06363914161920547 100.5
2020 0.06351585686206818 101
2030 0.0634346604347229 101.5
2040 0.06329451501369476 102
2050 0.06324990093708038 102.5
2060 0.06327204406261444 103
2070 0.06323196738958359 103.5
2080 0.06311817467212677 104
2090 0.06301484256982803 104.5
2100 0.06289021670818329 105
2110 0.06279707700014114 105.5
2120 0.06261938810348511 106
2130 0.06239680573344231 106.5
2140 0.06226489692926407 107
2150 0.06218438595533371 107.5
2160 0.06213333085179329 108
2170 0.06210767850279808 108.5
2180 0.0620243027806282 109
2190 0.06194488704204559 109.5
2200 0.06184492632746696 110
2210 0.06170511990785599 110.5
2220 0.06160630285739899 111
2230 0.06146134436130524 111.5
2240 0.06128393113613129 112
2250 0.06114118173718452 112.5
2260 0.06102140247821808 113
2270 0.06098149344325066 113.5
2280 0.06105458736419678 114
2290 0.06117080524563789 114.5
2300 0.06148742511868477 115
2310 0.06204888597130775 115.5
2320 0.06267456710338593 116
2330 0.06331904977560043 116.5
2340 0.06396152824163437 117
2350 0.06455426663160324 117.5
2360 0.06509750336408615 118
2370 0.06543312221765518 118.5
2380 0.06561876833438873 119
2390 0.06562109291553497 119.5
2400 0.0654771700501442 120
2410 0.06531898677349091 120.5
2420 0.06513173878192902 121
2430 0.06496143341064453 121.5
2440 0.0648207888007164 122
2450 0.06464579701423645 122.5
2460 0.06451290845870972 123
2470 0.06451454758644104 123.5
2480 0.06465745717287064 124
2490 0.06495115906000137 124.5
2500 0.06539123505353928 125
2510 0.0659448653459549 125.5
2520 0.06660851836204529 126
2530 0.06738876551389694 126.5
2540 0.06809326261281967 127
2550 0.06862630695104599 127.5
2560 0.06894893199205399 128
2570 0.06894705444574356 128.5
2580 0.06871926039457321 129
2590 0.06843230128288269 129.5
2600 0.06799193471670151 130
2610 0.06731244176626205 130.5
2620 0.06674835830926895 131
2630 0.06623827666044235 131.5
2640 0.06577195972204208 132
2650 0.06532704085111618 132.5
2660 0.06479427218437195 133
2670 0.0643986314535141 133.5
2680 0.06408786773681641 134
2690 0.06384500861167908 134.5
2700 0.06354939192533493 135
2710 0.06321324408054352 135.5
2720 0.06276164203882217 136
2730 0.06255277246236801 136.5
2740 0.06238847970962524 137
2750 0.06227923184633255 137.5
2760 0.06216153874993324 138
2770 0.06206647306680679 138.5
2780 0.0619608499109745 139
2790 0.06187610700726509 139.5
2800 0.06185592710971832 140
2810 0.06183552742004395 140.5
2820 0.06182879582047462 141
2830 0.06181523948907852 141.5
2840 0.0618288591504097 142
2850 0.06184113770723343 142.5
2860 0.0618298202753067 143
2870 0.06187272071838379 143.5
2880 0.06196259334683418 144
2890 0.06208086013793945 144.5
2900 0.06220891699194908 145
2910 0.06233606114983559 145.5
2920 0.06243576854467392 146
2930 0.06252564489841461 146.5
2940 0.06262076646089554 147
2950 0.06274565309286118 147.5
2960 0.06285523623228073 148
2970 0.06307084858417511 148.5
2980 0.06325362622737885 149
2990 0.06343384832143784 149.5
3000 0.06359490752220154 150
3010 0.06375373899936676 150.5
3020 0.06382216513156891 151
3030 0.06386792659759521 151.5
3040 0.06391162425279617 152
3050 0.06390876322984695 152.5
3060 0.06387624889612198 153
3070 0.06382673233747482 153.5
3080 0.06374447792768478 154
3090 0.06357414275407791 154.5
3100 0.06341498345136642 155
3110 0.06323976814746857 155.5
3120 0.06302452832460403 156
3130 0.06279687583446503 156.5
3140 0.0625733956694603 157
3150 0.06249596923589706 157.5
3160 0.06246968358755112 158
3170 0.06230996176600456 158.5
3180 0.06205149367451668 159
3190 0.06176479905843735 159.5
3200 0.06144846230745316 160
3210 0.06116083636879921 160.5
3220 0.06092542037367821 161
3230 0.06072299554944038 161.5
3240 0.06065959855914116 162
3250 0.06057409569621086 162.5
3260 0.06049512699246407 163
3270 0.06036276742815971 163.5
3280 0.06019574031233788 164
3290 0.06001613661646843 164.5
3300 0.05986695364117622 165
3310 0.05970470607280731 165.5
3320 0.05953024700284004 166
3330 0.0593455471098423 166.5
3340 0.05919878929853439 167
3350 0.05899370834231377 167.5
3360 0.05925460159778595 168
3370 0.05967675894498825 168.5
3380 0.06012295559048653 169
3390 0.06052782014012337 169.5
3400 0.0609012246131897 170
3410 0.06114096939563751 170.5
3420 0.06124575808644295 171
3430 0.06126551330089569 171.5
3440 0.06121992319822311 172
3450 0.06107502803206444 172.5
3460 0.06086445972323418 173
3470 0.06060663983225822 173.5
3480 0.06029122322797775 174
3490 0.06006697937846184 174.5
3500 0.06027248874306679 175
3510 0.06051309779286385 175.5
3520 0.06072315573692322 176
3530 0.06083863228559494 176.5
3540 0.06089701130986214 177
3550 0.06086147949099541 177.5
3560 0.06072184443473816 178
3570 0.06039955839514732 178.5
3580 0.05998850613832474 179
3590 0.05942672863602638 179.5
3600 0.05932975560426712 180
3610 0.05962100625038147 180.5
3620 0.05957579985260963 181
3630 0.05936271324753761 181.5
3640 0.05920023843646049 182
3650 0.05910146236419678 182.5
3660 0.05897441878914833 183
3670 0.05965390428900719 183.5
3680 0.060417290776968 184
3690 0.06122429296374321 184.5
3700 0.06203984841704369 185
3710 0.06276474148035049 185.5
3720 0.06333684176206589 186
3730 0.0637686625123024 186.5
3740 0.06404450535774231 187
3750 0.06419806182384491 187.5
3760 0.06425030529499054 188
3770 0.06418052315711975 188.5
3780 0.06395745277404785 189
3790 0.06363719701766968 189.5
3800 0.06320955604314804 190
3810 0.0627441480755806 190.5
3820 0.06225005909800529 191
3830 0.06173620745539665 191.5
3840 0.06123774498701096 192
3850 0.06086953729391098 192.5
3860 0.06045389547944069 193
3870 0.06011292338371277 193.5
3880 0.05987967178225517 194
3890 0.05991211533546448 194.5
3900 0.06001977249979973 195
3910 0.06017481163144112 195.5
3920 0.06029198691248894 196
3930 0.06042181327939034 196.5
3940 0.06055022776126862 197
3950 0.06060066446661949 197.5
3960 0.06060132756829262 198
3970 0.06060795113444328 198.5
3980 0.06061979383230209 199
3990 0.06061847135424614 199.5
4000 0.06057342141866684 200
4010 0.06050114333629608 200.5
4020 0.06041373312473297 201
4030 0.06037477031350136 201.5
4040 0.06040980666875839 202
4050 0.06053855270147324 202.5
4060 0.0607229471206665 203
4070 0.06096732616424561 203.5
4080 0.06119974330067635 204
4090 0.06144718453288078 204.5
4100 0.06167502328753471 205
4110 0.06188252568244934 205.5
4120 0.06201180070638657 206
4130 0.0621131993830204 206.5
4140 0.06217100471258163 207
4150 0.06219511851668358 207.5
4160 0.06220217049121857 208
4170 0.06217197701334953 208.5
4180 0.06210378557443619 209
4190 0.06203366816043854 209.5
4200 0.06195631995797157 210
4210 0.06194914877414703 210.5
4220 0.06196377798914909 211
4230 0.06202960759401321 211.5
4240 0.06210178136825562 212
4250 0.06230229511857033 212.5
4260 0.06282301992177963 213
4270 0.06342709064483643 213.5
4280 0.06398434191942215 214
4290 0.06445708125829697 214.5
4300 0.06481223553419113 215
4310 0.06517882645130157 215.5
4320 0.06542876362800598 216
4330 0.06555718928575516 216.5
4340 0.0656127855181694 217
4350 0.06559766829013824 217.5
4360 0.06544747203588486 218
4370 0.06512255966663361 218.5
4380 0.06475868821144104 219
4390 0.06433688849210739 219.5
4400 0.06393386423587799 220
4410 0.063585065305233 220.5
4420 0.06328730285167694 221
4430 0.06314314901828766 221.5
4440 0.06317169219255447 222
4450 0.06330104917287827 222.5
4460 0.06332612037658691 223
4470 0.06351716816425323 223.5
4480 0.06375541538000107 224
4490 0.06389688700437546 224.5
4500 0.06393960863351822 225
4510 0.06384194642305374 225.5
4520 0.06355434656143188 226
4530 0.0631793737411499 226.5
4540 0.062748983502388 227
4550 0.06231705844402313 227.5
4560 0.0619395487010479 228
4570 0.0615551695227623 228.5
4580 0.06128887459635735 229
4590 0.06114810332655907 229.5
4600 0.06115925684571266 230
4610 0.06124754995107651 230.5
4620 0.06133627519011497 231
4630 0.06141065433621407 231.5
4640 0.06146234273910522 232
4650 0.06153259053826332 232.5
4660 0.06162921711802483 233
4670 0.06174575164914131 233.5
4680 0.06188469752669334 234
4690 0.06198494136333466 234.5
4700 0.06204430758953094 235
4710 0.06206981465220451 235.5
4720 0.06210526078939438 236
4730 0.0621340274810791 236.5
4740 0.06220433861017227 237
4750 0.06227625161409378 237.5
4760 0.06231465563178062 238
4770 0.06237542256712914 238.5
4780 0.06241061165928841 239
4790 0.0624910369515419 239.5
4800 0.06251088529825211 240
4810 0.06262261420488358 240.5
4820 0.06268128752708435 241
4830 0.06274952739477158 241.5
4840 0.0628286600112915 242
4850 0.06290242075920105 242.5
4860 0.06296156346797943 243
4870 0.06307480484247208 243.5
4880 0.06313519179821014 244
4890 0.06317207217216492 244.5
4900 0.06316604465246201 245
4910 0.06315057724714279 245.5
4920 0.06311072409152985 246
4930 0.06301795691251755 246.5
4940 0.06288586556911469 247
4950 0.06277600675821304 247.5
4960 0.06264539808034897 248
4970 0.06247232854366302 248.5
4980 0.06230680271983147 249
4990 0.0621228814125061 249.5
5000 0.06195236369967461 250
