0 0 0
10 8.922523529277291e-06 0.5
20 1.789338708972079e-05 1
30 2.686381695366655e-05 1.5
40 3.582945285692521e-05 2
50 4.478869843004256e-05 2.5
60 5.373817478957542e-05 3
70 6.267619978969814e-05 3.5
80 7.159922213867511e-05 4
90 8.050719447677565e-05 4.5
100 8.940466785293699e-05 5
110 9.8294392253071e-05 5.5
120 0.0001071774401945246 6
130 0.0001160539423993248 6.5
140 0.0001249240680884199 7
150 0.0001337888989531809 7.5
160 0.0001426523023680435 8
170 0.0001515187145953547 8.5
180 0.0001603880348685417 9
190 0.0001692578884785357 9.5
200 0.0001781252520631461 10
210 0.0001869798341907499 10.5
220 0.0001958207097066241 11
230 0.0002046483547835053 11.5
240 0.0002134634117334866 12
250 0.0002222649222219009 12.5
260 0.0002310529116563118 13
270 0.000239827036025652 13.5
280 0.0002485902477296884 14
290 0.000257344824786669 14.5
300 0.0002660893434660604 15
310 0.0002748210408324001 15.5
320 0.0002835396834744642 16
330 0.0002922454473818401 16.5
340 0.0003009359667033936 17
350 0.0003096094974392803 17.5
360 0.0003182644548799927 18
370 0.0003268986086398008 18.5
380 0.0003355083410761884 19
390 0.0003440880777882239 19.5
400 0.0003526282324589666 20
410 0.0003611137906573848 20.5
420 0.0003695261656093108 21
430 0.0003778480372714731 21.5
440 0.0003860626853660365 22
450 0.0003941558264307497 22.5
460 0.0004021171522408643 23
470 0.0004099399391038152 23.5
480 0.0004176225797709806 24
490 0.0004251657817661992 24.5
500 0.0004325694420830019 25
510 0.0004398327480260162 25.5
520 0.0004469634532586885 26
530 0.0004539793525583091 26.5
540 0.0004609011585700306 27
550 0.0004677454573759824 27.5
560 0.0004745235826972377 28
570 0.0004812367874426341 28.5
580 0.0004878808990289815 29
590 0.0004944464268426446 29.5
600 0.0005009259982338178 30
610 0.0005073101077013084 30.5
620 0.0005135906204253463 31
630 0.0005197642034284964 31.5
640 0.0005258286479913151 32
650 0.000531778397462472 32.5
660 0.0005376097213146293 33
670 0.0005433216847256226 33.5
680 0.0005489117470142587 34
690 0.0005543715843054688 34.5
700 0.0005596909434335042 35
710 0.0005648557819828775 35.5
720 0.0005698552205032508 36
730 0.0005746856304768539 36.5
740 0.0005793455667927133 37
750 0.0005838391495125627 37.5
760 0.000588168418377614 38
770 0.0005923399129777041 38.5
780 0.0005963589069149619 39
790 0.0006002307947033674 39.5
800 0.0006039599996251237 40
810 0.000607554402711647 40.5
820 0.0006110269675186226 41
830 0.0006143977521980837 41.5
840 0.0006176905000226649 42
850 0.0006209241512215503 42.5
860 0.000624101740904849 43
870 0.0006272171278770054 43.5
880 0.0006302608617889668 44
890 0.0006332218180569192 44.5
900 0.0006360903227040275 45
910 0.0006388520392918413 45.5
920 0.0006414876856826468 46
930 0.000643984267073928 46.5
940 0.0006463450094027118 47
950 0.0006485894145136115 47.5
960 0.0006507407843893745 48
970 0.0006528148755225052 48.5
980 0.0006548158099922582 49
990 0.0006567496821013236 49.5
1000 0.0006586186772044161 50
1010 0.0006604281688424602 50.5
1020 0.0006621839416319514 51
1030 0.0006638986446442078 51.5
1040 0.0006655894701689581 52
1050 0.0006672796676566032 52.5
1060 0.0006689879157329672 53
1070 0.0006707298416492943 53.5
1080 0.0006725213942373329 54
1090 0.0006743643431792461 54.5
1100 0.0006762432990630161 55
1110 0.0006781439528917823 55.5
1120 0.0006800573327925483 56
1130 0.0006819773103330474 56.5
1140 0.0006838967329162349 57
1150 0.0006858086828475679 57.5
1160 0.0006877050624985857 58
1170 0.0006895742965046428 58.5
1180 0.0006914003282583712 59
1190 0.0006931633046309311 59.5
1200 0.0006948482676019697 60
1210 0.000696439377391188 60.5
1220 0.0006979244198058302 61
1230 0.0006992891232518136 61.5
1240 0.0007005170824157936 62
1250 0.0007015931846997925 62.5
1260 0.0007025079182003844 63
1270 0.0007032635102877353 63.5
1280 0.0007038792553308459 64
1290 0.0007043866404185867 64.5
1300 0.0007048181146775759 65
1310 0.0007052062674454304 65.5
1320 0.0007055829386642665 66
1330 0.0007059709422022369 66.5
1340 0.0007063817837842024 67
1350 0.0007068214311030694 67.5
1360 0.0007072910452076136 68
1370 0.000707786923987567 68.5
1380 0.0007083070636943559 69
1390 0.0007088505876980188 69.5
1400 0.000709423587867816 70
1410 0.0007100334058792567 70.5
1420 0.0007106923886125543 71
1430 0.0007114119885761587 71.5
1440 0.0007121952479713496 72
1450 0.0007130381992172636 72.5
1460 0.0007139365023042899 73
1470 0.0007148850161091038 73.5
1480 0.0007158782605793377 74
1490 0.0007169092381513776 74.5
1500 0.0007179745082763684 75
1510 0.0007190683060830921 75.5
1520 0.0007201799153303844 76
1530 0.0007212928272844945 76.5
1540 0.0007223891225878587 77
1550 0.0007234533031449285 77.5
1560 0.0007244768990385522 78
1570 0.0007254531042434304 78.5
1580 0.0007263764226722946 79
1590 0.0007272422950452246 79.5
1600 0.0007280460826254356 80
1610 0.000728780919537648 80.5
1620 0.000729437926431615 81
1630 0.000730017043251119 81.5
1640 0.0007305306575887586 82
1650 0.000731003593189054 82.5
1660 0.0007314684850082391 83
1670 0.0007319536532684196 83.5
1680 0.0007324682521161581 84
1690 0.0007330081563110453 84.5
1700 0.0007335690069884579 85
1710 0.0007341495859503877 85.5
1720 0.0007347545075556675 86
1730 0.0007353875633416578 86.5
1740 0.0007360430441504504 87
1750 0.000736707683219326 87.5
1760 0.000737364200780877 88
1770 0.0007379989582630261 88.5
1780 0.000738606138326483 89
1790 0.0007391946851083132 89.5
1800 0.0007397839695793703 90
1810 0.000740389972486192 90.5
1820 0.0007410223156259384 91
1830 0.0007416817345275927 91.5
1840 0.0007423655601527898 92
1850 0.000743071740861244 92.5
1860 0.0007438024408513777 93
1870 0.0007445600901177712 93.5
1880 0.0007453479649481225 94
1890 0.0007461655159935504 94.5
1900 0.0007470076453164037 95
1910 0.0007478627204734603 95.5
1920 0.0007487181500406711 96
1930 0.0007495583659601928 96.5
1940 0.0007503679745715276 97
1950 0.000751130020548685 97.5
1960 0.0007518209247374015 98
1970 0.0007524155260121219 98.5
1980 0.0007528948382726045 99
1990 0.0007532498198888991 99.5
2000 0.0007534801277527713 100
2010 0.0007535908869941418 100.5
2020 0.0007536006872388419 101
2030 0.0007535354983007498 101.5
2040 0.000753417174503139 102
2050 0.0007532635058971812 102.5
2060 0.000753085880474981 103
2070 0.0007528860943613955 103.5
2080 0.0007526623874726143 104
2090 0.0007524153805895728 104.5
2100 0.0007521502690344565 105
2110 0.0007518750119462641 105.5
2120 0.0007516017677681789 106
2130 0.0007513403011106169 106.5
2140 0.0007510961409600232 107
2150 0.00075087077751408 107.5
2160 0.0007506729123686704 108
2170 0.0007505174791345944 108.5
2180 0.000750415597971278 109
2190 0.0007503652606797969 109.5
2200 0.0007503545400710054 110
2210 0.0007503649473257656 110.5
2220 0.0007503707815391286 111
2230 0.0007503332181277926 111.5
2240 0.0007502345953349157 112
2250 0.0007500755988355871 112.5
2260 0.0007498579306617226 113
2270 0.0007495928508075288 113.5
2280 0.000749290606221414 114
2290 0.0007489653329126522 114.5
2300 0.0007486389309770304 115
2310 0.000748334416436245 115.5
2320 0.0007480756437229542 116
2330 0.0007478840903199557 116.5
2340 0.0007477786810499725 117
2350 0.0007477619158891345 117.5
2360 0.0007478156512080274 118
2370 0.0007479171583680797 118.5
2380 0.0007480395076883312 119
2390 0.0007481602526066776 119.5
2400 0.0007482693725610665 120
2410 0.0007483628596587575 120.5
2420 0.0007484381639412197 121
2430 0.000748498499177363 121.5
2440 0.0007485505167885087 122
2450 0.0007486017474801645 122.5
2460 0.000748655959974765 123
2470 0.000748714324144441 123.5
2480 0.0007487746698871526 124
2490 0.0007488356628776396 124.5
2500 0.0007488919677732727 125
2510 0.0007489373910785278 125.5
2520 0.0007489722876911358 126
2530 0.0007489957724770065 126.5
2540 0.0007490040399598709 127
2550 0.0007489908163278695 127.5
2560 0.0007489491287507064 128
2570 0.0007488782248099103 128.5
2580 0.0007487821126967818 129
2590 0.0007486657969215826 129.5
2600 0.0007485366396741522 130
2610 0.0007483965592770741 130.5
2620 0.0007482491855039801 131
2630 0.0007481049572726319 131.5
2640 0.0007479863805991667 132
2650 0.0007479133355936299 132.5
2660 0.000747894126088604 133
2670 0.0007479282959435833 133.5
2680 0.0007480131568048655 134
2690 0.0007481411255151499 134.5
2700 0.000748303645508634 135
2710 0.0007484939583425321 135.5
2720 0.0007487053046158997 136
2730 0.0007489313366142206 136.5
2740 0.0007491695843600176 137
2750 0.0007494197970169019 137.5
2760 0.0007496788286343825 138
2770 0.0007499439607504923 138.5
2780 0.0007502202285136665 139
2790 0.000750515110696496 139.5
2800 0.000750831935469834 140
2810 0.0007511677815733344 140.5
2820 0.0007515204453312015 141
2830 0.0007518863110462405 141.5
2840 0.0007522575847081735 142
2850 0.000752626453547025 142.5
2860 0.0007529893237697815 143
2870 0.0007533456689485017 143.5
2880 0.0007536927882244255 144
2890 0.000754028028280343 144.5
2900 0.0007543547520896723 145
2910 0.0007546751529613073 145.5
2920 0.000754991315908623 146
2930 0.0007553079983461592 146.5
2940 0.0007556312681892263 147
2950 0.0007559644048254063 147.5
2960 0.0007563045552694958 148
2970 0.0007566454110785704 148.5
2980 0.0007569761405182398 149
2990 0.0007572810927061215 149.5
3000 0.000757540737710511 150
3010 0.0007577427627346341 150.5
3020 0.0007578822563595681 151
3030 0.0007579691050423924 151.5
3040 0.0007580260171540927 152
3050 0.0007580808295408663 152.5
3060 0.0007581532357010006 153
3070 0.0007582553794415614 153.5
3080 0.0007583875430380868 154
3090 0.0007585423730514405 154.5
3100 0.0007587121505155923 155
3110 0.0007588896937638657 155.5
3120 0.000759066086415324 156
3130 0.0007592345471268422 156.5
3140 0.0007593947535221112 157
3150 0.0007595513789510016 157.5
3160 0.0007597135960773006 158
3170 0.0007598926758086109 158.5
3180 0.0007600915197931027 159
3190 0.0007603019335294711 159.5
3200 0.0007605049131631554 160
3210 0.0007606743559841435 160.5
3220 0.0007607951372991345 161
3230 0.0007608601593388574 161.5
3240 0.0007608706420859843 162
3250 0.0007608292950636594 162.5
3260 0.000760737513901708 163
3270 0.0007606038554309581 163.5
3280 0.00076044470026039 164
3290 0.0007602865169387109 164.5
3300 0.0007601665963222981 165
3310 0.0007601279771888012 165.5
3320 0.0007601928294017564 166
3330 0.0007603494525002973 166.5
3340 0.0007605649300251528 167
3350 0.0007608154166648927 167.5
3360 0.0007610851216992384 168
3370 0.0007613592939326856 168.5
3380 0.0007616206334624416 169
3390 0.000761854801107705 169.5
3400 0.0007620520958310735 170
3410 0.0007622099432078919 170.5
3420 0.0007623247824158133 171
3430 0.000762391723930553 171.5
3440 0.0007624095238412067 172
3450 0.0007623867963864073 172.5
3460 0.0007623255292413196 173
3470 0.0007622160272890329 173.5
3480 0.0007620522680527445 174
3490 0.0007618423094386533 174.5
3500 0.0007616129861365145 175
3510 0.0007613873675173678 175.5
3520 0.0007611793662041522 176
3530 0.0007610024289876223 176.5
3540 0.0007608634327686749 177
3550 0.0007607627517018835 177.5
3560 0.0007607028872207903 178
3570 0.0007606896937351745 178.5
3580 0.0007607397272054399 179
3590 0.0007608804643416485 179.5
3600 0.0007611249194709193 180
3610 0.0007614560428228246 180.5
3620 0.000761835463659068 181
3630 0.000762225928240148 181.5
3640 0.0007626001832168665 182
3650 0.0007629387230628093 182.5
3660 0.0007632286481423243 183
3670 0.0007634678057979184 183.5
3680 0.0007636575794649594 184
3690 0.0007637981757265515 184.5
3700 0.0007638917272824312 185
3710 0.0007639473782028127 185.5
3720 0.0007639760268711564 186
3730 0.0007639844290795742 186.5
3740 0.0007639714784141135 187
3750 0.0007639341731986134 187.5
3760 0.0007638769573586998 188
3770 0.0007638129482139868 188.5
3780 0.0007637571030466846 189
3790 0.0007637176392861267 189.5
3800 0.0007636915080871865 190
3810 0.0007636742356999811 190.5
3820 0.0007636678009145725 191
3830 0.0007636782379932916 191.5
3840 0.0007637061569775469 192
3850 0.0007637420476573339 192.5
3860 0.0007637695587361987 193
3870 0.0007637773037361763 193.5
3880 0.0007637598663989336 194
3890 0.0007637220309880322 194.5
3900 0.00076367244366436 195
3910 0.0007636273893733787 195.5
3920 0.000763601816843732 196
3930 0.000763606742188255 196.5
3940 0.0007636496884152095 197
3950 0.000763729682114077 197.5
3960 0.000763845147340023 198
3970 0.0007639915184539117 198.5
3980 0.0007641599330723637 199
3990 0.0007643413833894532 199.5
4000 0.0007645264955084858 200
4010 0.0007647124550336299 200.5
4020 0.0007648995233258227 201
4030 0.0007650883380277083 201.5
4040 0.0007652783780018279 202
4050 0.0007654671283536379 202.5
4060 0.0007656483707203175 203
4070 0.0007658119047392732 203.5
4080 0.0007659542419768768 204
4090 0.0007660810288969345 204.5
4100 0.0007662040674373338 205
4110 0.0007663371021904096 205.5
4120 0.0007664899504291922 206
4130 0.0007666729384704683 206.5
4140 0.0007668949829951028 207
4150 0.000767158747678264 207.5
4160 0.0007674607170817749 208
4170 0.0007677940082284489 208.5
4180 0.0007681516908553489 209
4190 0.0007685218293375193 209.5
4200 0.0007688887050865952 210
4210 0.0007692367256061383 210.5
4220 0.0007695509630669939 211
4230 0.0007698160786858912 211.5
4240 0.0007700139613209297 212
4250 0.0007701325677572409 212.5
4260 0.0007701632085283888 213
4270 0.0007701005753725001 213.5
4280 0.0007699421720439132 214
4290 0.0007696857109363113 214.5
4300 0.0007693373673569831 215
4310 0.000768907736539485 215.5
4320 0.0007684069124027554 216
4330 0.0007678328499787021 216.5
4340 0.0007671740745682635 217
4350 0.0007664213834462589 217.5
4360 0.0007655767890627996 218
4370 0.0007646438313641092 218.5
4380 0.0007636313536573735 219
4390 0.0007625421384187779 219.5
4400 0.0007613793217622445 220
4410 0.0007601527644375384 220.5
4420 0.0007588885123468132 221
4430 0.0007576273277952303 221.5
4440 0.0007564116652772515 222
4450 0.0007552695337742089 222.5
4460 0.0007542169960648387 223
4470 0.0007532692517313695 223.5
4480 0.0007524448719731772 224
4490 0.0007517531899598129 224.5
4500 0.0007511908580484028 225
4510 0.0007507459978470154 225.5
4520 0.0007504097237491757 226
4530 0.0007501663572897239 226.5
4540 0.0007499862028761968 227
4550 0.0007498352043900837 227.5
4560 0.0007496866375101521 228
4570 0.0007495194305474548 228.5
4580 0.0007493170184456325 229
4590 0.0007490619793854433 229.5
4600 0.0007487442610187963 230
4610 0.000748378219349621 230.5
4620 0.0007480071302127079 231
4630 0.0007476833874319206 231.5
4640 0.0007474409644858882 232
4650 0.0007472907726266254 232.5
4660 0.0007472229626417304 233
4670 0.0007472144302575752 233.5
4680 0.0007472383377625983 234
4690 0.0007472720999313676 234.5
4700 0.000747308211755684 235
4710 0.0007473532619123692 235.5
4720 0.0007474194785413508 236
4730 0.0007475186124956539 236.5
4740 0.0007476611915283431 237
4750 0.0007478535142743673 237.5
4760 0.0007480966068676574 238
4770 0.0007483887629738307 238.5
4780 0.0007487273542239881 239
4790 0.0007491128273537631 239.5
4800 0.0007495494186967219 240
4810 0.0007500390093443416 240.5
4820 0.0007505825546650821 241
4830 0.000751181179620883 241.5
4840 0.0007518322129294628 242
4850 0.0007525303338006624 242.5
4860 0.0007532698137677038 243
4870 0.0007540432131097026 243.5
4880 0.0007548424912058756 244
4890 0.0007556599041334003 244.5
4900 0.000756491064850146 245
4910 0.0007573277718200111 245.5
4920 0.0007581614738370154 246
4930 0.0007589852863114021 246.5
4940 0.0007597925717356691 247
4950 0.0007605780981745789 247.5
4960 0.0007613305338888144 248
4970 0.0007620384364086944 248.5
4980 0.0007626944949840101 249
4990 0.0007632963722142161 249.5
5000 0.0007638456354666564 250
