0 0 0
0 0 0
10 9.966900419979198e-42 0.5
20 7.635610196171802e-35 1
30 1.086743937335709e-33 1.5
40 2.054010708385835e-34 2
50 2.069067481338209e-27 2.5
60 4.282592803360085e-27 3
70 1.417040081664605e-25 3.5
80 3.303731267148308e-20 4
90 2.662453864884728e-20 4.5
100 6.166280443125521e-18 5
110 2.110932389924929e-17 5.5
120 1.199905647139405e-16 6
130 3.20465254395118e-14 6.5
140 1.799752670505498e-13 7
150 6.427619856673199e-13 7.5
160 1.828710554751563e-12 8
170 4.743166693287466e-12 8.5
180 1.189838672800824e-11 9
190 2.994848187768216e-11 9.5
200 7.504518377355499e-11 10
210 1.857798729686552e-10 10.5
220 4.305454945584153e-10 11
230 1.055011819232454e-09 11.5
240 2.994647273874144e-09 12
250 9.217776577503607e-09 12.5
260 2.806172595105974e-08 13
270 7.46172022413564e-08 13.5
280 1.728959769964519e-07 14
290 3.579358223557493e-07 14.5
300 6.729269035593221e-07 15
310 1.171022803291088e-06 15.5
320 1.909240719287338e-06 16
330 3.020892226671995e-06 16.5
340 4.763239907553602e-06 17
350 7.622130606156662e-06 17.5
360 1.248960272940242e-05 18
370 2.036618777237737e-05 18.5
380 3.171319589887737e-05 19
390 4.699110112650958e-05 19.5
400 6.663669988011852e-05 20
410 9.16681719258829e-05 20.5
420 0.0001230342107253694 21
430 0.0001611589434377528 21.5
440 0.0002064021707060453 22
450 0.0002584365796402929 22.5
460 0.0003165308802273513 23
470 0.0003811673548117441 23.5
480 0.0004548595365955264 24
490 0.0005402963272634814 24.5
500 0.0006374797153909232 25
510 0.0007405787763061153 25.5
520 0.0008415592698948019 26
530 0.0009359858751047248 26.5
540 0.001022525377955721 27
550 0.001102827251172696 27.5
560 0.001172051092216791 28
570 0.001230674828009656 28.5
580 0.001279911363819889 29
590 0.001324101352257296 29.5
600 0.001367080273960728 30
610 0.0014096789662305 30.5
620 0.001453593017510551 31
630 0.001500237486665479 31.5
640 0.001546416645539616 32
650 0.001592469328138399 32.5
660 0.001641481711448699 33
670 0.001692374910532402 33.5
680 0.001745670813941509 34
690 0.001802650047788552 34.5
700 0.001862780413074785 35
710 0.001925858146348968 35.5
720 0.001990396716104508 36
730 0.002054318504908173 36.5
740 0.002116657021567271 37
750 0.00217685497579674 37.5
760 0.002234983307708098 38
770 0.002289211541450365 38.5
780 0.002339527721906785 39
790 0.002385562833634087 39.5
800 0.002427095464112988 40
810 0.002464104798954113 40.5
820 0.002498146557472436 41
830 0.002529560733854236 41.5
840 0.002558661378870123 42
850 0.002584875066725702 42.5
860 0.002608972207742998 43
870 0.002633511740458983 43.5
880 0.00265851245447256 44
890 0.002682704499300776 44.5
900 0.002704753519608721 45
910 0.002723537528265443 45.5
920 0.002741417044861013 46
930 0.002763462025087518 46.5
940 0.002792448795533176 47
950 0.002831188422097628 47.5
960 0.002877737417395913 48
970 0.002928253688483435 48.5
980 0.002980914865534937 49
990 0.003031176270864123 49.5
1000 0.003074724316673271 50
1010 0.003109844745579373 50.5
1020 0.003136610794230359 51
1030 0.003156184536799765 51.5
1040 0.003171739939068506 52
1050 0.003184670167638804 52.5
1060 0.003194900750730481 53
1070 0.003201281746270967 53.5
1080 0.003203638678319063 54
1090 0.003201899822221978 54.5
1100 0.003193542013750503 55
1110 0.003176325069857843 55.5
1120 0.003147844978975754 56
1130 0.003110512672146475 56.5
1140 0.003069752047177179 57
1150 0.003028574228003325 57.5
1160 0.002989257582363966 58
1170 0.002954370837910929 58.5
1180 0.002927766356283221 59
1190 0.00291502442870368 59.5
1200 0.00291701739966631 60
1210 0.002934690469018171 60.5
1220 0.002968064266444388 61
1230 0.003016021883427199 61.5
1240 0.003078687293899107 62
1250 0.003150551564979572 62.5
1260 0.003226760613321683 63
1270 0.003304227458563043 63.5
1280 0.003380237307616297 64
1290 0.00345310672493808 64.5
1300 0.003523900083148717 65
1310 0.003596173542731136 65.5
1320 0.003673551854422945 66
1330 0.003755722121625121 66.5
1340 0.003837120450041812 67
1350 0.003912376993804811 67.5
1360 0.003978226127798223 68
1370 0.004027842798601357 68.5
1380 0.004052178165435121 69
1390 0.004043195052159021 69.5
1400 0.003997423729121432 70
1410 0.003915237554158805 70.5
1420 0.003815229715091585 71
1430 0.003722265276014903 71.5
1440 0.00365708750995576 72
1450 0.003625346151796875 72.5
1460 0.003619222190097842 73
1470 0.003632448228261382 73.5
1480 0.003663995090268084 74
1490 0.003710857034844116 74.5
1500 0.003765666803355013 75
1510 0.003819929989445585 75.5
1520 0.00386581193876716 76
1530 0.003907513226252554 76.5
1540 0.003949029168896135 77
1550 0.003989863628383868 77.5
1560 0.00403186530799193 78
1570 0.004078979107984428 78.5
1580 0.004126366606748242 79
1590 0.004162520713211991 79.5
1600 0.004183024862785148 80
1610 0.00419021291812591 80.5
1620 0.004186230306253998 81
1630 0.004173265435396463 81.5
1640 0.004151822420178131 82
1650 0.004123281153277947 82.5
1660 0.004090232208009956 83
1670 0.004056124160492689 83.5
1680 0.004030026248288359 84
1690 0.004014639427672783 84.5
1700 0.00401113230900117 85
1710 0.004017474892083857 85.5
1720 0.004025813456371893 86
1730 0.004034909275421397 86.5
1740 0.004045041605328641 87
1750 0.004060271016625693 87.5
1760 0.00407598738844034 88
1770 0.004091932799299145 88.5
1780 0.004109242319232169 89
1790 0.004128254846244991 89.5
1800 0.004150113980576838 90
1810 0.004173034332324185 90.5
1820 0.004197972131814785 91
1830 0.00422580840112053 91.5
1840 0.004255898331304349 92
1850 0.00428726303080096 92.5
1860 0.004321510496312683 93
1870 0.004359859960387142 93.5
1880 0.004403898195085594 94
1890 0.00445132719203958 94.5
1900 0.004499144694377719 95
1910 0.004546771862219567 95.5
1920 0.00459143077477461 96
1930 0.00463140894281267 96.5
1940 0.004666157147318997 97
1950 0.004695273536272293 97.5
1960 0.004717475034990897 98
1970 0.004731260059274293 98.5
1980 0.004734212084870266 99
1990 0.004724343573352988 99.5
2000 0.004700842397398489 100
2010 0.004664079156328695 100.5
2020 0.004616969017446988 101
2030 0.004564419926802603 101.5
2040 0.004514367522739372 102
2050 0.004472417120187417 102.5
2060 0.004440087967949629 103
2070 0.004417072232587924 103.5
2080 0.004404886543976586 104
2090 0.004398575988015904 104.5
2100 0.00439394601013368 105
2110 0.004390107039439049 105.5
2120 0.004385795084511838 106
2130 0.004381045042705619 106.5
2140 0.004376571033235051 107
2150 0.004376923493149259 107.5
2160 0.004383825586909989 108
2170 0.004400077218184523 108.5
2180 0.004427175528494658 109
2190 0.004466161563025649 109.5
2200 0.004515375921560883 110
2210 0.004572412008687409 110.5
2220 0.004637772791740297 111
2230 0.004709079747887122 111.5
2240 0.0047835091084494 112
2250 0.004859169336447241 112.5
2260 0.004934867545025637 113
2270 0.005008003042776651 113.5
2280 0.00507456402345139 114
2290 0.00513237996622514 114.5
2300 0.005179958138144281 115
2310 0.005216138316804174 115.5
2320 0.005241357860192909 116
2330 0.005256397832481875 116.5
2340 0.00526238812979141 117
2350 0.005259723940422655 117.5
2360 0.005252544425177751 118
2370 0.005244371911694691 118.5
2380 0.005235882297380116 119
2390 0.005223363681804699 119.5
2400 0.005200862991403304 120
2410 0.00516400934483969 120.5
2420 0.005110555628670174 121
2430 0.005041262166475181 121.5
2440 0.00496105570857396 122
2450 0.004879415430413056 122.5
2460 0.004806399616083654 123
2470 0.004745148044059622 123.5
2480 0.004694760693666452 124
2490 0.004653394796386991 124.5
2500 0.00462260171649295 125
2510 0.004603870320402945 125.5
2520 0.004595931813054522 126
2530 0.004588602978578361 126.5
2540 0.00457760658278793 127
2550 0.004559831579792686 127.5
2560 0.004539815250960223 128
2570 0.004527209000803888 128.5
2580 0.004528544792678072 129
2590 0.004543891285342232 129.5
2600 0.004570913318285419 130
2610 0.004604623154135382 130.5
2620 0.004638543890581135 131
2630 0.004669389622035234 131.5
2640 0.00469824359032677 132
2650 0.004725744932715772 132.5
2660 0.004751548368712518 133
2670 0.004775683088645128 133.5
2680 0.004799175671752895 134
2690 0.004822698008385657 134.5
2700 0.004846907276249931 135
2710 0.004871544681635405 135.5
2720 0.004895587005180569 136
2730 0.004918355322802693 136.5
2740 0.004938902939386875 137
2750 0.004955805341943498 137.5
2760 0.004967440785351967 138
2770 0.004972629601733802 138.5
2780 0.004970361651696382 139
2790 0.004959794044260763 139.5
2800 0.004940373630960853 140
2810 0.004911973499546366 140.5
2820 0.004874735802210409 141
2830 0.004830458232762808 141.5
2840 0.004781502855153923 142
2850 0.004729715895303134 142.5
2860 0.004676889139208252 143
2870 0.004624536266367488 143.5
2880 0.004574507656286396 144
2890 0.004528426511477805 144.5
2900 0.0044862054986709 145
2910 0.004446830795205171 145.5
2920 0.004411200126201932 146
2930 0.004380130152710205 146.5
2940 0.004352836257706218 147
2950 0.004329151255289761 147.5
2960 0.004309487239474177 148
2970 0.004293215534470777 148.5
2980 0.004279137653283463 149
2990 0.004266494646104999 149.5
3000 0.00425478648678663 150
3010 0.004244012271764521 150.5
3020 0.004234363625326172 151
3030 0.004225777847186107 151.5
3040 0.004219067716152936 152
3050 0.004215123585143456 152.5
3060 0.004214176370900055 153
3070 0.00421763962331255 153.5
3080 0.004225407674145061 154
3090 0.004236052598990278 154.5
3100 0.004247998426894991 155
3110 0.004259640259004702 155.5
3120 0.004270878230389638 156
3130 0.004281737958629453 156.5
3140 0.004293075040761441 157
3150 0.004305821328599954 157.5
3160 0.004320654000363008 158
3170 0.004337588950313764 158.5
3180 0.004355851767516056 159
3190 0.004373564105476305 159.5
3200 0.004388956437312687 160
3210 0.004400867815760638 160.5
3220 0.004409825907426533 161
3230 0.004417129236708375 161.5
3240 0.004421777623337292 162
3250 0.004421346362580371 162.5
3260 0.004414276272030845 163
3270 0.004399724829548863 163.5
3280 0.004378529308701084 164
3290 0.004350535542162737 164.5
3300 0.004316586779338078 165
3310 0.004276859872616691 165.5
3320 0.004231167709098383 166
3330 0.004178351130629484 166.5
3340 0.004118100309726399 167
3350 0.004052152657746482 167.5
3360 0.003979146229601197 168
3370 0.003901673331150277 168.5
3380 0.003823419573069621 169
3390 0.003750561483341248 169.5
3400 0.003686986767436821 170
3410 0.003635880817756715 170.5
3420 0.003599930188568361 171
3430 0.003580690496705748 171.5
3440 0.003575470874265681 172
3450 0.003580798679336869 172.5
3460 0.003589646527835512 173
3470 0.003593422389285649 173.5
3480 0.00359151605045534 174
3490 0.003584687789624279 174.5
3500 0.003579399804719212 175
3510 0.003583572934222384 175.5
3520 0.003596400257164508 176
3530 0.003617639357523609 176.5
3540 0.003645593633529905 177
3550 0.003676119518723938 177.5
3560 0.003705447390845356 178
3570 0.003730847572710251 178.5
3580 0.003753183214461787 179
3590 0.003774887082682102 179.5
3600 0.003795128766074725 180
3610 0.003813145326372286 180.5
3620 0.003826118699344015 181
3630 0.00383599119216868 181.5
3640 0.003846490729300859 182
3650 0.003862361111763604 182.5
3660 0.003889521784427643 183
3670 0.003924237393271187 183.5
3680 0.003964642457027026 184
3690 0.004010113175649969 184.5
3700 0.004056090197643292 185
3710 0.004096708421963847 185.5
3720 0.004126376577442629 186
3730 0.00414177025495607 186.5
3740 0.004142007662371821 187
3750 0.004128580083227397 187.5
3760 0.0041032176556867 188
3770 0.004071195662996956 188.5
3780 0.004036269145172983 189
3790 0.004003760722679385 189.5
3800 0.00397737022199763 190
3810 0.003960800309511116 190.5
3820 0.003956484917176878 191
3830 0.003963903030252469 191.5
3840 0.003981040855987827 192
3850 0.004006436241901051 192.5
3860 0.004041323289393889 193
3870 0.004087454243420457 193.5
3880 0.004139435963832245 194
3890 0.00419350376725306 194.5
3900 0.004250993605597192 195
3910 0.004310723576408044 195.5
3920 0.004372016297034318 196
3930 0.004431766091373393 196.5
3940 0.004486158518942567 197
3950 0.004534320837727686 197.5
3960 0.004580704899219123 198
3970 0.004626851988240093 198.5
3980 0.004670498520573507 199
3990 0.004709951730524632 199.5
4000 0.004744808837539511 200
4010 0.00477573176940806 200.5
4020 0.004803303377445062 201
4030 0.004828627559616622 201.5
4040 0.004853243079119298 202
4050 0.004878659438434403 202.5
4060 0.004903897690612178 203
4070 0.004929543854232323 203.5
4080 0.004955085488558667 204
4090 0.004980431742875292 204.5
4100 0.005003086027303988 205
4110 0.005018745377231229 205.5
4120 0.005022822247007736 206
4130 0.005014870961847098 206.5
4140 0.004995328919393907 207
4150 0.004966197649588425 207.5
4160 0.004929352683478979 208
4170 0.004885511313568197 208.5
4180 0.004835619895396748 209
4190 0.004776254751997245 209.5
4200 0.004706096319750034 210
4210 0.004630191157599825 210.5
4220 0.004553326714278186 211
4230 0.004478074621171764 211.5
4240 0.004409537782542653 212
4250 0.004347585498421952 212.5
4260 0.004291131552468066 213
4270 0.004242732757730235 213.5
4280 0.004200708881669347 214
4290 0.004161206770646155 214.5
4300 0.004135962461352527 215
4310 0.004130256555674556 215.5
4320 0.004142500952992143 216
4330 0.004167742863455491 216.5
4340 0.004193183835932632 217
4350 0.004218230229839567 217.5
4360 0.004236674080861016 218
4370 0.004244424129295243 218.5
4380 0.004243692942145214 219
4390 0.004234075287575129 219.5
4400 0.00420703753599121 220
4410 0.004158372749989606 220.5
4420 0.004088471381185073 221
4430 0.004001757246572667 221.5
4440 0.003901342037515351 222
4450 0.003794955755415696 222.5
4460 0.003683246162970804 223
4470 0.003566731775018395 223.5
4480 0.00345187336612851 224
4490 0.003331708819936191 224.5
4500 0.00320872329195007 225
4510 0.003094835660363541 225.5
4520 0.003000886118809308 226
4530 0.002932458239920231 226.5
4540 0.002904425964940398 227
4550 0.002927269990356131 227.5
4560 0.002990476290128854 228
4570 0.003082425245278268 228.5
4580 0.003188539105303895 229
4590 0.00330382080924342 229.5
4600 0.003426322099064964 230
4610 0.003550099248610689 230.5
4620 0.003670458727782324 231
4630 0.003786264321058154 231.5
4640 0.003895114274489426 232
4650 0.003995880225955609 232.5
4660 0.004090815541407743 233
4670 0.004181892964921223 233.5
4680 0.004268451421900438 234
4690 0.004347324299576771 234.5
4700 0.00441362724431723 235
4710 0.004458422291684482 235.5
4720 0.004476965943008076 236
4730 0.004472827486294509 236.5
4740 0.004449709513488505 237
4750 0.004410939525912892 237.5
4760 0.004359481015919093 238
4770 0.004299327032450997 238.5
4780 0.004234737316047536 239
4790 0.004169947801564507 239.5
4800 0.004108938394861231 240
4810 0.004054374205039895 240.5
4820 0.004006696339514014 241
4830 0.003965709805646253 241.5
4840 0.003930867283747177 242
4850 0.003901636061772332 242.5
4860 0.003877969203579374 243
4870 0.003860382983463564 243.5
4880 0.003849078042854035 244
4890 0.00383877345814741 244.5
4900 0.003827554274317808 245
4910 0.003819030146918232 245.5
4920 0.003812944192364102 246
4930 0.003807728599704832 246.5
4940 0.003802127733437306 247
4950 0.003793338144621703 247.5
4960 0.003779644407276136 248
4970 0.003760863918685636 248.5
4980 0.003738791481837768 249
4990 0.003715458485708811 249.5
5000 0.003692445915458841 250
