0 0.0660434365272522 0
0 0.05468222871422768 0
10 0.1109313666820526 0.5
20 0.1054957881569862 1
30 0.1032146140933037 1.5
40 0.101948194205761 2
50 0.1013009324669838 2.5
60 0.1009241566061974 3
70 0.1007113754749298 3.5
80 0.1005610302090645 4
90 0.1003078147768974 4.5
100 0.1001401618123055 5
110 0.09996306151151657 5.5
120 0.09970272332429886 6
130 0.09935241192579269 6.5
140 0.09890364110469818 7
150 0.09835135936737061 7.5
160 0.09816222637891769 8
170 0.09817373752593994 8.5
180 0.09807071834802628 9
190 0.09796857833862305 9.5
200 0.09771770238876343 10
210 0.09741787612438202 10.5
220 0.09704019874334335 11
230 0.09664779901504517 11.5
240 0.09630463272333145 12
250 0.09610338509082794 12.5
260 0.09589051455259323 13
270 0.09551399946212769 13.5
280 0.09503204375505447 14
290 0.09461700916290283 14.5
300 0.09430766850709915 15
310 0.09410388022661209 15.5
320 0.09373188018798828 16
330 0.09354301542043686 16.5
340 0.09347236156463623 17
350 0.09358883649110794 17.5
360 0.09424392879009247 18
370 0.09495778381824493 18.5
380 0.09544137865304947 19
390 0.09592032432556152 19.5
400 0.09629756957292557 20
410 0.09673366695642471 20.5
420 0.09701388329267502 21
430 0.09694311767816544 21.5
440 0.0967719554901123 22
450 0.0963161289691925 22.5
460 0.09683673828840256 23
470 0.09734038263559341 23.5
480 0.0974617525935173 24
490 0.09738077968358994 24.5
500 0.09721051156520844 25
510 0.09689152985811234 25.5
520 0.0966295525431633 26
530 0.09642885625362396 26.5
540 0.09611152112483978 27
550 0.09642104059457779 27.5
560 0.09694620966911316 28
570 0.09749999642372131 28.5
580 0.09813190251588821 29
590 0.09838848561048508 29.5
600 0.09818827360868454 30
610 0.09815097600221634 30.5
620 0.09823115170001984 31
630 0.0981733426451683 31.5
640 0.09856286644935608 32
650 0.09929436445236206 32.5
660 0.1000083833932877 33
670 0.1009282320737839 33.5
680 0.1013135388493538 34
690 0.1006476059556007 34.5
700 0.09971639513969421 35
710 0.09869653731584549 35.5
720 0.09775737673044205 36
730 0.09685351699590683 36.5
740 0.09633342921733856 37
750 0.09594330191612244 37.5
760 0.09576325863599777 38
770 0.09586732089519501 38.5
780 0.09608542174100876 39
790 0.09624848514795303 39.5
800 0.09611088782548904 40
810 0.09574245661497116 40.5
820 0.09518696367740631 41
830 0.09458057582378387 41.5
840 0.09405646473169327 42
850 0.09342213720083237 42.5
860 0.09278813749551773 43
870 0.09284504503011703 43.5
880 0.0954124704003334 44
890 0.09674766659736633 44.5
900 0.09686738252639771 45
910 0.09643653780221939 45.5
920 0.09599883854389191 46
930 0.09660879522562027 46.5
940 0.09727293252944946 47
950 0.09750771522521973 47.5
960 0.09766360372304916 48
970 0.09797316789627075 48.5
980 0.09792933613061905 49
990 0.09746835380792618 49.5
1000 0.09668230265378952 50
1010 0.09556266665458679 50.5
1020 0.09417230635881424 51
1030 0.09406561404466629 51.5
1040 0.09410874545574188 52
1050 0.09417907893657684 52.5
1060 0.09417737275362015 53
1070 0.09422329813241959 53.5
1080 0.09430424124002457 54
1090 0.09428821504116058 54.5
1100 0.09462579339742661 55
1110 0.09594451636075974 55.5
1120 0.09674517065286636 56
1130 0.09706699848175049 56.5
1140 0.0969124436378479 57
1150 0.0972805842757225 57.5
1160 0.09800820052623749 58
1170 0.09908880293369293 58.5
1180 0.09931554645299911 59
1190 0.09877724945545197 59.5
1200 0.09754342585802078 60
1210 0.09534605592489243 60.5
1220 0.09573884308338165 61
1230 0.09660166501998901 61.5
1240 0.09712968766689301 62
1250 0.0972708985209465 62.5
1260 0.09706494212150574 63
1270 0.09656199812889099 63.5
1280 0.09578156471252441 64
1290 0.09457121044397354 64.5
1300 0.09458432346582413 65
1310 0.09462496638298035 65.5
1320 0.09463301301002502 66
1330 0.09469215571880341 66.5
1340 0.09485440701246262 67
1350 0.09556422382593155 67.5
1360 0.09637042135000229 68
1370 0.0968276783823967 68.5
1380 0.09868188202381134 69
1390 0.09919890016317368 69.5
1400 0.09844829887151718 70
1410 0.0996081531047821 70.5
1420 0.1005561798810959 71
1430 0.09929650276899338 71.5
1440 0.09685086458921432 72
1450 0.09668198227882385 72.5
1460 0.09621056169271469 73
1470 0.09554748982191086 73.5
1480 0.09474783390760422 74
1490 0.09394316375255585 74.5
1500 0.09341204911470413 75
1510 0.09308230876922607 75.5
1520 0.09296117722988129 76
1530 0.09308307617902756 76.5
1540 0.09315992891788483 77
1550 0.09324013441801071 77.5
1560 0.09306840598583221 78
1570 0.09290202707052231 78.5
1580 0.09295374900102615 79
1590 0.09313502162694931 79.5
1600 0.09328006207942963 80
1610 0.0932890921831131 80.5
1620 0.09337154030799866 81
1630 0.09358111768960953 81.5
1640 0.09384070336818695 82
1650 0.09453821182250977 82.5
1660 0.09461968392133713 83
1670 0.09491519629955292 83.5
1680 0.09509711712598801 84
1690 0.09474038332700729 84.5
1700 0.0942438542842865 85
1710 0.0935707688331604 85.5
1720 0.09294523298740387 86
1730 0.0931033119559288 86.5
1740 0.09351020306348801 87
1750 0.09366665780544281 87.5
1760 0.09378597885370255 88
1770 0.09402237087488174 88.5
1780 0.09417857974767685 89
1790 0.09578456729650497 89.5
1800 0.09618034213781357 90
1810 0.09582886844873428 90.5
1820 0.09515748918056488 91
1830 0.09486737102270126 91.5
1840 0.0949036180973053 92
1850 0.0947912335395813 92.5
1860 0.09454503655433655 93
1870 0.09427784383296967 93.5
1880 0.09404291957616806 94
1890 0.09351217001676559 94.5
1900 0.09276119619607925 95
1910 0.0918656513094902 95.5
1920 0.09088142216205597 96
1930 0.09032769501209259 96.5
1940 0.09046212583780289 97
1950 0.09066634625196457 97.5
1960 0.09094409644603729 98
1970 0.09120677411556244 98.5
1980 0.09137167036533356 99
1990 0.09264036267995834 99.5
2000 0.09365347772836685 100
2010 0.0940757691860199 100.5
2020 0.09420926123857498 101
2030 0.09382446110248566 101.5
2040 0.09315194189548492 102
2050 0.09226210415363312 102.5
2060 0.0922754779458046 103
2070 0.09184917062520981 103.5
2080 0.09192221611738205 104
2090 0.09231144189834595 104.5
2100 0.0926923081278801 105
2110 0.09302040934562683 105.5
2120 0.09325514733791351 106
2130 0.09323817491531372 106.5
2140 0.09312765300273895 107
2150 0.09336168318986893 107.5
2160 0.09498554468154907 108
2170 0.09558560699224472 108.5
2180 0.0961805135011673 109
2190 0.09631047397851944 109.5
2200 0.09597472846508026 110
2210 0.09589641541242599 110.5
2220 0.09593285620212555 111
2230 0.09578046202659607 111.5
2240 0.09555912762880325 112
2250 0.09524761140346527 112.5
2260 0.09488650411367416 113
2270 0.09463024884462357 113.5
2280 0.0940309539437294 114
2290 0.09319759160280228 114.5
2300 0.09286493808031082 115
2310 0.09274036437273026 115.5
2320 0.09260963648557663 116
2330 0.09239520877599716 116.5
2340 0.09220793098211288 117
2350 0.0920354500412941 117.5
2360 0.09196678549051285 118
2370 0.09190531075000763 118.5
2380 0.09177390486001968 119
2390 0.09184625744819641 119.5
2400 0.09252677857875824 120
2410 0.09280892461538315 120.5
2420 0.09285809844732285 121
2430 0.09379676729440689 121.5
2440 0.09374208003282547 122
2450 0.09350445866584778 122.5
2460 0.0932304635643959 123
2470 0.09303529560565948 123.5
2480 0.09263919293880463 124
2490 0.09216123819351196 124.5
2500 0.09165553748607635 125
2510 0.0910276472568512 125.5
2520 0.09032350778579712 126
2530 0.09015627950429916 126.5
2540 0.09006978571414948 127
2550 0.08985951542854309 127.5
2560 0.08964651077985764 128
2570 0.08943261951208115 128.5
2580 0.08932339400053024 129
2590 0.08935852348804474 129.5
2600 0.08944002538919449 130
2610 0.0894496813416481 130.5
2620 0.08947132527828217 131
2630 0.08950177580118179 131.5
2640 0.08958108723163605 132
2650 0.08998674154281616 132.5
2660 0.09030907601118088 133
2670 0.09068864583969116 133.5
2680 0.09073464572429657 134
2690 0.09050341695547104 134.5
2700 0.09009601920843124 135
2710 0.08970403671264648 135.5
2720 0.08943670243024826 136
2730 0.08923801779747009 136.5
2740 0.08911525458097458 137
2750 0.08904632180929184 137.5
2760 0.08900678157806396 138
2770 0.08902257680892944 138.5
2780 0.08949624001979828 139
2790 0.09009290486574173 139.5
2800 0.09062319993972778 140
2810 0.09102901816368103 140.5
2820 0.09126848727464676 141
2830 0.09133156388998032 141.5
2840 0.09147728234529495 142
2850 0.09153716266155243 142.5
2860 0.09147047996520996 143
2870 0.09138816595077515 143.5
2880 0.091266930103302 144
2890 0.0916716605424881 144.5
2900 0.09203173220157623 145
2910 0.09236206114292145 145.5
2920 0.09265630692243576 146
2930 0.09291481226682663 146.5
2940 0.09318523108959198 147
2950 0.09342953562736511 147.5
2960 0.09360356628894806 148
2970 0.093720942735672 148.5
2980 0.09382124245166779 149
2990 0.09386934340000153 149.5
3000 0.09388574957847595 150
3010 0.09382642805576324 150.5
3020 0.09376680105924606 151
3030 0.09368876367807388 151.5
3040 0.09360117465257645 152
3050 0.09353213012218475 152.5
3060 0.09346424043178558 153
3070 0.09337051212787628 153.5
3080 0.09316679090261459 154
3090 0.09278427809476852 154.5
3100 0.09238364547491074 155
3110 0.09202321618795395 155.5
3120 0.09159806370735168 156
3130 0.09106713533401489 156.5
3140 0.09054805338382721 157
3150 0.09012064337730408 157.5
3160 0.08974713087081909 158
3170 0.08945631235837936 158.5
3180 0.08926055580377579 159
3190 0.08913898468017578 159.5
3200 0.08909989148378372 160
3210 0.08910931646823883 160.5
3220 0.08922763168811798 161
3230 0.08948437124490738 161.5
3240 0.08990266174077988 162
3250 0.09033617377281189 162.5
3260 0.09078191220760345 163
3270 0.09135305136442184 163.5
3280 0.09194497764110565 164
3290 0.09247223287820816 164.5
3300 0.09417574852705002 165
3310 0.09568274021148682 165.5
3320 0.09671662747859955 166
3330 0.09719692915678024 166.5
3340 0.09697595238685608 167
3350 0.09583697468042374 167.5
3360 0.09532734006643295 168
3370 0.09561038017272949 168.5
3380 0.09616158157587051 169
3390 0.09646783024072647 169.5
3400 0.09632550925016403 170
3410 0.09564688801765442 170.5
3420 0.09482279419898987 171
3430 0.09700604528188705 171.5
3440 0.09942749887704849 172
3450 0.1015249118208885 172.5
3460 0.1029589176177979 173
3470 0.1031898111104965 173.5
3480 0.1027790382504463 174
3490 0.1021636724472046 174.5
3500 0.1017004996538162 175
3510 0.1009106487035751 175.5
3520 0.09953812509775162 176
3530 0.097663514316082 176.5
3540 0.09541769325733185 177
3550 0.09262596815824509 177.5
3560 0.09214155375957489 178
3570 0.09242551773786545 178.5
3580 0.09272055327892303 179
3590 0.09284927695989609 179.5
3600 0.09286574274301529 180
3610 0.09259423613548279 180.5
3620 0.09223862737417221 181
3630 0.09269624948501587 181.5
3640 0.09263577312231064 182
3650 0.09350523352622986 182.5
3660 0.09493161737918854 183
3670 0.09622708708047867 183.5
3680 0.0978492870926857 184
3690 0.0996721014380455 184.5
3700 0.1005022674798965 185
3710 0.1001363396644592 185.5
3720 0.09843770414590836 186
3730 0.09587952494621277 186.5
3740 0.09353965520858765 187
3750 0.09303564578294754 187.5
3760 0.09264557063579559 188
3770 0.09219295531511307 188.5
3780 0.09150738269090652 189
3790 0.09066252410411835 189.5
3800 0.09007560461759567 190
3810 0.09001088887453079 190.5
3820 0.09044724702835083 191
3830 0.09148598462343216 191.5
3840 0.09224192798137665 192
3850 0.09301585704088211 192.5
3860 0.09314341843128204 193
3870 0.09275390207767487 193.5
3880 0.09178796410560608 194
3890 0.09094911068677902 194.5
3900 0.08993757516145706 195
3910 0.08879563957452774 195.5
3920 0.08929593861103058 196
3930 0.08988585323095322 196.5
3940 0.09035523235797882 197
3950 0.09064995497465134 197.5
3960 0.09093526005744934 198
3970 0.09113595634698868 198.5
3980 0.09123530238866806 199
3990 0.09111997485160828 199.5
4000 0.09092984348535538 200
4010 0.09090331941843033 200.5
4020 0.09096100181341171 201
4030 0.09090714156627655 201.5
4040 0.09080106019973755 202
4050 0.0911354199051857 202.5
4060 0.09227269887924194 203
4070 0.09333296120166779 203.5
4080 0.09420794248580933 204
4090 0.09474854916334152 204.5
4100 0.09477498382329941 205
4110 0.09433316439390182 205.5
4120 0.0941513404250145 206
4130 0.09439967572689056 206.5
4140 0.09444420784711838 207
4150 0.09469243884086609 207.5
4160 0.09494416415691376 208
4170 0.09497123211622238 208.5
4180 0.0955704003572464 209
4190 0.09612356871366501 209.5
4200 0.09623862057924271 210
4210 0.09568431973457336 210.5
4220 0.09461180120706558 211
4230 0.09395177662372589 211.5
4240 0.09305017441511154 212
4250 0.0923856645822525 212.5
4260 0.09147638082504272 213
4270 0.09075287729501724 213.5
4280 0.09272658079862595 214
4290 0.09400372207164764 214.5
4300 0.09521756321191788 215
4310 0.09637930989265442 215.5
4320 0.1002537235617638 216
4330 0.1054067090153694 216.5
4340 0.1108865737915039 217
4350 0.1137352511286736 217.5
4360 0.1136605516076088 218
4370 0.1123546361923218 218.5
4380 0.1104057505726814 219
4390 0.1081417500972748 219.5
4400 0.1057845279574394 220
4410 0.1031232997775078 220.5
4420 0.1002763733267784 221
4430 0.09938611090183258 221.5
4440 0.09850464016199112 222
4450 0.0973484143614769 222.5
4460 0.09729551523923874 223
4470 0.09725962579250336 223.5
4480 0.0972699448466301 224
4490 0.09705568104982376 224.5
4500 0.09680534154176712 225
4510 0.09842875599861145 225.5
4520 0.09977249801158905 226
4530 0.1000709012150764 226.5
4540 0.0994085893034935 227
4550 0.09783390909433365 227.5
4560 0.09562461078166962 228
4570 0.09311474114656448 228.5
4580 0.09269730001688004 229
4590 0.09391964972019196 229.5
4600 0.0950092077255249 230
4610 0.09569014608860016 230.5
4620 0.09574221819639206 231
4630 0.09537018835544586 231.5
4640 0.09462177008390427 232
4650 0.09426949173212051 232.5
4660 0.09398725628852844 233
4670 0.09353863447904587 233.5
4680 0.09303703159093857 234
4690 0.09299373626708984 234.5
4700 0.09283586591482162 235
4710 0.09258364886045456 235.5
4720 0.09223680943250656 236
4730 0.0921979546546936 236.5
4740 0.09214281290769577 237
4750 0.09207691997289658 237.5
4760 0.09192764014005661 238
4770 0.09187383949756622 238.5
4780 0.09182396531105042 239
4790 0.09214490652084351 239.5
4800 0.09232290834188461 240
4810 0.09214504808187485 240.5
4820 0.09172717481851578 241
4830 0.09143169969320297 241.5
4840 0.09127631783485413 242
4850 0.09120804071426392 242.5
4860 0.09108564257621765 243
4870 0.0909937247633934 243.5
4880 0.09092491865158081 244
4890 0.09079211950302124 244.5
4900 0.09068232774734497 245
4910 0.09085104614496231 245.5
4920 0.09093237668275833 246
4930 0.09113452583551407 246.5
4940 0.09183110296726227 247
4950 0.09342139959335327 247.5
4960 0.09474864602088928 248
4970 0.09556113928556442 248.5
4980 0.09607478976249695 249
4990 0.09613354504108429 249.5
5000 0.09584851562976837 250
