0 0 0
5 5.675207205341935e-40 0.5
10 4.48439657791526e-39 1
15 1.573366876945452e-35 1.5
20 1.460328687826723e-36 2
25 1.096180208594421e-35 2.5
30 1.226871518126174e-34 3
35 8.212356072131396e-34 3.5
40 5.016681361424081e-33 4
45 1.735199358231594e-32 4.5
50 6.263847725512115e-18 5
55 2.369510238908355e-16 5.5
60 2.259786589107623e-15 6
65 1.491628310392268e-14 6.5
70 6.846638661515042e-14 7
75 2.435674912425892e-13 7.5
80 7.503987147579222e-13 8
85 2.050425991912149e-12 8.5
90 4.949526484331094e-12 9
95 1.074309795026564e-11 9.5
100 2.130392470171401e-11 10
105 3.910623381718416e-11 10.5
110 6.723095086224876e-11 11
115 1.094000624509053e-10 11.5
120 1.70290810005648e-10 12
125 2.560789845576852e-10 12.5
130 3.757502922806504e-10 13
135 5.438529334656818e-10 13.5
140 7.85301844976972e-10 14
145 1.144252796921439e-09 14.5
150 1.702061178628608e-09 15
155 2.619995893779208e-09 15.5
160 4.225538974146358e-09 16
165 7.131304955667517e-09 16.5
170 1.236646734807766e-08 17
175 2.150629270538439e-08 17.5
180 3.697094348301518e-08 18
185 6.268960047132807e-08 18.5
190 1.053590716270861e-07 19
195 1.764811806422429e-07 19.5
200 2.967656469302719e-07 20
205 5.082844787525865e-07 20.5
210 8.856906547878447e-07 21
215 1.531203032112037e-06 21.5
220 2.580844211743817e-06 22
225 4.17712384652781e-06 22.5
230 6.448006733046362e-06 23
235 9.534600924251769e-06 23.5
240 1.371454532390232e-05 24
245 1.942825690672747e-05 24.5
250 2.703552434212683e-05 25
255 3.665931436306999e-05 25.5
260 4.815480005908977e-05 26
265 6.119353909564301e-05 26.5
270 7.538286265579045e-05 27
275 9.04827579690431e-05 27.5
280 0.0001067017551506715 28
285 0.0001249749148872357 28.5
290 0.0001471251850882911 29
295 0.0001761371572835613 29.5
300 0.000215470828681185 30
305 0.0002682573295079568 30.5
310 0.0003363473822324105 31
315 0.0004199162624123594 31.5
320 0.0005170535312910406 32
325 0.0006245583458893708 32.5
330 0.0007379735354947581 33
335 0.0008519464308736831 33.5
340 0.0009612041244853345 34
345 0.001061292159944752 34.5
350 0.001149058892135785 35
355 0.001222767664315663 35.5
360 0.001281958467359165 36
365 0.001326864414232066 36.5
370 0.00135842937442922 37
375 0.001377917872355744 37.5
380 0.001386605975945232 38
385 0.001386125804628545 38.5
390 0.001378107620188925 39
395 0.001364051868084551 39.5
400 0.001345204658814583 40
405 0.001322864277211462 40.5
410 0.001298102782216564 41
415 0.001271844604858832 41.5
420 0.001244854123798616 42
425 0.001217674759814821 42.5
430 0.001190617301207592 43
435 0.001163602175109298 43.5
440 0.001136543923652033 44
445 0.001109245101984628 44.5
450 0.001081522979040377 45
455 0.001053039632551637 45.5
460 0.001023245571491603 46
465 0.0009916671249938075 46.5
470 0.0009580892721258427 47
475 0.0009224379785083907 47.5
480 0.000884963972535924 48
485 0.000846281949309061 48.5
490 0.0008070371420208781 49
495 0.0007678303940554949 49.5
500 0.0007292813762026646 50
505 0.0006919559220693235 50.5
510 0.000656325064527559 51
515 0.0006227293395311794 51.5
520 0.0005913129134485636 52
525 0.000562166502526084 52.5
530 0.0005353163641337181 53
535 0.0005108601531880229 53.5
540 0.0004888079299516136 54
545 0.0004691982131844932 54.5
550 0.0004521771006916605 55
555 0.0004379471708579104 55.5
560 0.0004265746229532026 56
565 0.0004179844352541467 56.5
570 0.000411930216632579 57
575 0.0004080737519376766 57.5
580 0.00040605563333122 58
585 0.0004055287009742105 58.5
590 0.0004061826956185505 59
595 0.000407748584146744 59.5
600 0.0004099313455903531 60
605 0.0004124223060130427 60.5
610 0.0004148847845567606 61
615 0.000416969293675398 61.5
620 0.0004183430987969406 62
625 0.0004187163720760324 62.5
630 0.0004178909133767439 63
635 0.0004157573057732685 63.5
640 0.0004122754546832152 64
645 0.0004074873824535443 64.5
650 0.0004015163842170004 65
655 0.0003945503836468328 65.5
660 0.0003868249607081609 66
665 0.0003786076871468904 66.5
670 0.0003701673547695084 67
675 0.0003617495066780303 67.5
680 0.0003535679317344351 68
685 0.0003458066069217839 68.5
690 0.0003386004692717698 69
695 0.0003320281853087883 69.5
700 0.0003261168724346606 70
705 0.0003208396033229624 70.5
710 0.0003161257707408155 71
715 0.0003118749128566321 71.5
720 0.0003079571269027561 72
725 0.0003042292793583218 72.5
730 0.000300581165965658 73
735 0.000296887074422038 73.5
740 0.0002930567608352134 74
745 0.0002890115277117274 74.5
750 0.0002846922624986125 75
755 0.0002800629172049642 75.5
760 0.0002750996061801134 76
765 0.0002697978383164619 76.5
770 0.0002641565382452623 77
775 0.000258188614470174 77.5
780 0.0002519218232820194 78
785 0.0002453973830151397 78.5
790 0.0002386657278478762 79
795 0.0002317801999223834 79.5
800 0.000224790964882327 80
805 0.0002177634616396927 80.5
810 0.0002107604007921763 81
815 0.0002038425206076937 81.5
820 0.0001970775873175122 82
825 0.0001905334228073639 82.5
830 0.0001842701281750497 83
835 0.000178340065986648 83.5
840 0.000172781973631244 84
845 0.0001676242740594459 84.5
850 0.0001628867451411964 85
855 0.0001585750507422164 85.5
860 0.000154694337701121 86
865 0.0001512033116609116 86.5
870 0.0001480554204834331 87
875 0.0001452017531607886 87.5
880 0.0001425843330552771 88
885 0.0001401527948942435 88.5
890 0.000137856089581298 89
895 0.0001356483192798058 89.5
900 0.0001334880124698151 90
905 0.0001313551376864552 90.5
910 0.0001292369490072408 91
915 0.0001271192308592319 91.5
920 0.0001249925457840329 92
925 0.0001228580275753261 92.5
930 0.0001207222302018895 93
935 0.0001185967517666792 93.5
940 0.0001164966913525036 94
945 0.0001144357027996617 94.5
950 0.000112424140856941 95
955 0.0001104777606250218 95.5
960 0.0001086083146592906 96
965 0.0001068244989946107 96.5
970 0.0001051363505263343 97
975 0.0001035511918197363 97.5
980 0.0001020777282275258 98
985 0.0001007237496028094 98.5
990 9.949510680799297e-05 99
995 9.839720590267028e-05 99.5
1000 9.743371663933253e-05 100
1005 9.660604666424421e-05 100.5
1010 9.591439782319616e-05 101
1015 9.535620006758518e-05 101.5
1020 9.492682243978463e-05 102
1025 9.461928653405065e-05 102.5
1030 9.442332871715122e-05 103
1035 9.432846113535455e-05 103.5
1040 9.432730990726369e-05 104
1045 9.441610779136467e-05 104.5
1050 9.45936374560049e-05 105
1055 9.48600557011178e-05 105.5
1060 9.521643594036153e-05 106
1065 9.566371993484008e-05 106.5
1070 9.620053115917179e-05 107
1075 9.682545147885313e-05 107.5
1080 9.753571390801838e-05 108
1085 9.83267644712052e-05 108.5
1090 9.919270878792753e-05 109
1095 0.0001001276434744363 109.5
1100 0.0001011264252443785 110
1105 0.0001021820731530205 110.5
1110 0.0001032849516821986 111
1115 0.0001044241592325233 111.5
1120 0.0001055854712660982 112
1125 0.0001067576698186282 112.5
1130 0.0001079307808136478 113
1135 0.0001090958808520018 113.5
1140 0.0001102451475062688 114
1145 0.0001113736440765618 114.5
1150 0.0001124800145941643 115
1155 0.0001135630119494861 115.5
1160 0.0001146242199079744 116
1165 0.0001156659574011718 116.5
1170 0.0001166917552065079 117
1175 0.0001177039647496226 117.5
1180 0.0001187032227942365 118
1185 0.0001196890101388192 118.5
1190 0.0001206590024919327 119
1195 0.0001216075411213481 119.5
1200 0.0001225291800894695 120
1205 0.0001234224424534064 120.5
1210 0.0001242869998839968 121
1215 0.0001251256606911813 121.5
1220 0.0001259505740372001 122
1225 0.0001267652707645094 122.5
1230 0.0001275423539619995 123
1235 0.0001282858865183583 123.5
1240 0.0001289949148762701 124
1245 0.0001296642767538081 124.5
1250 0.0001302954794860096 125
1255 0.0001308920436004669 125.5
1260 0.0001314614054232121 126
1265 0.0001320130772802592 126.5
1270 0.0001325551373910781 127
1275 0.0001330950519513878 127.5
1280 0.0001336383170849534 128
1285 0.0001341868026018411 128.5
1290 0.0001347417420780879 129
1295 0.0001353021796583234 129.5
1300 0.0001358675640581231 130
1305 0.0001364356025993142 130.5
1310 0.0001370018234578109 131
1315 0.0001375579699622881 131.5
1320 0.0001380942777020443 132
1325 0.0001386000535613321 132.5
1330 0.0001390609106130388 133
1335 0.000139464311752354 133.5
1340 0.0001397989936753233 134
1345 0.0001400566407020961 134.5
1350 0.0001402299358775466 135
1355 0.0001403279649368512 135.5
1360 0.0001403551981944694 136
1365 0.0001403044091528099 136.5
1370 0.0001401854912630622 137
1375 0.0001400103117170108 137.5
1380 0.0001397972105660373 138
1385 0.0001395625573484514 138.5
1390 0.0001393126951992039 139
1395 0.0001390606266554522 139.5
1400 0.0001388182332850319 140
1405 0.0001385941864757045 140.5
1410 0.0001383999091094529 141
1415 0.0001382428875890567 141.5
1420 0.000138124971961616 142
1425 0.0001380462471671671 142.5
1430 0.0001380042475542736 143
1435 0.0001379977741956057 143.5
1440 0.0001380255914685782 144
1445 0.0001380820003918428 144.5
1450 0.0001381603154036312 145
1455 0.0001382513375386752 145.5
1460 0.0001383465899916604 146
1465 0.0001384413275028217 146.5
1470 0.0001385309225481479 147
1475 0.0001386176867991019 147.5
1480 0.0001386868466491644 148
1485 0.0001387263132544707 148.5
1490 0.0001387359453587676 149
1495 0.0001387146123196943 149.5
1500 0.0001386617694907576 150
1505 0.0001385750966755975 150.5
1510 0.0001384559207278912 151
1515 0.000138307287118512 151.5
1520 0.0001381271273622107 152
1525 0.0001379111863229441 152.5
1530 0.000137653669800164 153
1535 0.0001373481956633103 153.5
1540 0.0001369868476237679 154
1545 0.0001365601404167823 154.5
1550 0.0001360597915287257 155
1555 0.00013547470802589 155.5
1560 0.0001347961899920836 156
1565 0.0001340218720189241 156.5
1570 0.0001331467317228026 157
1575 0.0001321721920544785 157.5
1580 0.0001310982055808104 158
1585 0.0001299271438583642 158.5
1590 0.0001286625570603865 159
1595 0.0001273151072480118 159.5
1600 0.0001258999633647101 160
1605 0.000124434883481516 160.5
1610 0.0001229394744766485 161
1615 0.0001214335633256729 161.5
1620 0.0001199347459462386 162
1625 0.0001184629484090911 162.5
1630 0.0001170321658776698 163
1635 0.000115646996908508 163.5
1640 0.0001143143392801835 164
1645 0.0001130447949434184 164.5
1650 0.0001118287307488625 165
1655 0.0001106498996298291 165.5
1660 0.0001095006962703484 166
1665 0.0001083795007651418 166.5
1670 0.0001072878684664076 167
1675 0.0001062267936911673 167.5
1680 0.0001051993177894514 168
1685 0.0001042081942586507 168.5
1690 0.0001032600782295021 169
1695 0.0001023613271664617 169.5
1700 0.0001015199306617402 170
1705 0.0001007441164898808 170.5
1710 0.0001000423604826913 171
1715 9.94227457558459e-05 171.5
1720 9.889116652386037e-05 172
1725 9.845377595087905e-05 172.5
1730 9.811473152169469e-05 173
1735 9.787682919289892e-05 173.5
1740 9.774254331561354e-05 174
1745 9.771128738109125e-05 174.5
1750 9.778049410313986e-05 175
1755 9.79455127276583e-05 175.5
1760 9.820192912339663e-05 176
1765 9.854554337342106e-05 176.5
1770 9.89732406198254e-05 177
1775 9.948011440674141e-05 177.5
1780 0.0001000617361657851 178
1785 0.0001007156330099943 178.5
1790 0.0001014395407866745 179
1795 0.0001022339103513184 179.5
1800 0.0001030996771657056 180
1805 0.0001040372240277929 180.5
1810 0.0001050447804201175 181
1815 0.000106119036882704 181.5
1820 0.0001072588133209255 182
1825 0.0001084667102760791 182.5
1830 0.0001097446869349435 183
1835 0.0001110954318775654 183.5
1840 0.0001125216049161641 184
1845 0.0001140217779190816 184.5
1850 0.0001155908708347189 185
1855 0.0001172221771435244 185.5
1860 0.0001189061914708696 186
1865 0.0001206321960695926 186.5
1870 0.0001223895200090081 187
1875 0.0001241660690204256 187.5
1880 0.0001259486566699084 188
1885 0.0001277270093064047 188.5
1890 0.0001294887746477029 189
1895 0.0001312215133920125 189.5
1900 0.0001329138484360283 190
1905 0.0001345575595114444 190.5
1910 0.0001361453989490773 191
1915 0.0001376717943771028 191.5
1920 0.0001391340719196599 192
1925 0.0001405311829993194 192.5
1930 0.0001418632526591625 193
1935 0.0001431383466935679 193.5
1940 0.0001443442953982437 194
1945 0.0001454737548944603 194.5
1950 0.0001465320520063632 195
1955 0.0001475205123365021 195.5
1960 0.0001484382667442556 196
1965 0.0001492840595096204 196.5
1970 0.0001500576414714071 197
1975 0.0001507514032697211 197.5
1980 0.0001513584539664607 198
1985 0.0001518705171524937 198.5
1990 0.0001522765015770693 199
1995 0.0001525664438814852 199.5
2000 0.0001527311220888651 200
2005 0.0001527611375526054 200.5
2010 0.0001526478544917867 201
2015 0.000152388807152516 201.5
2020 0.0001519855895023784 202
2025 0.0001514430044751579 202.5
2030 0.0001507641682682043 203
2035 0.0001499539192781821 203.5
2040 0.0001490205102822517 204
2045 0.0001479663969903079 204.5
2050 0.0001468020793039488 205
2055 0.0001455373397471262 205.5
2060 0.0001441823159295775 206
2065 0.0001427498024842256 206.5
2070 0.0001412564522162345 207
2075 0.0001397147143415125 207.5
2080 0.0001381358367438707 208
2085 0.0001365262199724171 208.5
2090 0.0001348920249197585 209
2095 0.000133244277693213 209.5
2100 0.0001316008030274191 210
2105 0.0001299841578960924 210.5
2110 0.0001284185943545548 211
2115 0.0001269180729079232 211.5
2120 0.0001254808258002425 212
2125 0.0001241089076557982 212.5
2130 0.0001228020638247451 213
2135 0.0001215595006061929 213.5
2140 0.0001203830163310561 214
2145 0.000119278195881492 214.5
2150 0.0001182461738506607 215
2155 0.0001172873285901791 215.5
2160 0.0001164016528290556 216
2165 0.000115593797998732 216.5
2170 0.0001148691437766264 217
2175 0.0001142324267467813 217.5
2180 0.0001136890540241149 218
2185 0.0001132426417155134 218.5
2190 0.0001128953218251729 219
2195 0.0001126480995649358 219.5
2200 0.0001125035372956114 220
2205 0.0001124636223252753 220.5
2210 0.0001125295976528549 221
2215 0.000112700551721745 221.5
2220 0.000112977215028658 222
2225 0.000113359393192727 222.5
2230 0.000113847014805541 223
2235 0.0001144369231452233 223.5
2240 0.0001151256410265369 224
2245 0.000115907143342741 224.5
2250 0.0001167800038594979 225
2255 0.0001177432953539952 225.5
2260 0.0001187939700884031 226
2265 0.0001199332300213243 226.5
2270 0.0001211642671004076 227
2275 0.0001224912543450631 227.5
2280 0.0001239188005421661 228
2285 0.0001254519737360256 228.5
2290 0.0001270952686899206 229
2295 0.0001288521588746853 229.5
2300 0.000130731095445224 230
2305 0.0001327444523843594 230.5
2310 0.0001349018129889114 231
2315 0.0001372045781619529 231.5
2320 0.0001396530836741646 232
2325 0.0001422481150865486 232.5
2330 0.0001449843158257252 233
2335 0.0001478593999338334 233.5
2340 0.0001508726473254657 234
2345 0.0001540188353985873 234.5
2350 0.0001572885524784163 235
2355 0.0001606707163177807 235.5
2360 0.0001641495261602907 236
2365 0.0001677122200822259 236.5
2370 0.0001713438437345435 237
2375 0.0001750288356301369 237.5
2380 0.000178747657808229 238
2385 0.0001824751380226293 238.5
2390 0.0001861797966823551 239
2395 0.0001898294571095644 239.5
2400 0.0001933940705320408 240
2405 0.0001968457419427803 240.5
2410 0.0002001589332025584 241
2415 0.0002033099393282815 241.5
2420 0.0002062768248466124 242
2425 0.0002090496027230344 242.5
2430 0.0002116123281338223 243
2435 0.0002139556068948899 243.5
2440 0.0002160705382686566 244
2445 0.0002179480389772677 244.5
2450 0.0002195831170390931 245
2455 0.0002209717233817202 245.5
2460 0.0002221110899962416 246
2465 0.0002229914124625696 246.5
2470 0.0002236094508808024 247
2475 0.0002239760191427347 247.5
2480 0.0002240751788413389 248
2485 0.0002238931756286242 248.5
2490 0.0002234354781838295 249
2495 0.0002227012001056267 249.5
2500 0.0002216965090173528 250
2505 0.0002204298484130472 250.5
2510 0.0002189069977033858 251
2515 0.0002171384901548148 251.5
2520 0.0002151386852700539 252
2525 0.0002129169786054954 252.5
2530 0.0002104924102836662 253
2535 0.0002078823737050436 253.5
2540 0.000205104093201278 254
2545 0.000202177005658063 254.5
2550 0.0001991264748991401 255
2555 0.0001959752307419779 255.5
2560 0.0001927447291374144 256
2565 0.0001894550390617054 256.5
2570 0.0001861188779408756 257
2575 0.0001827476730009087 257.5
2580 0.0001793540892943218 258
2585 0.000175948844614372 258.5
2590 0.0001725436396562161 259
2595 0.0001691553647280593 259.5
2600 0.0001658120070959057 260
2605 0.0001625454641630843 260.5
2610 0.0001593836224199379 261
2615 0.000156331713638335 261.5
2620 0.0001533997240081456 262
2625 0.0001505911424230502 262.5
2630 0.0001479077854261258 263
2635 0.000145352472218549 263.5
2640 0.0001429350204587248 264
2645 0.0001406623056304521 264.5
2650 0.0001385448333372797 265
2655 0.0001365828926008281 265.5
2660 0.0001347776785346018 266
2665 0.0001331316988714509 266.5
2670 0.0001316488423057986 267
2675 0.0001303300022085726 267.5
2680 0.0001291762135886782 268
2685 0.000128186672799063 268.5
2690 0.0001273586831325955 269
2695 0.0001266892835688891 269.5
2700 0.0001261737980660038 270
2705 0.0001258085335689011 270.5
2710 0.0001255907197945182 271
2715 0.0001255174696232797 271.5
2720 0.000125585649653491 272
2725 0.0001257923094931989 272.5
2730 0.0001261361216458783 273
2735 0.000126616606826831 273.5
2740 0.0001272291859464645 274
2745 0.0001279752268630902 274.5
2750 0.0001288583913181319 275
2755 0.0001298820517542166 275.5
2760 0.0001310493325606965 276
2765 0.0001323626302472924 276.5
2770 0.0001338207493601758 277
2775 0.0001354259152355357 277.5
2780 0.0001371785203749704 278
2785 0.0001390772266633411 278.5
2790 0.0001411246012420897 279
2795 0.0001433201268374974 279.5
2800 0.0001456584788891904 280
2805 0.0001481377917087557 280.5
2810 0.0001507550283177234 281
2815 0.0001535092637481154 281.5
2820 0.0001564001905233833 282
2825 0.0001594352588745837 282.5
2830 0.0001626196538435115 283
2835 0.0001659532275050042 283.5
2840 0.000169431929017942 284
2845 0.0001730461960744043 284.5
2850 0.0001767864233845465 285
2855 0.000180642375508234 285.5
2860 0.0001845984983228456 286
2865 0.000188636889845482 286.5
2870 0.0001927411913353463 287
2875 0.0001969025307893977 287.5
2880 0.0002011059827256921 288
2885 0.0002053288326261114 288.5
2890 0.0002095424545358731 289
2895 0.0002137140751535931 289.5
2900 0.0002178055289593491 290
2905 0.0002217795927827602 290.5
2910 0.0002255975192030816 291
2915 0.0002292228010273782 291.5
2920 0.0002326209993636066 292
2925 0.0002357597495470879 292.5
2930 0.0002386098644415353 293
2935 0.0002411466760545976 293.5
2940 0.0002433502030904194 294
2945 0.0002452075150714037 294.5
2950 0.0002467089367113515 295
2955 0.0002478505135280678 295.5
2960 0.0002486341496237206 296
2965 0.0002490611259411561 296.5
2970 0.0002491390475717117 297
2975 0.0002488858623088415 297.5
2980 0.0002483248706295483 298
2985 0.0002474418167188839 298.5
2990 0.0002462523325502836 299
2995 0.0002447708970765316 299.5
3000 0.0002430136065368299 300
