0 0 0
5 1.459663381874167e-39 0.5
10 1.153386869896734e-38 1
15 4.046699853300992e-35 1.5
20 3.755965613228371e-36 2
25 2.819375667754245e-35 2.5
30 3.155513736287e-34 3
35 2.11221811004871e-33 3.5
40 1.290290524530756e-32 4
45 4.462933020451029e-32 4.5
50 1.6110617328579e-17 5
55 6.094380704646089e-16 5.5
60 5.812171460217165e-15 6
65 3.836468247356696e-14 6.5
70 1.760955570702432e-13 7
75 6.264556255269687e-13 7.5
80 1.930025611587485e-12 8
85 5.273695971523305e-12 8.5
90 1.273018289093321e-11 9
95 2.763124960641038e-11 9.5
100 5.479369766098765e-11 10
105 1.005812394871206e-10 10.5
110 1.729180161207757e-10 11
115 2.813769777146174e-10 11.5
120 4.379879899379974e-10 12
125 6.586351882879881e-10 12.5
130 9.664298104469564e-10 13
135 1.398789829836484e-09 13.5
140 2.019796467963579e-09 14
145 2.943018372441417e-09 14.5
150 4.377701617335177e-09 15
155 6.738629848105734e-09 15.5
160 1.086808690163402e-08 16
165 1.834171746005613e-08 16.5
170 3.180655595119177e-08 17
175 5.531418819804257e-08 17.5
180 9.508927241405486e-08 18
185 1.612376622058609e-07 18.5
190 2.709835486844559e-07 19
195 4.539096241824024e-07 19.5
200 7.632812902665046e-07 20
205 1.307307758757765e-06 20.5
210 2.277996502480261e-06 21
215 3.938254437802455e-06 21.5
220 6.637931715794284e-06 22
225 1.074356318583552e-05 22.5
230 1.65842743247271e-05 23
235 2.452299506670676e-05 23.5
240 3.527381271561462e-05 24
245 4.99694797992584e-05 24.5
250 6.953537283154147e-05 25
255 9.428776226887195e-05 25.5
260 0.0001238541532749028 26
265 0.0001573897921138786 26.5
270 0.0001938847345272873 27
275 0.0002327216676319355 27.5
280 0.0002744369309168765 28
285 0.0003214355006140214 28.5
290 0.0003784059990315343 29
295 0.0004530247960501288 29.5
300 0.0005541910050296709 30
305 0.0006899578934026336 30.5
310 0.0008650855196472124 31
315 0.001080024692525486 31.5
320 0.001329861763256603 32
325 0.001606364163198315 32.5
330 0.001898068048581519 33
335 0.002191206353301388 33.5
340 0.002472217158339203 34
345 0.002729643601176954 34.5
350 0.002955379650083541 35
355 0.003144958623645249 35.5
360 0.003297197378320143 36
365 0.003412695480692623 36.5
370 0.003493880563250899 37
375 0.003544004982962486 37.5
380 0.003566350786751936 38
385 0.003565115786050403 38.5
390 0.00354449301441907 39
395 0.003508341617810777 39.5
400 0.003459866592624038 40
405 0.003402407127650712 40.5
410 0.003338720558655499 41
415 0.003271184522389263 41.5
420 0.003201765000885832 42
425 0.00313185967247345 42.5
430 0.003062267884708639 43
435 0.002992784976163423 43.5
440 0.002923191149188194 44
445 0.002852978575594905 44.5
450 0.002781677271051436 45
455 0.002708418099432622 45.5
460 0.002631787769731673 46
465 0.00255056800040604 46.5
470 0.002464205757583976 47
475 0.00237251062483031 47.5
480 0.002276127475614796 48
485 0.002176637305832253 48.5
490 0.002075699655356075 49
495 0.001974859893464084 49.5
500 0.001875711813524332 50
505 0.001779710739662256 50.5
510 0.001688068168498451 51
515 0.001601659958559312 51.5
520 0.001520856905766832 52
525 0.001445892332320853 52.5
530 0.001376833772181058 53
535 0.001313932393808089 53.5
540 0.001257214072198963 54
545 0.001206777877610426 54.5
550 0.001162999573619758 55
555 0.001126400191864299 55.5
560 0.001097149996876729 56
565 0.001075056032772765 56.5
570 0.001059484581532281 57
575 0.00104956575373452 57.5
580 0.001044375152363436 58
585 0.001043019882258888 58.5
590 0.0010447019565863 59
595 0.001048729422125443 59.5
600 0.001054343484899404 60
605 0.001060750235495709 60.5
610 0.001067083730694849 61
615 0.001072445088473635 61.5
620 0.001075978515460863 62
625 0.001076938574393001 62.5
630 0.001074815494489475 63
635 0.001069327855400016 63.5
640 0.001060372533852451 64
645 0.001048057611329727 64.5
650 0.001032700202932524 65
655 0.001014783648377799 65.5
660 0.0009949138593726397 66
665 0.0009737790304893187 66.5
670 0.0009520704942961116 67
675 0.0009304197876897621 67.5
680 0.0009093767756566789 68
685 0.0008894146470260366 68.5
690 0.0008708804598644305 69
695 0.000853976544484895 69.5
700 0.0008387726468491512 70
705 0.0008251995098694286 70.5
710 0.000813075531731734 71
715 0.0008021423245895293 71.5
720 0.0007920657785041092 72
725 0.0007824777540374457 72.5
730 0.0007730948058215923 73
735 0.0007635936017942968 73.5
740 0.0007537420346505981 74
745 0.0007433376944250304 74.5
750 0.0007322285436221273 75
755 0.0007203218668036499 75.5
760 0.0007075562300723465 76
765 0.0006939200822987727 76.5
770 0.0006794106576343421 77
775 0.0006640611567524837 77.5
780 0.0006479429688375283 78
785 0.0006311621074518413 78.5
790 0.0006138482893099951 79
795 0.0005961387104099445 79.5
800 0.0005781623967950349 80
805 0.0005600876573571165 80.5
810 0.0005420757837632598 81
815 0.0005242829948480331 81.5
820 0.000506883585368843 82
825 0.0004900519932263877 82.5
830 0.0004739427984536002 83
835 0.0004586906775786144 83.5
840 0.0004443952631722091 84
845 0.0004311296590677892 84.5
850 0.0004189447339499369 85
855 0.0004078550552821714 85.5
860 0.0003978738607342144 86
865 0.0003888949412134145 86.5
870 0.0003807985646131645 87
875 0.0003734589318135122 87.5
880 0.0003667269268932333 88
885 0.000360473010363191 88.5
890 0.0003545658839394952 89
895 0.0003488874983791509 89.5
900 0.0003433311889263636 90
905 0.0003378454346503563 90.5
910 0.0003323974530365055 91
915 0.0003269506816289888 91.5
920 0.0003214808472833382 92
925 0.0003159908661170819 92.5
930 0.0003104975949389405 93
935 0.0003050308640715295 93.5
940 0.0002996295083581905 94
945 0.0002943286454783057 94.5
950 0.0002891549078473743 95
955 0.0002841488175868071 95.5
960 0.0002793406022708947 96
965 0.0002747526281026637 96.5
970 0.000270410709978528 97
975 0.0002663336815375184 97.5
980 0.0002625439329481629 98
985 0.0002590614997138686 98.5
990 0.0002559014302536576 99
995 0.0002530776289536495 99.5
1000 0.0002505995344178248 100
1005 0.000248470767112596 100.5
1010 0.0002466918461853684 101
1015 0.0002452561614707332 101.5
1020 0.0002441518021449512 102
1025 0.000243360819747359 102.5
1030 0.0002428568162116804 103
1035 0.0002426128167764788 103.5
1040 0.0002426098558176493 104
1045 0.0002428382439894293 104.5
1050 0.0002432948503146183 105
1055 0.0002439800780826696 105.5
1060 0.0002448966881136795 106
1065 0.0002460471026173547 106.5
1070 0.0002474277811701986 107
1075 0.0002490350763300464 107.5
1080 0.0002508618714088192 108
1085 0.0002528964535809167 108.5
1090 0.0002551236624988076 109
1095 0.0002575283146585672 109.5
1100 0.000260097181526892 110
1105 0.0002628123081128363 110.5
1110 0.0002656489118621783 111
1115 0.0002685789538595846 111.5
1120 0.0002715658485913639 112
1125 0.0002745807434515963 112.5
1130 0.0002775979851140547 113
1135 0.0002805946225947173 113.5
1140 0.0002835505366090349 114
1145 0.0002864530299641264 114.5
1150 0.0002892986151082415 115
1155 0.000292084084475319 115.5
1160 0.0002948135115103369 116
1165 0.0002974928605055846 116.5
1170 0.0003001312126211632 117
1175 0.0003027346157241852 117.5
1180 0.00030530470757104 118
1185 0.0003078401527753103 118.5
1190 0.0003103349732590539 119
1195 0.0003127746147620946 119.5
1200 0.0003151450703320847 120
1205 0.0003174425412716793 120.5
1210 0.0003196661831182223 121
1215 0.0003218232188453196 121.5
1220 0.0003239448961001509 122
1225 0.0003260402962100655 122.5
1230 0.0003280389543154088 123
1235 0.0003299513201665211 123.5
1240 0.0003317749412138373 124
1245 0.0003334965400674352 124.5
1250 0.0003351199935932665 125
1255 0.0003366543565888481 125.5
1260 0.0003381187552858966 126
1265 0.0003395376553884061 126.5
1270 0.0003409318340781148 127
1275 0.000342320494411579 127.5
1280 0.0003437177724199806 128
1285 0.0003451284772551021 128.5
1290 0.0003465557816747036 129
1295 0.0003479972272186231 129.5
1300 0.0003494513959832345 130
1305 0.0003509123911999191 130.5
1310 0.0003523687113364297 131
1315 0.0003537991202328284 131.5
1320 0.0003551785038232652 132
1325 0.0003564793594123678 132.5
1330 0.0003576646838213542 133
1335 0.0003587022316146938 133.5
1340 0.0003595630335728561 134
1345 0.0003602257017659662 134.5
1350 0.0003606714169842977 135
1355 0.0003609235477401437 135.5
1360 0.0003609935916829921 136
1365 0.0003608629622599094 136.5
1370 0.0003605571054289006 137
1375 0.0003601065436090891 137.5
1380 0.0003595584474154939 138
1385 0.0003589549193032044 138.5
1390 0.0003583122738163056 139
1395 0.000357663953482397 139.5
1400 0.0003570405176958086 140
1405 0.000356464269267217 140.5
1410 0.000355964587850867 141
1415 0.0003555607284758776 141.5
1420 0.0003552574494636789 142
1425 0.0003550549692800576 142.5
1430 0.000354946946269134 143
1435 0.0003549302967896289 143.5
1440 0.00035500184282006 144
1445 0.0003551469265795091 144.5
1450 0.0003553483528020633 145
1455 0.0003555824617476164 145.5
1460 0.0003558274510715751 146
1465 0.0003560711159650821 146.5
1470 0.0003563015544356579 147
1475 0.0003565247121026664 147.5
1480 0.0003567025912478316 148
1485 0.0003568040993628449 148.5
1490 0.0003568288731366014 149
1495 0.0003567740045567721 149.5
1500 0.0003566380927924917 150
1505 0.0003564151702983594 150.5
1510 0.0003561086497422406 151
1515 0.0003557263640756972 151.5
1520 0.0003552629931543453 152
1525 0.0003547075927676163 152.5
1530 0.0003540452602307957 153
1535 0.0003532595807030856 153.5
1540 0.0003523301934889315 154
1545 0.0003512327024859027 154.5
1550 0.0003499458050676548 155
1555 0.0003484409702069575 155.5
1560 0.0003466958217180066 156
1565 0.0003447042757700737 156.5
1570 0.0003424534147917314 157
1575 0.0003399468986125555 157.5
1580 0.0003371846052344991 158
1585 0.0003341726343014196 158.5
1590 0.0003309201168594625 159
1595 0.0003274544757315312 159.5
1600 0.0003238147254426 160
1605 0.0003200465397541446 160.5
1610 0.0003162003475600069 161
1615 0.0003123271438444387 161.5
1620 0.0003084721853103826 162
1625 0.0003046867218149095 162.5
1630 0.0003010067489205718 163
1635 0.0002974440941154912 163.5
1640 0.000294016498487248 164
1645 0.000290751230254755 164.5
1650 0.0002876235129563793 165
1655 0.0002845915591340637 165.5
1660 0.0002816358079139467 166
1665 0.0002787520928993978 166.5
1670 0.0002759444144565146 167
1675 0.0002732153299688313 167.5
1680 0.000270572661789102 168
1685 0.0002680234919130454 168.5
1690 0.0002655849373379571 169
1695 0.000263273349463411 169.5
1700 0.0002611092775218212 170
1705 0.0002591138833505982 170.5
1710 0.0002573089667904757 171
1715 0.0002557153176162308 171.5
1720 0.0002543480957485188 172
1725 0.00025322312712648 172.5
1730 0.000252351104801651 173
1735 0.0002517392199748223 173.5
1740 0.0002513938366774657 174
1745 0.0002513134464089914 174.5
1750 0.0002514914461089122 175
1755 0.0002519158740369535 175.5
1760 0.0002525753770468508 176
1765 0.0002534591529515943 176.5
1770 0.0002545591903361628 177
1775 0.0002558628697952964 177.5
1780 0.0002573588010504199 178
1785 0.0002590406238358801 178.5
1790 0.0002609025147505934 179
1795 0.0002629456333949568 179.5
1800 0.0002651723857768141 180
1805 0.0002675837564525696 180.5
1810 0.0002701751916510327 181
1815 0.0002729381794406298 181.5
1820 0.0002758696846177955 182
1825 0.0002789763957751527 182.5
1830 0.0002822633519414024 183
1835 0.0002857374681448443 183.5
1840 0.0002894055854229223 184
1845 0.0002932640306207888 184.5
1850 0.0002972997378449376 185
1855 0.0003014954579260339 185.5
1860 0.0003058267430390489 186
1865 0.0003102660271366074 186.5
1870 0.0003147858645833199 187
1875 0.0003193551489182248 187.5
1880 0.0003239399646311771 188
1885 0.0003285138878900665 188.5
1890 0.0003330451486231152 189
1895 0.0003375017529441744 189.5
1900 0.0003418544389417659 190
1905 0.000346082064084523 190.5
1910 0.0003501659873661729 191
1915 0.0003540918766455138 191.5
1920 0.000357852854713413 192
1925 0.0003614462246285594 192.5
1930 0.0003648723080017768 193
1935 0.0003681518500574675 193.5
1940 0.0003712535503142913 194
1945 0.0003741585203150088 194.5
1950 0.0003768804606521544 195
1955 0.0003794227807756926 195.5
1960 0.0003817832452558095 196
1965 0.0003839586243804608 196.5
1970 0.000385948277307028 197
1975 0.0003877326327606737 197.5
1980 0.0003892939672475237 198
1985 0.0003906109938419971 198.5
1990 0.0003916551858454299 199
1995 0.0003924009174976834 199.5
2000 0.0003928244698727913 200
2005 0.0003929016696502205 200.5
2010 0.0003926103056000973 201
2015 0.0003919440358030236 201.5
2020 0.0003909069599438776 202
2025 0.0003895114311691019 202.5
2030 0.0003877654643387667 203
2035 0.0003856815038098495 203.5
2040 0.0003832807757264957 204
2045 0.0003805695961749388 204.5
2050 0.0003775749709037291 205
2055 0.0003743220605659991 205.5
2060 0.0003708369390955768 206
2065 0.0003671525142903392 206.5
2070 0.0003633116171677693 207
2075 0.0003593462671131281 207.5
2080 0.0003552853936853352 208
2085 0.0003511454590976962 208.5
2090 0.0003469423091669584 209
2095 0.0003427043030428658 209.5
2100 0.0003384772859456943 210
2105 0.0003343192744153637 210.5
2110 0.0003302926447419508 211
2115 0.000326433303346797 211.5
2120 0.0003227367035613102 212
2125 0.0003192081298794732 212.5
2130 0.0003158469273418446 213
2135 0.0003126510545496103 213.5
2140 0.0003096251368101637 214
2145 0.0003067835384412856 214.5
2150 0.0003041291776167613 215
2155 0.0003016630274570082 215.5
2160 0.0002993850692610349 216
2165 0.0002973072665112365 216.5
2170 0.0002954434557387726 217
2175 0.0002938058194385407 217.5
2180 0.0002924082647109549 218
2185 0.0002912600921834918 218.5
2190 0.0002903667853712764 219
2195 0.0002897309296793245 219.5
2200 0.000289359115500038 220
2205 0.0002892564541900981 220.5
2210 0.0002894261427429398 221
2215 0.000289865836634832 221.5
2220 0.0002905774147034336 222
2225 0.0002915603770011244 222.5
2230 0.0002928145398654602 223
2235 0.0002943317842072807 223.5
2240 0.0002961031667056135 224
2245 0.0002981131907849797 224.5
2250 0.00030035818817044 225
2255 0.0003028357740447759 225.5
2260 0.0003055381096258135 226
2265 0.0003084682863512662 226.5
2270 0.0003116345139109858 227
2275 0.0003150475253115466 227.5
2280 0.0003187191743535121 228
2285 0.0003226624960476369 228.5
2290 0.0003268890509257765 229
2295 0.0003314077727554595 229.5
2300 0.0003362403979084195 230
2305 0.0003414187522704098 230.5
2310 0.0003469674840823487 231
2315 0.0003528901964671579 231.5
2320 0.0003591877530270813 232
2325 0.0003658621742251383 232.5
2330 0.0003728996829537601 233
2335 0.0003802943997289709 233.5
2340 0.00038804447249099 234
2345 0.0003961364687065681 234.5
2350 0.0004045461815466958 235
2355 0.0004132451074699154 235.5
2360 0.0004221926069283239 236
2365 0.0004313558562521187 236.5
2370 0.0004406963928532256 237
2375 0.000450174192584375 237.5
2380 0.0004597390038073962 238
2385 0.0004693260835011547 238.5
2390 0.0004788544661527251 239
2395 0.0004882413933416712 239.5
2400 0.0004974095796211578 240
2405 0.0005062872790288129 240.5
2410 0.0005148088074665615 241
2415 0.0005229131957141831 241.5
2420 0.0005305440257308284 242
2425 0.0005376756108621595 242.5
2430 0.0005442669410190645 243
2435 0.0005502938543586063 243.5
2440 0.0005557334581823368 244
2445 0.0005605623902981946 244.5
2450 0.0005647678113286477 245
2455 0.0005683393070588179 245.5
2460 0.0005712697581693631 246
2465 0.000573533947690286 246.5
2470 0.0005751235425985329 247
2475 0.0005760663562254896 247.5
2480 0.0005763213949857907 248
2485 0.0005758532826942554 248.5
2490 0.0005746760847947401 249
2495 0.0005727875214628908 249.5
2500 0.0005702034558268936 250
2505 0.0005669456045547372 250.5
2510 0.0005630288322915827 251
2515 0.0005584802306003751 251.5
2520 0.000553336732124353 252
2525 0.0005476225022360251 252.5
2530 0.0005413865121335052 253
2535 0.0005346734976455383 253.5
2540 0.0005275277597558197 254
2545 0.0005199992901373902 254.5
2550 0.000512153324548875 255
2555 0.0005040483240843547 255.5
2560 0.0004957394734527361 256
2565 0.0004872783900640848 256.5
2570 0.0004786977831401229 257
2575 0.0004700270435078659 257.5
2580 0.0004612987456843659 258
2585 0.0004525404558355549 258.5
2590 0.000443782268151204 259
2595 0.0004350676245066557 259.5
2600 0.0004264685081544446 260
2605 0.0004180669592209165 260.5
2610 0.0004099347017635891 261
2615 0.0004020851919005257 261.5
2620 0.0003945441141136322 262
2625 0.0003873204418379998 262.5
2630 0.0003804188472227061 263
2635 0.0003738465812536177 263.5
2640 0.0003676288949496866 264
2645 0.0003617834720563171 264.5
2650 0.0003563373329874782 265
2655 0.0003512912211068229 265.5
2660 0.0003466482102464716 266
2665 0.0003424147502957063 266.5
2670 0.0003386008429771912 267
2675 0.0003352087860410917 267.5
2680 0.0003322412415304742 268
2685 0.000329696142464994 268.5
2690 0.0003275665529134879 269
2695 0.0003258448571310589 269.5
2700 0.0003245190283371068 270
2705 0.0003235795679934958 270.5
2710 0.0003230193509317552 271
2715 0.0003228309514798865 271.5
2720 0.0003230063105282412 272
2725 0.0003235378396682553 272.5
2730 0.0003244221245786583 273
2735 0.0003256579325391318 273.5
2740 0.0003272334861305286 274
2745 0.0003291523034846391 274.5
2750 0.0003314238026009776 275
2755 0.0003340566574025076 275.5
2760 0.0003370589038191308 276
2765 0.0003404367056742238 276.5
2770 0.0003441869882603528 277
2775 0.0003483154751425434 277.5
2780 0.0003528231758349682 278
2785 0.0003577066487052806 278.5
2790 0.0003629724964416705 279
2795 0.0003686193886160524 279.5
2800 0.0003746336304583131 280
2805 0.0003810104234175626 280.5
2810 0.000387741956384702 281
2815 0.0003948258503419472 281.5
2820 0.0004022613144595677 282
2825 0.000410067510733005 282.5
2830 0.0004182577750905653 283
2835 0.000426831727068708 283.5
2840 0.0004357789479034399 284
2845 0.0004450748433372954 284.5
2850 0.0004546947085632934 285
2855 0.000464612218027809 285.5
2860 0.0004747873665250304 286
2865 0.0004851741101521439 286.5
2870 0.0004957303742252644 287
2875 0.0005064333399511845 287.5
2880 0.0005172446189880129 288
2885 0.0005281057895916009 288.5
2890 0.0005389432258017757 289
2895 0.0005496726346822579 289.5
2900 0.0005601958545098447 290
2905 0.0005704171472845011 290.5
2910 0.0005802368546340186 291
2915 0.0005895610800524646 291.5
2920 0.0005983012467041234 292
2925 0.0006063741126663846 292.5
2930 0.0006137046086201591 293
2935 0.0006202292884852655 293.5
2940 0.0006258967603656425 294
2945 0.0006306737670708903 294.5
2950 0.0006345354237633939 295
2955 0.0006374715595143296 295.5
2960 0.0006394870716747712 296
2965 0.000640585254829919 296.5
2970 0.0006407856692758814 297
2975 0.0006401344767402255 297.5
2980 0.0006386916060534433 298
2985 0.0006364203912572604 298.5
2990 0.0006333610377897949 299
2995 0.0006295507855198692 299.5
3000 0.0006250310339772259 300
