0 0.09561943262815475 0
5 0.09705234318971634 0.5
10 0.09688696265220642 1
15 0.09663943946361542 1.5
20 0.09644509851932526 2
25 0.09633974730968475 2.5
30 0.0963275358080864 3
35 0.09635420888662338 3.5
40 0.09639690071344376 4
45 0.09646918624639511 4.5
50 0.0965297743678093 5
55 0.09661653637886047 5.5
60 0.09670625627040863 6
65 0.09681455790996552 6.5
70 0.0969194695353508 7
75 0.09698521345853806 7.5
80 0.09706582129001617 8
85 0.09713563323020935 8.5
90 0.0972641184926033 9
95 0.09740911424160004 9.5
100 0.09747772663831711 10
105 0.0975782573223114 10.5
110 0.09760493040084839 11
115 0.0976378321647644 11.5
120 0.09762299805879593 12
125 0.09755983948707581 12.5
130 0.09749449044466019 13
135 0.09738287329673767 13.5
140 0.09730061888694763 14
145 0.09724733233451843 14.5
150 0.09728361666202545 15
155 0.09732893854379654 15.5
160 0.09740293025970459 16
165 0.09746118634939194 16.5
170 0.09758302569389343 17
175 0.09766452014446259 17.5
180 0.09775585681200027 18
185 0.09828168898820877 18.5
190 0.0988905280828476 19
195 0.09948635846376419 19.5
200 0.100044809281826 20
205 0.1005424559116364 20.5
210 0.1009615436196327 21
215 0.1013262048363686 21.5
220 0.1017110347747803 22
225 0.1022225245833397 22.5
230 0.1028401851654053 23
235 0.1036810725927353 23.5
240 0.1046200767159462 24
245 0.1058127731084824 24.5
250 0.1071497574448586 25
255 0.1087228357791901 25.5
260 0.1103916317224503 26
265 0.1120461374521255 26.5
270 0.11368028819561 27
275 0.1151817962527275 27.5
280 0.1165429204702377 28
285 0.1178252771496773 28.5
290 0.1191910430788994 29
295 0.1202844530344009 29.5
300 0.1210886612534523 30
305 0.1215827390551567 30.5
310 0.1217406988143921 31
315 0.1215561702847481 31.5
320 0.1212518885731697 32
325 0.1210170611739159 32.5
330 0.1208340302109718 33
335 0.1206012591719627 33.5
340 0.1203379482030869 34
345 0.1200358122587204 34.5
350 0.1197472885251045 35
355 0.1194367706775665 35.5
360 0.1191637367010117 36
365 0.1189160943031311 36.5
370 0.1186962649226189 37
375 0.1185381859540939 37.5
380 0.1183976754546165 38
385 0.1183459758758545 38.5
390 0.1183098927140236 39
395 0.1182831600308418 39.5
400 0.1182675138115883 40
405 0.118246965110302 40.5
410 0.1182198598980904 41
415 0.1181595027446747 41.5
420 0.1180969923734665 42
425 0.1180595755577087 42.5
430 0.1179568618535995 43
435 0.1177735924720764 43.5
440 0.1174795180559158 44
445 0.1170765608549118 44.5
450 0.1165821105241776 45
455 0.1159788742661476 45.5
460 0.1153224483132362 46
465 0.1146039217710495 46.5
470 0.1138708740472794 47
475 0.1132129579782486 47.5
480 0.1127365082502365 48
485 0.1123236045241356 48.5
490 0.1120083332061768 49
495 0.1117419898509979 49.5
500 0.111541710793972 50
505 0.1113800257444382 50.5
510 0.1112771555781364 51
515 0.1112262308597565 51.5
520 0.111240915954113 52
525 0.1112958416342735 52.5
530 0.1113562136888504 53
535 0.1114436537027359 53.5
540 0.1115677133202553 54
545 0.1117042526602745 54.5
550 0.1118337363004684 55
555 0.1119592115283012 55.5
560 0.1120812147855759 56
565 0.112189382314682 56.5
570 0.1122629046440125 57
575 0.1123302057385445 57.5
580 0.1123852133750916 58
585 0.1123869568109512 58.5
590 0.112408883869648 59
595 0.1124101281166077 59.5
600 0.1124167889356613 60
605 0.1123742535710335 60.5
610 0.1123549714684486 61
615 0.1123476177453995 61.5
620 0.1123387217521667 62
625 0.1123486235737801 62.5
630 0.1123599857091904 63
635 0.1123841106891632 63.5
640 0.1124350056052208 64
645 0.1124812737107277 64.5
650 0.1125383973121643 65
655 0.1126133874058723 65.5
660 0.1126835122704506 66
665 0.1127649769186974 66.5
670 0.1128406673669815 67
675 0.1129021868109703 67.5
680 0.1129814758896828 68
685 0.1130273565649986 68.5
690 0.1130742728710175 69
695 0.1131015047430992 69.5
700 0.1131371110677719 70
705 0.1131401360034943 70.5
710 0.1131414026021957 71
715 0.113136425614357 71.5
720 0.113097183406353 72
725 0.1130594983696938 72.5
730 0.1129947155714035 73
735 0.1129239723086357 73.5
740 0.1128255799412727 74
745 0.1127356439828873 74.5
750 0.1126142665743828 75
755 0.1124957725405693 75.5
760 0.1123574674129486 76
765 0.112208791077137 76.5
770 0.1120638623833656 77
775 0.1119145750999451 77.5
780 0.1117538437247276 78
785 0.111625574529171 78.5
790 0.1114898696541786 79
795 0.1113543957471848 79.5
800 0.1112183928489685 80
805 0.1111326441168785 80.5
810 0.1110062599182129 81
815 0.1109227314591408 81.5
820 0.1108240559697151 82
825 0.1107625588774681 82.5
830 0.1106883063912392 83
835 0.1106197014451027 83.5
840 0.1105678528547287 84
845 0.1105150431394577 84.5
850 0.1104661449790001 85
855 0.1104173585772514 85.5
860 0.1103861331939697 86
865 0.1103547960519791 86.5
870 0.1103314533829689 87
875 0.1102920547127724 87.5
880 0.1102652847766876 88
885 0.1102481111884117 88.5
890 0.1102447956800461 89
895 0.1102240234613419 89.5
900 0.1102067679166794 90
905 0.1102031022310257 90.5
910 0.1101929843425751 91
915 0.1101830154657364 91.5
920 0.1101786494255066 92
925 0.110188215970993 92.5
930 0.1101844310760498 93
935 0.1101890131831169 93.5
940 0.1102138981223106 94
945 0.1102111488580704 94.5
950 0.1102558076381683 95
955 0.1102855876088142 95.5
960 0.1103052124381065 96
965 0.1103552505373955 96.5
970 0.1104147732257843 97
975 0.1104400604963303 97.5
980 0.1104806363582611 98
985 0.1105155274271965 98.5
990 0.110558420419693 99
995 0.110597737133503 99.5
1000 0.110641710460186 100
1005 0.1106926202774048 100.5
1010 0.1107335090637207 101
1015 0.1107770577073097 101.5
1020 0.1108157709240913 102
1025 0.1108652129769325 102.5
1030 0.1109005138278008 103
1035 0.1109380200505257 103.5
1040 0.1109954565763474 104
1045 0.111049972474575 104.5
1050 0.1110857203602791 105
1055 0.111115425825119 105.5
1060 0.1111518368124962 106
1065 0.1111911982297897 106.5
1070 0.1112522035837173 107
1075 0.1112979128956795 107.5
1080 0.1113344356417656 108
1085 0.1113946214318275 108.5
1090 0.1114237979054451 109
1095 0.1114451065659523 109.5
1100 0.1114916503429413 110
1105 0.1115295514464378 110.5
1110 0.1115416586399078 111
1115 0.111580602824688 111.5
1120 0.111616812646389 112
1125 0.1116353571414948 112.5
1130 0.1116540729999542 113
1135 0.1116833165287971 113.5
1140 0.1116869673132896 114
1145 0.1117132976651192 114.5
1150 0.1117155849933624 115
1155 0.1117064356803894 115.5
1160 0.1117242053151131 116
1165 0.1117194667458534 116.5
1170 0.111705094575882 117
1175 0.1116985529661179 117.5
1180 0.1116660162806511 118
1185 0.111632838845253 118.5
1190 0.1115942895412445 119
1195 0.1115613430738449 119.5
1200 0.1115044131875038 120
1205 0.1114689856767654 120.5
1210 0.1114234402775764 121
1215 0.1113531887531281 121.5
1220 0.111289344727993 122
1225 0.1112296432256699 122.5
1230 0.1111699491739273 123
1235 0.1111108362674713 123.5
1240 0.1110626086592674 124
1245 0.1109938248991966 124.5
1250 0.1109518930315971 125
1255 0.1108977049589157 125.5
1260 0.1108370646834373 126
1265 0.1107899248600006 126.5
1270 0.1107438951730728 127
1275 0.1106874197721481 127.5
1280 0.1106296926736832 128
1285 0.1105965599417686 128.5
1290 0.1105421558022499 129
1295 0.1104979366064072 129.5
1300 0.1104584485292435 130
1305 0.11040348559618 130.5
1310 0.1103623285889626 131
1315 0.1103018969297409 131.5
1320 0.1102823838591576 132
1325 0.1102480366826057 132.5
1330 0.1102038100361824 133
1335 0.1101656705141068 133.5
1340 0.1101543679833412 134
1345 0.1101351082324982 134.5
1350 0.1101226881146431 135
1355 0.1101131439208984 135.5
1360 0.1101168617606163 136
1365 0.1101223453879356 136.5
1370 0.1101201921701431 137
1375 0.1101301908493042 137.5
1380 0.1101665198802948 138
1385 0.1101805865764618 138.5
1390 0.1102142259478569 139
1395 0.1102311983704567 139.5
1400 0.1102706715464592 140
1405 0.1103311404585838 140.5
1410 0.1103596985340118 141
1415 0.1103952378034592 141.5
1420 0.1104282885789871 142
1425 0.1104627698659897 142.5
1430 0.1105045154690742 143
1435 0.1105290204286575 143.5
1440 0.1105654463171959 144
1445 0.1106276884675026 144.5
1450 0.1106477081775665 145
1455 0.1106580346822739 145.5
1460 0.110709585249424 146
1465 0.1107514128088951 146.5
1470 0.110789492726326 147
1475 0.1108307018876076 147.5
1480 0.110871434211731 148
1485 0.1109061688184738 148.5
1490 0.1109456270933151 149
1495 0.110956184566021 149.5
1500 0.1109758839011192 150
1505 0.1110109686851501 150.5
1510 0.1109919920563698 151
1515 0.1110221371054649 151.5
1520 0.1110280454158783 152
1525 0.1110256239771843 152.5
1530 0.1110260486602783 153
1535 0.1110270544886589 153.5
1540 0.1110235899686813 154
1545 0.1109936386346817 154.5
1550 0.1109821125864983 155
1555 0.1109491512179375 155.5
1560 0.1108917966485023 156
1565 0.1108964681625366 156.5
1570 0.1108411252498627 157
1575 0.1108110770583153 157.5
1580 0.1107572913169861 158
1585 0.1107278540730476 158.5
1590 0.1106919720768929 159
1595 0.1106753721833229 159.5
1600 0.1106371060013771 160
1605 0.1106187701225281 160.5
1610 0.1106056794524193 161
1615 0.1105772107839584 161.5
1620 0.1105426624417305 162
1625 0.1105092540383339 162.5
1630 0.1104665175080299 163
1635 0.1104258745908737 163.5
1640 0.110397182404995 164
1645 0.1103383302688599 164.5
1650 0.1103135272860527 165
1655 0.1102550029754639 165.5
1660 0.1102267354726791 166
1665 0.1101536303758621 166.5
1670 0.1101429983973503 167
1675 0.1101025268435478 167.5
1680 0.1100970059633255 168
1685 0.1100665926933289 168.5
1690 0.110043928027153 169
1695 0.1100144237279892 169.5
1700 0.1100081354379654 170
1705 0.1099948361515999 170.5
1710 0.1099448278546333 171
1715 0.1099433973431587 171.5
1720 0.1099375039339066 172
1725 0.1099298819899559 172.5
1730 0.1099085584282875 173
1735 0.1099224165081978 173.5
1740 0.1098875552415848 174
1745 0.1099041476845741 174.5
1750 0.1099248006939888 175
1755 0.1099376231431961 175.5
1760 0.1099571064114571 176
1765 0.1099752336740494 176.5
1770 0.1100065931677818 177
1775 0.1100417971611023 177.5
1780 0.1100765988230705 178
1785 0.1101011484861374 178.5
1790 0.1101518571376801 179
1795 0.1101872399449348 179.5
1800 0.1102362647652626 180
1805 0.1102827340364456 180.5
1810 0.1103223040699959 181
1815 0.1103591248393059 181.5
1820 0.110392726957798 182
1825 0.1104556545615196 182.5
1830 0.1104780733585358 183
1835 0.1105431616306305 183.5
1840 0.1105877608060837 184
1845 0.1106465682387352 184.5
1850 0.1106767728924751 185
1855 0.1107326298952103 185.5
1860 0.1107654720544815 186
1865 0.1108249425888062 186.5
1870 0.1108419224619865 187
1875 0.1109018698334694 187.5
1880 0.1109213158488274 188
1885 0.110980287194252 188.5
1890 0.1109982952475548 189
1895 0.1110387295484543 189.5
1900 0.1110683456063271 190
1905 0.1110882088541985 190.5
1910 0.1111235246062279 191
1915 0.1111425682902336 191.5
1920 0.1111792251467705 192
1925 0.1112209931015968 192.5
1930 0.1112377494573593 193
1935 0.1112611666321754 193.5
1940 0.1112846881151199 194
1945 0.1113180443644524 194.5
1950 0.1113423332571983 195
1955 0.1113597378134727 195.5
1960 0.1113883405923843 196
1965 0.11137405782938 196.5
1970 0.1114131882786751 197
1975 0.1114159151911736 197.5
1980 0.1114405617117882 198
1985 0.1114523261785507 198.5
1990 0.1114586666226387 199
1995 0.1114590913057327 199.5
2000 0.1114688813686371 200
2005 0.1114504113793373 200.5
2010 0.1114692986011505 201
2015 0.1114534288644791 201.5
2020 0.1114579662680626 202
2025 0.1114478185772896 202.5
2030 0.111449770629406 203
2035 0.1114156618714333 203.5
2040 0.1114275306463242 204
2045 0.1113959848880768 204.5
2050 0.1114002540707588 205
2055 0.1113643422722816 205.5
2060 0.1113502308726311 206
2065 0.111328013241291 206.5
2070 0.1112923994660378 207
2075 0.1112736463546753 207.5
2080 0.1112370267510414 208
2085 0.1112047582864761 208.5
2090 0.1111673191189766 209
2095 0.1111368611454964 209.5
2100 0.1110769435763359 210
2105 0.1110090687870979 210.5
2110 0.1109978184103966 211
2115 0.1109478175640106 211.5
2120 0.1109327599406242 212
2125 0.1108855903148651 212.5
2130 0.110830157995224 213
2135 0.1108012124896049 213.5
2140 0.1107582449913025 214
2145 0.1107331514358521 214.5
2150 0.1106980815529823 215
2155 0.110706053674221 215.5
2160 0.1106346696615219 216
2165 0.1106313094496727 216.5
2170 0.1106063053011894 217
2175 0.1105847582221031 217.5
2180 0.1105606928467751 218
2185 0.1105379238724709 218.5
2190 0.1105467230081558 219
2195 0.1105332672595978 219.5
2200 0.1105311512947083 220
2205 0.1105176657438278 220.5
2210 0.1104998663067818 221
2215 0.1104874014854431 221.5
2220 0.1104893833398819 222
2225 0.110488273203373 222.5
2230 0.1104981526732445 223
2235 0.1104909628629684 223.5
2240 0.110496312379837 224
2245 0.1105144843459129 224.5
2250 0.1105411574244499 225
2255 0.1105483397841454 225.5
2260 0.1105666011571884 226
2265 0.1105848178267479 226.5
2270 0.1106016412377357 227
2275 0.1106472760438919 227.5
2280 0.1106954663991928 228
2285 0.1106946244835854 228.5
2290 0.1107479557394981 229
2295 0.1107925474643707 229.5
2300 0.1108356267213821 230
2305 0.1108776703476906 230.5
2310 0.1108956411480904 231
2315 0.1109494119882584 231.5
2320 0.1109807342290878 232
2325 0.1110166907310486 232.5
2330 0.1110617890954018 233
2335 0.1111150905489922 233.5
2340 0.1111614927649498 234
2345 0.1111928820610046 234.5
2350 0.1112359464168549 235
2355 0.1112136542797089 235.5
2360 0.1112781763076782 236
2365 0.1113091036677361 236.5
2370 0.1113195568323135 237
2375 0.1113447993993759 237.5
2380 0.1113751828670502 238
2385 0.1113495454192162 238.5
2390 0.1113922670483589 239
2395 0.1114014983177185 239.5
2400 0.1113889664411545 240
2405 0.1114032939076424 240.5
2410 0.1113812178373337 241
2415 0.1114111244678497 241.5
2420 0.1113938167691231 242
2425 0.1113889440894127 242.5
2430 0.1114027425646782 243
2435 0.1114197745919228 243.5
2440 0.111413262784481 244
2445 0.1114179715514183 244.5
2450 0.1114351749420166 245
2455 0.1114269569516182 245.5
2460 0.1114574074745178 246
2465 0.1114721968770027 246.5
2470 0.1114828363060951 247
2475 0.1114654019474983 247.5
2480 0.1114662885665894 248
2485 0.1114624589681625 248.5
2490 0.1114782094955444 249
2495 0.1114769205451012 249.5
2500 0.1114554852247238 250
2505 0.1114564090967178 250.5
2510 0.1114647313952446 251
2515 0.1114308312535286 251.5
2520 0.1114348918199539 252
2525 0.1114198192954063 252.5
2530 0.111388735473156 253
2535 0.1113791391253471 253.5
2540 0.111374743282795 254
2545 0.1113398671150208 254.5
2550 0.1112978905439377 255
2555 0.1112776100635529 255.5
2560 0.1112254485487938 256
2565 0.1112148389220238 256.5
2570 0.1111317873001099 257
2575 0.1111113727092743 257.5
2580 0.1110963001847267 258
2585 0.1110636591911316 258.5
2590 0.1110202223062515 259
2595 0.1109651327133179 259.5
2600 0.1109515428543091 260
2605 0.1109157875180244 260.5
2610 0.1108648777008057 261
2615 0.1108450815081596 261.5
2620 0.1108055859804153 262
2625 0.1107752993702888 262.5
2630 0.1107566505670547 263
2635 0.1107395589351654 263.5
2640 0.1107099205255508 264
2645 0.1106886342167854 264.5
2650 0.1106919050216675 265
2655 0.1106824800372124 265.5
2660 0.110684409737587 266
2665 0.1106459498405457 266.5
2670 0.1106594651937485 267
2675 0.1106503084301949 267.5
2680 0.1106249317526817 268
2685 0.110645093023777 268.5
2690 0.110636368393898 269
2695 0.1106408312916756 269.5
2700 0.1106803566217422 270
2705 0.1106490269303322 270.5
2710 0.1106470748782158 271
2715 0.1106707155704498 271.5
2720 0.1107032299041748 272
2725 0.1106635555624962 272.5
2730 0.1106906458735466 273
2735 0.1106937527656555 273.5
2740 0.1107085347175598 274
2745 0.1107196137309074 274.5
2750 0.1107589602470398 275
2755 0.1107680723071098 275.5
2760 0.110779844224453 276
2765 0.110812783241272 276.5
2770 0.1108184456825256 277
2775 0.1108326390385628 277.5
2780 0.1108484417200089 278
2785 0.1108782514929771 278.5
2790 0.1108820587396622 279
2795 0.1109301894903183 279.5
2800 0.1109335049986839 280
2805 0.1109618693590164 280.5
2810 0.1109761148691177 281
2815 0.110973097383976 281.5
2820 0.1110271662473679 282
2825 0.1110649183392525 282.5
2830 0.1110915690660477 283
2835 0.111102968454361 283.5
2840 0.1111426576972008 284
2845 0.1111630275845528 284.5
2850 0.1111843585968018 285
2855 0.1112321317195892 285.5
2860 0.1112656518816948 286
2865 0.1112894341349602 286.5
2870 0.1113257706165314 287
2875 0.1113445088267326 287.5
2880 0.1113670244812965 288
2885 0.1114029735326767 288.5
2890 0.1114302724599838 289
2895 0.1114312931895256 289.5
2900 0.1114499643445015 290
2905 0.111447773873806 290.5
2910 0.111459419131279 291
2915 0.1114780455827713 291.5
2920 0.1114893928170204 292
2925 0.1114966422319412 292.5
2930 0.1115073710680008 293
2935 0.1115185171365738 293.5
2940 0.1115142926573753 294
2945 0.1115366518497467 294.5
2950 0.1115402579307556 295
2955 0.1115552634000778 295.5
2960 0.1115827336907387 296
2965 0.1115684062242508 296.5
2970 0.1115748956799507 297
2975 0.1115668788552284 297.5
2980 0.1115806922316551 298
2985 0.1115818545222282 298.5
2990 0.1115558817982674 299
2995 0.1115630269050598 299.5
3000 0.1115532368421555 300
