0 0 0
5 7.672385054477258e-06 0.5
10 1.618256791089016e-05 1
15 2.473473082022841e-05 1.5
20 3.328010450059056e-05 2
25 4.18194837139332e-05 2.5
30 5.035625727566023e-05 3
35 5.889008832300794e-05 3.5
40 6.741964377005084e-05 4
45 7.594365417791244e-05 4.5
50 8.446118425606924e-05 5
55 9.297199018309002e-05 5.500000000000001
60 0.0001014762151024072 6.000000000000001
65 0.000109973811516162 6.500000000000001
70 0.0001184646458155469 7.000000000000001
75 0.0001269488609808173 7.500000000000001
80 0.0001354270870488647 8
85 0.0001438995335033771 8.5
90 0.0001523651314598452 9
95 0.0001608215496973838 9.5
100 0.0001692653668586312 10
105 0.0001776926666596779 10.5
110 0.0001860997825841687 11
115 0.0001944844720988952 11.5
120 0.0002028449831870755 12
125 0.0002111787661133948 12.5
130 0.0002194815290756247 13
135 0.000227747598470071 13.5
140 0.0002359722365156114 14
145 0.0002441542978825895 14.5
150 0.0002522967749840473 15
155 0.0002604052266061454 15.5
160 0.0002684856587542711 16
165 0.0002765429319626228 16.5
170 0.0002845805440213414 17
175 0.000292600423907481 17.5
180 0.0003006028972840948 18
185 0.0003085881414453177 18.5
190 0.0003165562160722618 19
195 0.0003245063434475179 19.5
200 0.0003324365010495952 20
205 0.0003403430704812617 20.5
210 0.00034822098773341 21
215 0.0003560643590101406 21.5
220 0.0003638670667877408 22
225 0.0003716234877351091 22.5
230 0.0003793298912408742 23
235 0.0003869846167767968 23.5
240 0.0003945874536229922 24
245 0.0004021392102724366 24.5
250 0.0004096406456090322 25
255 0.0004170915114226808 25.5
260 0.0004244903578531486 26
265 0.0004318339744080394 26.5
270 0.0004391168264890172 27
275 0.0004463315611871151 27.5
280 0.000453469966631924 28
285 0.000460523555470553 28.5
290 0.0004674839141688389 29
295 0.0004743437121718504 29.5
300 0.0004810964678191388 30
305 0.0004877352491069981 30.5
310 0.0004942524116485391 31
315 0.000500640228472999 31.5
320 0.0005068913150650192 32
325 0.000512997232153444 32.5
330 0.0005189484246634925 33.00000000000001
335 0.0005247356804241859 33.50000000000001
340 0.0005303519432970621 34.00000000000001
345 0.00053579324758211 34.50000000000001
350 0.0005410588609802308 35.00000000000001
355 0.0005461506133618956 35.50000000000001
360 0.0005510717492705581 36.00000000000001
365 0.0005558256344696776 36.50000000000001
370 0.0005604147598295589 37.00000000000001
375 0.0005648420642561446 37.50000000000001
380 0.000569113944536528 38.00000000000001
385 0.0005732412688935233 38.50000000000001
390 0.0005772390231489422 39.00000000000001
395 0.0005811270179000359 39.50000000000001
400 0.0005849251139893241 40.00000000000001
405 0.0005886517305831296 40.50000000000001
410 0.0005923260583972559 41.00000000000001
415 0.0005959684521959928 41.50000000000001
420 0.000599600157923861 42.00000000000001
425 0.0006032363954285664 42.50000000000001
430 0.0006068794684425411 43.00000000000001
435 0.0006105163541824964 43.50000000000001
440 0.0006141257308188418 44.00000000000001
445 0.0006176825424533519 44.50000000000001
450 0.0006211624482124542 45.00000000000001
455 0.0006245463094608438 45.50000000000001
460 0.0006278225875543747 46.00000000000001
465 0.0006309879929712518 46.50000000000001
470 0.0006340451869507209 47.00000000000001
475 0.0006370027714161542 47.50000000000001
480 0.0006398741108807657 48.00000000000001
485 0.0006426739274630382 48.50000000000001
490 0.0006454170513183373 49.00000000000001
495 0.0006481170066813832 49.50000000000001
500 0.0006507840448439817 50.00000000000001
505 0.000653424703780586 50.50000000000001
510 0.000656040673653905 51.00000000000001
515 0.0006586292004783914 51.50000000000001
520 0.0006611833253069761 52.00000000000001
525 0.0006636926585416596 52.50000000000001
530 0.0006661437609892167 53.00000000000001
535 0.0006685205185593173 53.50000000000001
540 0.0006708058237314645 54.00000000000001
545 0.0006729825405775991 54.50000000000001
550 0.0006750356122632505 55.00000000000001
555 0.0006769536305207764 55.50000000000001
560 0.0006787298451054024 56.00000000000001
565 0.00068036258311293 56.50000000000001
570 0.0006818547638593091 57.00000000000001
575 0.0006832136542405046 57.50000000000001
580 0.000684449039283499 58.00000000000001
585 0.0006855722767681161 58.50000000000001
590 0.0006865958959626674 59.00000000000001
595 0.0006875330962946994 59.50000000000001
600 0.0006883968575866948 60.00000000000001
605 0.0006892001306843533 60.50000000000001
610 0.0006899555828568174 61.00000000000001
615 0.0006906747657897375 61.50000000000001
620 0.0006913689218545372 62.00000000000001
625 0.0006920494870752961 62.50000000000001
630 0.0006927283230418114 63.00000000000001
635 0.0006934172791137999 63.50000000000001
640 0.0006941285128445775 64
645 0.0006948732515346866 64.5
650 0.0006956603106343394 65
655 0.0006964949431588329 65.5
660 0.00069737753733785 66
665 0.000698303488712352 66.5
670 0.00069926389768645 67
675 0.00070024689497302 67.5
680 0.0007012389689407884 68
685 0.0007022256599507156 68.5
690 0.0007031925036835058 69
695 0.0007041261279713947 69.5
700 0.0007050146039487142 70
705 0.0007058479655078802 70.5
710 0.0007066189424320651 71
715 0.0007073229144166698 71.5
720 0.0007079581638117089 72
725 0.0007085259334046117 72.5
730 0.0007090297912869509 73
735 0.0007094750607187865 73.5
740 0.000709868125291382 74
745 0.0007102162607237981 74.5
750 0.0007105274642186543 75
755 0.000710809952413448 75.5
760 0.0007110715474036069 76
765 0.0007113194980895878 76.5
770 0.0007115604302901551 77
775 0.0007118007522675612 77.50000000000001
780 0.0007120469921753326 78.00000000000001
785 0.0007123054394462178 78.50000000000001
790 0.0007125821687591833 79.00000000000001
795 0.0007128829023567846 79.50000000000001
800 0.0007132120469996871 80.00000000000001
805 0.0007135718890400207 80.50000000000001
810 0.0007139616639557652 81.00000000000001
815 0.0007143797697581483 81.50000000000001
820 0.0007148232642117012 82.00000000000001
825 0.000715287159588507 82.50000000000001
830 0.0007157646337052077 83.00000000000001
835 0.0007162477948055967 83.50000000000001
840 0.0007167285157528057 84.00000000000001
845 0.0007171986581710855 84.50000000000001
850 0.0007176507551647747 85.00000000000001
855 0.0007180783896243538 85.50000000000001
860 0.0007184766243441762 86.00000000000001
865 0.0007188422506552823 86.50000000000001
870 0.0007191737797840365 87.00000000000001
875 0.0007194712211627494 87.50000000000001
880 0.0007197360607888619 88.00000000000001
885 0.000719970923556805 88.50000000000001
890 0.0007201793290681124 89.00000000000001
895 0.0007203660026222862 89.50000000000001
900 0.0007205365883425638 90.00000000000001
905 0.0007206969614964768 90.50000000000001
910 0.0007208526621505275 91.00000000000001
915 0.0007210086480020052 91.50000000000001
920 0.0007211694044816771 92.00000000000001
925 0.0007213389877293374 92.50000000000001
930 0.0007215212500166901 93.00000000000001
935 0.0007217200601182652 93.50000000000001
940 0.0007219390697951577 94.00000000000001
945 0.0007221812516467296 94.50000000000001
950 0.0007224484226689834 95.00000000000001
955 0.0007227408844557543 95.50000000000001
960 0.0007230572183990065 96.00000000000001
965 0.0007233940205013245 96.50000000000001
970 0.0007237460371257397 97.00000000000001
975 0.0007241065269407722 97.50000000000001
980 0.0007244676998330712 98.00000000000001
985 0.0007248213378727084 98.50000000000001
990 0.0007251593296438879 99.00000000000001
995 0.0007254743223190387 99.50000000000001
1000 0.0007257600033432422 100
1005 0.0007260113521646872 100.5
1010 0.0007262251307009463 101
1015 0.0007263999389693175 101.5
1020 0.0007265359859634787 102
1025 0.0007266350324763743 102.5
1030 0.000726700199347701 103
1035 0.0007267356912666718 103.5
1040 0.0007267463464972406 104
1045 0.0007267379579168012 104.5
1050 0.0007267168487341779 105
1055 0.0007266897821140034 105.5
1060 0.0007266637266636032 106
1065 0.0007266455152724736 106.5
1070 0.0007266415321223397 107
1075 0.0007266576905687621 107.5
1080 0.0007266990178538048 108
1085 0.0007267694129728105 108.5
1090 0.0007268714103664731 109
1095 0.0007270055555330566 109.5
1100 0.0007271702466914315 110
1105 0.0007273618773962812 110.5
1110 0.0007275747615337676 111
1115 0.0007278015548884703 111.5
1120 0.0007280339418242583 112
1125 0.0007282631880606353 112.5
1130 0.0007284805533722071 113
1135 0.0007286778233649776 113.5
1140 0.000728847796594983 114
1145 0.0007289845837761415 114.5
1150 0.0007290840075584939 115
1155 0.000729143889518549 115.5
1160 0.0007291638947433693 116
1165 0.0007291453840578011 116.5
1170 0.000729091344335086 117
1175 0.0007290061015040959 117.5
1180 0.0007288952215066644 118
1185 0.0007287651955521991 118.5
1190 0.0007286230057533454 119
1195 0.0007284758272404784 119.5
1200 0.0007283309471155153 120
1205 0.0007281954464313493 120.5
1210 0.0007280760597035656 121
1215 0.0007279783015168876 121.5
1220 0.000727907493075814 122
1225 0.0007278682489673383 122.5
1230 0.0007278639970964632 123
1235 0.0007278965523011192 123.5
1240 0.0007279653867908844 124
1245 0.00072806788311901 124.5
1250 0.0007281991737216634 125
1255 0.0007283525316479088 125.5
1260 0.0007285194978715068 126
1265 0.0007286905428993046 126.5
1270 0.0007288562879936615 127
1275 0.000729007783103468 127.5
1280 0.0007291370246684873 128
1285 0.0007292374867622298 128.5
1290 0.0007293041999529215 129
1295 0.0007293342897612375 129.5
1300 0.0007293270297149956 130
1305 0.0007292835149103654 130.5
1310 0.0007292063245651307 131
1315 0.0007290993322340113 131.5
1320 0.0007289676542816159 132
1325 0.0007288173637498474 132.5
1330 0.0007286550506243886 133
1335 0.0007284873375273228 133.5
1340 0.000728320976458777 134
1345 0.0007281627551747209 134.5
1350 0.00072801908975485 135
1355 0.0007278958876786176 135.5
1360 0.0007277985611156608 136
1365 0.0007277319375140593 136.5
1370 0.000727699702659889 137
1375 0.0007277040696888875 137.5
1380 0.0007277455781452727 138
1385 0.000727822779577912 138.5
1390 0.0007279320431089692 139
1395 0.0007280679953434031 139.5
1400 0.0007282239236159249 140
1405 0.0007283920400746377 140.5
1410 0.0007285639180134352 141
1415 0.0007287311059775435 141.5
1420 0.0007288854694835856 142
1425 0.0007290198397059935 142.5
1430 0.0007291285370868126 143
1435 0.0007292076356048442 143.5
1440 0.0007292549809472579 144
1445 0.0007292700683537896 144.5
1450 0.0007292537754813677 145
1455 0.0007292082695355484 145.5
1460 0.0007291368846336399 146
1465 0.0007290439511751283 146.5
1470 0.0007289345718459985 147
1475 0.0007288144782041457 147.5
1480 0.0007286897597465063 148
1485 0.000728566680105982 148.5
1490 0.0007284515107031061 149
1495 0.0007283503391648236 149.5
1500 0.0007282689984454603 150
1505 0.0007282126059280249 150.5
1510 0.0007281854897917868 151
1515 0.0007281908367784626 151.5
1520 0.0007282303651131937 152
1525 0.0007283041335145303 152.5
1530 0.0007284105577200629 153
1535 0.0007285461362963432 153.5
1540 0.0007287057796942077 154
1545 0.0007288830213457942 154.5
1550 0.0007290704538297521 155
1555 0.0007292600832464393 155.5
1560 0.0007294438883649645 156
1565 0.0007296142963723898 156.5
1570 0.0007297647389966001 157
1575 0.000729890074296632 157.5
1580 0.0007299867501220627 158
1585 0.000730052874640544 158.5
1590 0.0007300881606547595 159
1595 0.0007300935426928563 159.5
1600 0.0007300711908608411 160
1605 0.0007300244334238084 160.5
1610 0.0007299576486611198 161
1615 0.0007298759819890423 161.5
1620 0.0007297849115359167 162
1625 0.0007296901666686912 162.5
1630 0.0007295975893954351 163
1635 0.0007295131071827734 163.5
1640 0.0007294424841569793 164
1645 0.0007293911237789389 164.5
1650 0.0007293639506036571 165
1655 0.0007293650643983808 165.5
1660 0.0007293972566408249 166
1665 0.0007294620444929012 166.5
1670 0.0007295593843354728 167
1675 0.0007296873930157023 167.5
1680 0.0007298423531074082 168
1685 0.0007300189485800509 168.5
1690 0.0007302106403031454 169
1695 0.0007304100785521726 169.5
1700 0.0007306094780251663 170
1705 0.000730801050221981 170.5
1710 0.0007309775426087948 171
1715 0.0007311326238362131 171.5
1720 0.0007312614811181581 172
1725 0.0007313607955632371 172.5
1730 0.0007314288846070055 173
1735 0.0007314656080414184 173.5
1740 0.0007314721509532884 174
1745 0.0007314507995429985 174.5
1750 0.0007314049773755889 175
1755 0.0007313391557229642 175.5
1760 0.0007312584612230256 176
1765 0.0007311682807618421 176.5
1770 0.0007310743128477412 177
1775 0.000730982496270862 177.5
1780 0.0007308987617719375 178
1785 0.0007308287424081306 178.5
1790 0.0007307776832601931 179
1795 0.0007307503841801355 179.5
1800 0.000730750794804808 180
1805 0.0007307813702847883 180.5
1810 0.0007308433020564378 181
1815 0.0007309363148673238 181.5
1820 0.0007310583494118862 182
1825 0.0007312056145423907 182.5
1830 0.0007313727817170977 183
1835 0.0007315534590081493 183.5
1840 0.0007317404319016273 184
1845 0.0007319261183064956 184.5
1850 0.0007321029984404251 185
1855 0.0007322639821457752 185.5
1860 0.0007324030576685972 186
1865 0.0007325156392032921 186.5
1870 0.0007325985403651871 187
1875 0.0007326501561533803 187.5
1880 0.000732670539454377 188
1885 0.0007326609937996661 188.5
1890 0.0007326239399341641 189
1895 0.0007325629707472011 189.5
1900 0.000732482758709318 190
1905 0.0007323885343550013 190.5
1910 0.0007322858131001704 191
1915 0.0007321804206351555 191.5
1920 0.0007320784047722832 192
1925 0.0007319856201704176 192.5
1930 0.0007319075382349795 193
1935 0.0007318491862241074 193.5
1940 0.0007318149665514857 194
1945 0.0007318083337454386 194.5
1950 0.0007318315003908038 195
1955 0.0007318852683702752 195.5
1960 0.0007319689366870975 196
1965 0.0007320801619374608 196.5
1970 0.0007322149846327578 197
1975 0.0007323679967827022 197.5
1980 0.0007325327849637098 198
1985 0.0007327022223012488 198.5
1990 0.0007328689606240446 199
1995 0.0007330256856879348 199.5
2000 0.0007331655907696866 200
2005 0.0007332829094487249 200.5
2010 0.0007333732103281885 201
2015 0.0007334334819518569 201.5
2020 0.0007334624260956196 202
2025 0.0007334603224019129 202.5
2030 0.00073342861649446 203
2035 0.000733369916560856 203.5
2040 0.0007332880279674904 204
2045 0.0007331877446106487 204.5
2050 0.0007330742445895373 205
2055 0.0007329529949334063 205.5
2060 0.0007328299430452402 206
2065 0.0007327112237142352 206.5
2070 0.0007326027426583242 207
2075 0.0007325100281208549 207.5
2080 0.0007324379628569148 208
2085 0.0007323906620913938 208.5
2090 0.0007323712783113201 209
2095 0.0007323817022735222 209.5
2100 0.0007324225253999401 210
2105 0.0007324927531019256 210.5
2110 0.0007325898185172669 211
2115 0.0007327096911926861 211.5
2120 0.0007328468591181686 212
2125 0.0007329948320887066 212.5
2130 0.0007331465327761048 213
2135 0.0007332945987005542 213.5
2140 0.0007334319191010531 214
2145 0.0007335519308403856 214.5
2150 0.0007336491567766513 215
2155 0.000733719377775198 215.5
2160 0.0007337598467150086 216
2165 0.0007337694818206748 216.5
2170 0.0007337486594964425 217
2175 0.000733698940557805 217.5
2180 0.0007336231499318301 218
2185 0.0007335253388158564 218.5
2190 0.0007334102933532103 219
2195 0.0007332831530282533 219.5
2200 0.0007331495288854925 220
2205 0.0007330154238454969 220.5
2210 0.0007328869129337322 221
2215 0.0007327697505824736 221.5
2220 0.0007326692362737717 222
2225 0.0007325901210382879 222.5
2230 0.0007325363746140657 223
2235 0.000732510872969056 223.5
2240 0.0007325151207681152 224
2245 0.0007325495299907645 224.5
2250 0.0007326127975933852 225
2255 0.0007327019706690572 225.5
2260 0.0007328126769497297 226
2265 0.0007329391638672513 226.5
2270 0.0007330748597672709 227
2275 0.0007332126986902556 227.5
2280 0.0007333454422343683 228
2285 0.0007334661391215898 228.5
2290 0.0007335686102914617 229
2295 0.0007336478217418612 229.5
2300 0.0007336999616040613 230
2305 0.0007337226857075896 230.5
2310 0.000733715300915702 231
2315 0.0007336784987285642 231.5
2320 0.0007336140797243987 232
2325 0.0007335250667044203 232.5
2330 0.0007334155929975201 233
2335 0.0007332904587375673 233.5
2340 0.0007331549079589037 234
2345 0.000733014677436575 234.5
2350 0.0007328758308380168 235
2355 0.0007327443712899839 235.5
2360 0.0007326260545171807 236
2365 0.0007325262068401217 236.5
2370 0.000732449531519219 237
2375 0.0007323998358229856 237.5
2380 0.000732379727016426 238
2385 0.0007323905253746307 238.5
2390 0.000732432213828384 239
2395 0.0007325030922359776 239.5
2400 0.0007325998292676484 240
2405 0.0007327176111581084 240.5
2410 0.000732850398861555 241
2415 0.000732991377411156 241.5
2420 0.0007331333471657291 242
2425 0.0007332690491700588 242.5
2430 0.0007333915390646368 243
2435 0.0007334947189372044 243.5
2440 0.0007335737278412739 244
2445 0.0007336250420849099 244.5
2450 0.000733646629060333 245
2455 0.0007336380924915932 245.5
2460 0.000733600363862447 246
2465 0.000733535474568503 246.5
2470 0.0007334466761550789 247
2475 0.0007333383262237099 247.5
2480 0.000733215395923601 248
2485 0.0007330832436363657 248.5
2490 0.0007329476637836131 249
2495 0.0007328147254342627 249.5
2500 0.000732690387187865 250
2505 0.0007325803308999531 250.5
2510 0.0007324898512432987 251
2515 0.0007324235730296717 251.5
2520 0.0007323850185082505 252
2525 0.0007323764163649062 252.5
2530 0.0007323987743806837 253
2535 0.0007324516234813241 253.5
2540 0.0007325328567945626 254
2545 0.0007326387456008372 254.5
2550 0.0007327641673197751 255
2555 0.0007329028529513826 255.5
2560 0.0007330478731227781 256
2565 0.0007331920310018966 256.5
2570 0.0007333281521400894 257
2575 0.0007334494726236716 257.5
2580 0.0007335501476946267 258
2585 0.0007336256605813148 258.5
2590 0.0007336727598260853 259
2595 0.000733689809396117 259.5
2600 0.0007336767696793429 260
2605 0.0007336348461548519 260.5
2610 0.0007335664107876323 261
2615 0.0007334750391324329 261.5
2620 0.0007333653751569557 262
2625 0.000733242513734473 262.5
2630 0.000733111889449333 263
2635 0.000732979397104061 263.5
2640 0.0007328511317444403 264
2645 0.0007327329960924194 264.5
2650 0.0007326305920608214 265
2655 0.0007325490000848156 265.5
2660 0.0007324924869606394 266
2665 0.0007324643195462001 266.5
2670 0.0007324664019357139 267
2675 0.0007324993109212636 267.5
2680 0.0007325620115283725 268
2685 0.0007326517585417239 268.5
2690 0.0007327643520359943 269
2695 0.0007328943490176957 269.5
2700 0.0007330353286833009 270
2705 0.0007331803963940547 270.5
2710 0.0007333224273705632 271
2715 0.0007334542761238814 271.5
2720 0.0007335694080548858 272
2725 0.0007336623754183346 272.5
2730 0.0007337290322786734 273
2735 0.0007337665462970556 273.5
2740 0.0007337738016782336 274
2745 0.0007337511652287084 274.5
2750 0.0007337001466521589 275
2755 0.0007336234463183646 275.5
2760 0.0007335250027858373 276
2765 0.0007334096165434411 276.5
2770 0.0007332825191795486 277
2775 0.0007331493475731791 277.5
2780 0.0007330161855779228 278
2785 0.0007328890366927994 278.5
2790 0.0007327736829136683 279
2795 0.0007326755055494569 279.5
2800 0.0007325991971410848 280
2805 0.0007325486590692158 280.5
2810 0.0007325267866498976 281
2815 0.0007325350326269784 281.5
2820 0.0007325735765147334 282
2825 0.0007326409662199546 282.5
2830 0.0007327341459528526 283
2835 0.0007328486523918381 283.5
2840 0.0007329787950143128 284
2845 0.0007331180077916337 284.5
2850 0.0007332593495964005 285
2855 0.0007333957495973504 285.5
2860 0.0007335203024261601 286
2865 0.0007336267705381218 286.5
2870 0.0007337101051987353 287
2875 0.0007337664609893699 287.5
2880 0.000733793485346458 288
2885 0.0007337904685345329 288.5
2890 0.0007337580766769996 289
2895 0.0007336981322450705 289.5
2900 0.0007336136433102519 290
2905 0.0007335087724455959 290.5
2910 0.0007333883214384512 291
2915 0.0007332575966496701 291.5
2920 0.0007331224815614727 292
2925 0.0007329890694723891 292.5
2930 0.0007328633596356928 293
2935 0.0007327510139551732 293.5
2940 0.0007326572761161182 294
2945 0.0007325867110245768 294.5
2950 0.0007325429724661744 295
2955 0.0007325284995783229 295.5
2960 0.0007325443488936639 296
2965 0.0007325902136792113 296.5
2970 0.0007326642087459876 297
2975 0.0007327629000218364 297.5
2980 0.0007328813042786234 298
2985 0.0007330134106414014 298.5
2990 0.0007331525246445478 299
2995 0.0007332915585170524 299.5
3000 0.0007334235173472682 300
