0 0 0
5 0.04221578310158662 0.5
10 0.06970666696346006 1
15 0.08395874186482741 1.5
20 0.08899096405966474 2
25 0.09055207717534469 2.5
30 0.09125604053325127 3
35 0.09163849803932046 3.5
40 0.09179904295590247 4
45 0.09186894750465857 4.5
50 0.09190331033370588 5
55 0.09191741186859415 5.500000000000001
60 0.09192132127682519 6.000000000000001
65 0.09191818207129096 6.500000000000001
70 0.09191669531464974 7.000000000000001
75 0.09191420841416574 7.500000000000001
80 0.09190850903857875 8
85 0.09190238184877855 8.5
90 0.09189632193411498 9
95 0.09189052100478032 9.5
100 0.0918883316497698 10
105 0.09188610950217409 10.5
110 0.09188359131651873 11
115 0.09188063894534503 11.5
120 0.09187770968041373 12
125 0.09187148911348283 12.5
130 0.09185815140541163 13
135 0.09182973376016589 13.5
140 0.09179935241203459 14
145 0.09180615264533744 14.5
150 0.09181782422712208 15
155 0.09182904172422028 15.5
160 0.09183817134050527 16
165 0.09184412006793884 16.5
170 0.09184567023815618 17
175 0.09186185307040363 17.5
180 0.09187432241247771 18
185 0.09188300030694144 18.5
190 0.09188705520168469 19
195 0.09189544428149105 19.5
200 0.09190789941053981 20
205 0.09191514018097209 20.5
210 0.09191619910899533 21
215 0.09191639750361738 21.5
220 0.09190701439456413 22
225 0.09189083757353299 22.5
230 0.09186932296200734 23
235 0.09184338021062179 23.5
240 0.09181468574103263 24
245 0.09178613412764863 24.5
250 0.09176170728364284 25
255 0.09174660756408752 25.5
260 0.0917383262447713 26
265 0.09174183502674242 26.5
270 0.091755189961126 27
275 0.09177533541168754 27.5
280 0.09179832634455883 28
285 0.09182070533714325 28.5
290 0.09183711037660773 29
295 0.09185192370799186 29.5
300 0.09186757708047444 30
305 0.0918841680123898 30.5
310 0.09190065359683013 31
315 0.09191546186791368 31.5
320 0.09192774280658061 32
325 0.09193761065719458 32.5
330 0.09194545959670276 33.00000000000001
335 0.09195016318988825 33.50000000000001
340 0.09195126346442824 34.00000000000001
345 0.09195033426835383 34.50000000000001
350 0.09194799006525291 35.00000000000001
355 0.09194446683148941 35.50000000000001
360 0.09193988031080473 36.00000000000001
365 0.09193435322298571 36.50000000000001
370 0.09192807385956826 37.00000000000001
375 0.09192125973520135 37.50000000000001
380 0.09191438567264147 38.00000000000001
385 0.09190777892938663 38.50000000000001
390 0.09190121381599779 39.00000000000001
395 0.09189482304624233 39.50000000000001
400 0.09188897544324733 40.00000000000001
405 0.09188392444701281 40.50000000000001
410 0.09187982700122529 41.00000000000001
415 0.09187708390545284 41.50000000000001
420 0.09187603214930623 42.00000000000001
425 0.09187677255862864 42.50000000000001
430 0.09187934824298265 43.00000000000001
435 0.09188363391456238 43.50000000000001
440 0.09188930677169949 44.00000000000001
445 0.09189595501276369 44.50000000000001
450 0.09190314547435605 45.00000000000001
455 0.09191047742009539 45.50000000000001
460 0.09191752000495831 46.00000000000001
465 0.09192378721412185 46.50000000000001
470 0.09192905434173852 47.00000000000001
475 0.09193322401299128 47.50000000000001
480 0.09193603366484289 48.00000000000001
485 0.0919374248673267 48.50000000000001
490 0.09193760606803121 49.00000000000001
495 0.09193678824089739 49.50000000000001
500 0.09193510093695047 50.00000000000001
505 0.09193262792564362 50.50000000000001
510 0.09192950430063776 51.00000000000001
515 0.09192589461020195 51.50000000000001
520 0.09192195104997002 52.00000000000001
525 0.09191782595558962 52.50000000000001
530 0.09191367370671924 53.00000000000001
535 0.09190932984191413 53.50000000000001
540 0.09190464525701554 54.00000000000001
545 0.09189980436338273 54.50000000000001
550 0.09189509806582719 55.00000000000001
555 0.09189086616596079 55.50000000000001
560 0.09188755839634929 56.00000000000001
565 0.09188551511158287 56.50000000000001
570 0.09188488982740473 57.00000000000001
575 0.0918856966264326 57.50000000000001
580 0.09188796238937078 58.00000000000001
585 0.09189164336686752 58.50000000000001
590 0.09189648643542057 59.00000000000001
595 0.09190205093397688 59.50000000000001
600 0.09190789230731865 60.00000000000001
605 0.09191363830320343 60.50000000000001
610 0.09191896279350628 61.00000000000001
615 0.09192358320875701 61.50000000000001
620 0.09192705549018633 62.00000000000001
625 0.09192919657447812 62.50000000000001
630 0.09193015988012733 63.00000000000001
635 0.0919301425661319 63.50000000000001
640 0.09192927419368463 64
645 0.0919276171978545 64.5
650 0.09192528055742227 65
655 0.09192239250106578 65.5
660 0.09191906650069864 66
665 0.09191542288443075 66.5
670 0.09191157586862965 67
675 0.09190753887152225 67.5
680 0.09190304711915213 68
685 0.09189809488276901 68.5
690 0.09189299343503284 69
695 0.09188814701304851 69.5
700 0.09188404510227 70
705 0.09188121242096803 70.5
710 0.09187992034153894 71
715 0.09188021691326465 71.5
720 0.09188207684050763 72
725 0.09188551023160071 72.5
730 0.09189035287636882 73
735 0.09189626885409954 73.5
740 0.09190273914281352 74
745 0.09190926439806664 74.5
750 0.09191546473490302 75
755 0.09192103299719311 75.5
760 0.09192564966389515 76
765 0.09192887874195538 76.5
770 0.09193070763430898 77
775 0.09193133465297373 77.50000000000001
780 0.0919309471634276 78.00000000000001
785 0.09192964375986064 78.50000000000001
790 0.09192751985245209 79.00000000000001
795 0.09192472492957827 79.50000000000001
800 0.09192138873299643 80.00000000000001
805 0.09191764299448349 80.50000000000001
810 0.09191363441312227 81.00000000000001
815 0.09190931673536715 81.50000000000001
820 0.09190436439490449 82.00000000000001
825 0.09189889394098641 82.50000000000001
830 0.09189324786617918 83.00000000000001
835 0.09188784762654431 83.50000000000001
840 0.09188319176779357 84.00000000000001
845 0.09187981494763724 84.50000000000001
850 0.09187795564735277 85.00000000000001
855 0.09187766477783564 85.50000000000001
860 0.09187903682467373 86.00000000000001
865 0.09188215340027944 86.50000000000001
870 0.09188688019019839 87.00000000000001
875 0.09189288228632528 87.50000000000001
880 0.09189972481657648 88.00000000000001
885 0.09190686695750125 88.50000000000001
890 0.09191373176657552 89.00000000000001
895 0.09191993919369412 89.50000000000001
900 0.0919252247523617 90.00000000000001
905 0.09192916427248503 90.50000000000001
910 0.09193157214653458 91.00000000000001
915 0.09193262899604107 91.50000000000001
920 0.09193255868859984 92.00000000000001
925 0.09193150553187042 92.50000000000001
930 0.09192955735327418 93.00000000000001
935 0.09192685374271854 93.50000000000001
940 0.09192353380712556 94.00000000000001
945 0.09191972533258919 94.50000000000001
950 0.09191556723032468 95.00000000000001
955 0.09191116560981163 95.50000000000001
960 0.09190623886691307 96.00000000000001
965 0.09190067407480763 96.50000000000001
970 0.09189476395213944 97.00000000000001
975 0.09188891350531327 97.50000000000001
980 0.0918835863621217 98.00000000000001
985 0.09187935356914551 98.50000000000001
990 0.09187662089503429 99.00000000000001
995 0.09187550548362228 99.50000000000001
1000 0.09187611484964135 100
1005 0.09187855116632851 100.5
1010 0.09188277470222221 101
1015 0.0918885037467941 101.5
1020 0.09189531444001543 102
1025 0.09190271694245529 102.5
1030 0.09191009488398597 103
1035 0.09191693490050692 103.5
1040 0.09192292754698728 104
1045 0.09192773204086616 104.5
1050 0.09193096307821974 105
1055 0.09193270422581501 105.5
1060 0.0919331951765551 106
1065 0.09193263716223038 106.5
1070 0.09193112850867648 107
1075 0.09192878180135859 107.5
1080 0.0919257443209075 108
1085 0.09192214781810133 108.5
1090 0.09191813027471769 109
1095 0.09191384177028812 109.5
1100 0.09190935480759989 110
1105 0.09190432955238412 110.5
1110 0.0918987709279042 111
1115 0.09189299733031102 111.5
1120 0.09188743405049794 112
1125 0.09188255394527295 112.5
1130 0.09187891394636587 113
1135 0.0918767983048544 113.5
1140 0.09187631471860566 114
1145 0.09187756890792434 114.5
1150 0.09188063683957562 115
1155 0.0918853928543434 115.5
1160 0.09189149789437977 116
1165 0.09189850673032375 116.5
1170 0.09190590856237653 117
1175 0.0919130861577095 117.5
1180 0.0919196043583666 118
1185 0.09192518516837273 118.5
1190 0.09192939452921592 119
1195 0.09193202331174867 119.5
1200 0.09193325369514614 120
1205 0.0919333227610445 120.5
1210 0.09193238604779885 121
1215 0.09193052882795437 121.5
1220 0.09192788212897966 122
1225 0.091924587986384 122.5
1230 0.09192077737069715 123
1235 0.09191658987123486 123.5
1240 0.09191217862989254 124
1245 0.09190753437500759 124.5
1250 0.09190232416369941 125
1255 0.09189666690784316 125.5
1260 0.09189091574436337 126
1265 0.09188550871050191 126.5
1270 0.09188093159682438 127
1275 0.09187770079026682 127.5
1280 0.09187601863045314 128
1285 0.09187601299700807 128.5
1290 0.09187778470571963 129
1295 0.09188136995626149 129.5
1300 0.09188657550250079 130
1305 0.09189301936826932 130.5
1310 0.09190023766186028 131
1315 0.0919076923773174 131.5
1320 0.09191478356057077 132
1325 0.09192112203723027 132.5
1330 0.09192641445823574 133
1335 0.09193020766681888 133.5
1340 0.09193244514857497 134
1345 0.09193334945286331 134.5
1350 0.0919331497453944 135
1355 0.09193197150756456 135.5
1360 0.09192990516665323 136
1365 0.09192709384863892 136.5
1370 0.09192367594645041 137
1375 0.09191978264228647 137.5
1380 0.0919155543250367 138
1385 0.09191115134182785 138.5
1390 0.0919065420114851 139
1395 0.09190141029963415 139.5
1400 0.09189588797300245 140
1405 0.09189033411343109 140.5
1410 0.09188517817701088 141
1415 0.09188090039343447 141.5
1420 0.09187798247164727 142
1425 0.09187660147595761 142.5
1430 0.09187688293117668 143
1435 0.09187892418735001 143.5
1440 0.09188273755323242 144
1445 0.0918880960991318 144.5
1450 0.09189460259481151 145
1455 0.09190179209873034 145.5
1460 0.09190910275197238 146
1465 0.09191597570925392 146.5
1470 0.09192206171748993 147
1475 0.09192704029198243 147.5
1480 0.09193048447348476 148
1485 0.0919324191786897 148.5
1490 0.09193307588350441 149
1495 0.09193266677067627 149.5
1500 0.091931299055796 150
1505 0.091929070818079 150.5
1510 0.09192613053149054 151
1515 0.09192261412828488 151.5
1520 0.0919186522270046 152
1525 0.09191438888646748 152.5
1530 0.09190998213954397 153
1535 0.09190528276279461 153.5
1540 0.09190005840040079 154
1545 0.09189451582219001 154.5
1550 0.09188904012412323 155
1555 0.09188406083180949 155.5
1560 0.09188008848587313 156
1565 0.09187753932899764 156.5
1570 0.09187655681053855 157
1575 0.09187725737493589 157.5
1580 0.09187973180740086 158
1585 0.09188394419097914 158.5
1590 0.09188961559919674 159
1595 0.09189632503547339 159.5
1600 0.09190359272874349 160
1605 0.09191082457254139 160.5
1610 0.09191751877826969 161
1615 0.09192336630727395 161.5
1620 0.09192797945544302 162
1625 0.0919310228653244 162.5
1630 0.091932617737553 163
1635 0.09193300275189471 163.5
1640 0.09193236550410054 164
1645 0.09193079670562962 164.5
1650 0.09192840888792288 165
1655 0.09192534955476814 165.5
1660 0.09192175024245318 166
1665 0.09191774332824672 166.5
1670 0.0919134753559985 167
1675 0.09190909255631777 167.5
1680 0.09190436263154657 168
1685 0.09189912887314462 168.5
1690 0.0918936405960501 169
1695 0.09188829645394157 169.5
1700 0.09188352567802296 170
1705 0.09187985371481334 170.5
1710 0.09187762737626239 171
1715 0.09187697475004007 171.5
1720 0.09187800606966169 172
1725 0.09188080523705162 172.5
1730 0.09188529076412004 173
1735 0.09189114868226406 173.5
1740 0.09189794628602711 174
1745 0.0919051910283851 174.5
1750 0.09191228445380582 175
1755 0.09191877377441812 175.5
1760 0.09192437011758783 176
1765 0.09192864851766104 176.5
1770 0.0919313650757046 177
1775 0.0919326853200849 177.5
1780 0.09193284377898785 178
1785 0.09193200579870178 178.5
1790 0.09193025583527988 179
1795 0.091927719888419 179.5
1800 0.09192454394856758 180
1805 0.09192085669888291 180.5
1810 0.09191678996677763 181
1815 0.09191249789598398 181.5
1820 0.09190807734463446 182
1825 0.09190322296537606 182.5
1830 0.09189790482640219 183
1835 0.09189241975312867 183.5
1840 0.09188717688702315 184
1845 0.09188261174636668 184.5
1850 0.09187925643420938 185
1855 0.09187737511290371 185.5
1860 0.09187709398521231 186
1865 0.09187851718277947 186.5
1870 0.09188170889577857 187
1875 0.09188652993620453 187.5
1880 0.09189262910083179 188
1885 0.09189955976469544 188.5
1890 0.09190680556626883 189
1895 0.09191377842140794 189.5
1900 0.0919200726752538 190
1905 0.09192540274065522 190.5
1910 0.09192931401304962 191
1915 0.09193168024482802 191.5
1920 0.09193270454981899 192
1925 0.09193261445975301 192.5
1930 0.09193154997085425 193
1935 0.09192959482478445 193.5
1940 0.09192688859094837 194
1945 0.0919235728335687 194.5
1950 0.09191977240156433 195
1955 0.09191562481352136 195.5
1960 0.09191129018774509 196
1965 0.091906773061061 196.5
1970 0.09190175960684081 197
1975 0.09189633552582763 197.5
1980 0.09189084042139946 198
1985 0.09188569079850317 198.5
1990 0.09188135062225694 199
1995 0.09187832375778524 199.5
2000 0.0918768067333947 200
2005 0.09187692540431956 200.5
2010 0.09187877770241705 201
2015 0.09188239543442832 201.5
2020 0.09188757869844635 202
2025 0.0918939416677373 202.5
2030 0.09190102428932111 203
2035 0.09190827534180793 203.5
2040 0.09191513397867891 204
2045 0.09192123872329037 204.5
2050 0.09192628585445159 205
2055 0.09192982783999373 205.5
2060 0.09193185269103778 206
2065 0.09193258639924019 206.5
2070 0.09193224453267232 207
2075 0.09193094309161297 207.5
2080 0.0919287761122425 208
2085 0.09192589295303781 208.5
2090 0.09192242975516189 209
2095 0.09191851296849585 209.5
2100 0.09191428710615251 210
2105 0.09190990973729112 210.5
2110 0.09190523841791451 211
2115 0.0919000420628511 211.5
2120 0.09189451700988818 212
2125 0.09188904336790039 212.5
2130 0.09188404278583039 213
2135 0.09188002289438699 213.5
2140 0.0918774114691252 214
2145 0.09187635717461516 214.5
2150 0.09187697884596835 215
2155 0.09187936546215654 215.5
2160 0.09188349306847166 216
2165 0.09188909373866445 216.5
2170 0.09189574883410159 217
2175 0.09190298044239428 217.5
2180 0.0919101991403613 218
2185 0.09191689760369874 218.5
2190 0.09192276022433704 219
2195 0.09192741789246954 219.5
2200 0.09193051051467362 220
2205 0.09193214088511049 220.5
2210 0.09193254523954419 221
2215 0.09193191615772471 221.5
2220 0.09193034709558535 222
2225 0.09192795173078457 222.5
2230 0.09192488007530193 223
2235 0.09192126448049154 223.5
2240 0.09191723574029274 224
2245 0.09191294396598772 224.5
2250 0.09190851780391741 225
2255 0.09190368819671459 225.5
2260 0.09189835565189991 226
2265 0.09189279430420655 226.5
2270 0.09188741200179552 227
2275 0.09188264255992701 227.5
2280 0.0918790194050904 228
2285 0.09187686738639321 228.5
2290 0.09187631480332814 229
2295 0.09187746843014441 229.5
2300 0.09188040394036595 230
2305 0.0918850251927107 230.5
2310 0.09189100458375742 231
2315 0.09189790066045468 231.5
2320 0.09190520874311936 232
2325 0.09191232424205503 232.5
2330 0.09191880664302786 233
2335 0.09192436923409444 233.5
2340 0.09192857012361398 234
2345 0.09193119870645274 234.5
2350 0.09193243734391068 235
2355 0.09193252004916808 235.5
2360 0.09193160708351758 236
2365 0.09192978245987338 236.5
2370 0.09192717889913944 237
2375 0.0919239414787645 237.5
2380 0.09192020086967582 238
2385 0.09191609278460917 238.5
2390 0.09191177214469685 239
2395 0.09190730698091264 239.5
2400 0.09190236392650941 240
2405 0.09189697278869458 240.5
2410 0.09189145612064835 241
2415 0.09188623451721989 241.5
2420 0.09188176050491632 242
2425 0.09187855784211729 242.5
2430 0.09187685877945989 243
2435 0.09187678332501811 243.5
2440 0.09187842990253733 244
2445 0.09188184915957405 244.5
2450 0.09188687275251237 245
2455 0.09189313173557075 245.5
2460 0.09190017208771623 246
2465 0.09190745320855362 246.5
2470 0.09191439754985084 247
2475 0.09192062348117258 247.5
2480 0.09192583299131818 248
2485 0.09192956876647419 248.5
2490 0.09193177020495971 249
2495 0.09193265477396324 249.5
2500 0.09193244522600458 250
2505 0.09193126805809622 250.5
2510 0.09192921134124536 251
2515 0.09192642000296078 251.5
2520 0.09192303291613063 252
2525 0.09191917875932933 252.5
2530 0.09191499673976795 253
2535 0.09191064782467134 253.5
2540 0.09190608737585254 254
2545 0.09190101273052151 254.5
2550 0.09189555898627691 255
2555 0.09189008522629676 255.5
2560 0.0918850136657156 256
2565 0.09188082468289577 256.5
2570 0.09187799333624776 257
2575 0.09187669005625421 257.5
2580 0.09187703643481555 258
2585 0.09187912666218265 258.5
2590 0.09188297040889891 259
2595 0.09188833752675664 259.5
2600 0.09189482839959559 260
2605 0.09190197682452393 260.5
2610 0.09190921426277189 261
2615 0.09191600235939471 261.5
2620 0.09192200144038246 262
2625 0.09192687707414003 262.5
2630 0.09193021446052504 263
2635 0.09193206113144431 263.5
2640 0.09193264946349629 264
2645 0.09193218571798131 264.5
2650 0.09193077398846172 265
2655 0.0919285151034142 265.5
2660 0.09192555929591474 266
2665 0.09192204101079819 266.5
2670 0.09191808834539222 267
2675 0.09191384723760286 267.5
2680 0.09190947354019902 268
2685 0.09190480021028263 268.5
2690 0.09189961479530979 269
2695 0.09189412902979857 269.5
2700 0.09188872843655838 270
2705 0.09188383408579562 270.5
2710 0.09187995874710904 271
2715 0.09187750279588361 271.5
2720 0.09187660578408689 272
2725 0.09187738185559682 272.5
2730 0.09187991801011824 273
2735 0.09188417165079214 273.5
2740 0.09188985784128023 274
2745 0.09189655288801701 274.5
2750 0.09190377438451866 275
2755 0.09191092636033778 275.5
2760 0.0919175264771734 276
2765 0.09192327236558982 276.5
2770 0.09192777026003802 277
2775 0.0919306993170563 277.5
2780 0.09193219163549074 278
2785 0.09193248289230123 278.5
2790 0.09193175503149099 279
2795 0.09193009606587708 279.5
2800 0.09192762560680875 280
2805 0.09192449280250807 280.5
2810 0.09192082815935472 281
2815 0.09191676323387167 281.5
2820 0.09191245046822673 282
2825 0.09190799886335912 282.5
2830 0.09190310795812494 283
2835 0.09189772918441287 283.5
2840 0.09189215742469642 284
2845 0.09188680673018922 284.5
2850 0.09188211384852413 285
2855 0.09187861491160533 285.5
2860 0.09187659980663627 286
2865 0.09187619620288702 286.5
2870 0.09187750845790682 287
2875 0.09188060475574415 287.5
2880 0.09188536652958597 288
2885 0.09189145091801769 288.5
2890 0.09189840958823478 289
2895 0.09190572832593903 289.5
2900 0.09191280638565902 290
2905 0.09191921951094588 290.5
2910 0.0919246811857533 291
2915 0.09192874379876287 291.5
2920 0.09193123778957707 292
2925 0.09193235763370848 292.5
2930 0.09193233391043282 293
2935 0.09193131818704009 293.5
2940 0.09192939470971599 294
2945 0.09192670286377871 294.5
2950 0.09192338641620763 295
2955 0.0919195746765573 295.5
2960 0.09191540469809829 296
2965 0.09191103654994411 296.5
2970 0.09190646842970833 297
2975 0.09190137996050404 297.5
2980 0.0918958730257782 298
2985 0.09189029770728668 298.5
2990 0.09188508082724815 299
2995 0.09188069220647802 299.5
3000 0.09187763623204802 300
