0 0 0
10 8.542922574533415e-06 0.5
20 1.712903845169274e-05 1
30 2.572683522565416e-05 1.5
40 3.432726432301944e-05 2
50 4.292324865279149e-05 2.5
60 5.151043700782646e-05 3
70 6.008498873836287e-05 3.5
80 6.86464067476635e-05 4
90 7.719796601239808e-05 4.5
100 8.574393207864091e-05 5
110 9.428286436608836e-05 5.5
120 0.0001028070443485091 6
130 0.0001113147682145018 6.5
140 0.0001198125019121709 7
150 0.0001283088989965125 7.5
160 0.0001368096812746201 8
170 0.0001453170403545083 8.5
180 0.0001538304874360622 9
190 0.0001623482350358518 9.5
200 0.0001708679443950041 10
210 0.0001793871552541005 10.5
220 0.0001879035878084345 11
230 0.0001964154940554104 11.5
240 0.0002049220981370949 12
250 0.0002134236504464575 12.5
260 0.0002219210243739682 13
270 0.0002304146525637481 13.5
280 0.0002389029242873067 14
290 0.0002473803259161527 14.5
300 0.0002558360521976886 15
310 0.0002642541837016227 15.5
320 0.0002726165954994306 16
330 0.0002809076303422665 16.5
340 0.0002891170726093446 17
350 0.00029724126355214 17.5
360 0.0003052815331291081 18
370 0.0003132415788583207 18.5
380 0.0003211265384457906 19
390 0.0003289418323305314 19.5
400 0.0003366919390704676 20
410 0.0003443804455402822 20.5
420 0.0003520094860531588 21
430 0.0003595797355894616 21.5
440 0.000367089846696242 22
450 0.0003745376305050172 22.5
460 0.0003819216246229436 23
470 0.000389241557504694 23.5
480 0.000396498356805791 24
490 0.0004036944620623227 24.5
500 0.0004108339717754518 25
510 0.0004179220983449474 25.5
520 0.0004249645434248016 26
530 0.0004319670401094679 26.5
540 0.00043893551031953 27
550 0.0004458752387637668 27.5
560 0.0004527896586069351 28
570 0.0004596785386008356 28.5
580 0.0004665383508319987 29
590 0.0004733625857267915 29.5
600 0.0004801429244988262 30
610 0.000486870353552641 30.5
620 0.0004935367381539697 31
630 0.0005001349489146722 31.5
640 0.0005066600583697739 32
650 0.0005131081215188802 32.5
660 0.0005194768741878419 33
670 0.0005257654988069453 33.5
680 0.0005319733350546384 34
690 0.0005381006210289204 34.5
700 0.0005441476822933992 35
710 0.0005501158184438617 35.5
720 0.0005560066437434744 36
730 0.0005618227069738824 36.5
740 0.0005675658716012657 37
750 0.0005732378107870374 37.5
760 0.0005788392427934218 38
770 0.0005843695350107878 38.5
780 0.0005898255536005124 39
790 0.0005952031218390551 39.5
800 0.0006004972559965477 40
810 0.0006057021687850229 40.5
820 0.0006108128697643416 41
830 0.000615825772213731 41.5
840 0.0006207385470066934 42
850 0.0006255509004430497 42.5
860 0.000630265071525296 43
870 0.0006348840600200451 43.5
880 0.0006394121001929751 44
890 0.0006438527796891624 44.5
900 0.0006482081488560886 45
910 0.0006524798960236705 45.5
920 0.0006566699112165142 46
930 0.000660779490478923 46.5
940 0.0006648119706904238 47
950 0.0006687703822712617 47.5
960 0.0006726570341942725 48
970 0.0006764746283244758 48.5
980 0.0006802262505617128 49
990 0.0006839149231174319 49.5
1000 0.0006875437949451988 50
1010 0.0006911183471413436 50.5
1020 0.0006946428040656525 51
1030 0.0006981225158137849 51.5
1040 0.0007015632612730276 52
1050 0.0007049707620195189 52.5
1060 0.0007083475465444822 53
1070 0.0007116949972552015 53.5
1080 0.0007150157508272003 54
1090 0.0007183110230408245 54.5
1100 0.0007215820066955765 55
1110 0.0007248275413452406 55.5
1120 0.0007280462576804834 56
1130 0.0007312365610891891 56.5
1140 0.0007343956908012856 57
1150 0.0007375209723561302 57.5
1160 0.0007406104539989043 58
1170 0.0007436645752287352 58.5
1180 0.0007466868824437009 59
1190 0.0007496828992857702 59.5
1200 0.0007526575745194393 60
1210 0.0007556162614716533 60.5
1220 0.0007585608425496105 61
1230 0.0007614914331573735 61.5
1240 0.000764405413721125 62
1250 0.0007673013114077684 62.5
1260 0.0007701791748055453 63
1270 0.0007730385929588101 63.5
1280 0.0007758783065749432 64
1290 0.0007786974472681269 64.5
1300 0.0007814896515732486 65
1310 0.0007842539719942152 65.5
1320 0.0007869875964320915 66
1330 0.0007896909543133025 66.5
1340 0.0007923646217937746 67
1350 0.0007950086583413916 67.5
1360 0.0007976189454150634 68
1370 0.0008001890487543589 68.5
1380 0.0008027111454575376 69
1390 0.0008051823549816492 69.5
1400 0.0008076023681226875 70
1410 0.0008099688005320724 70.5
1420 0.0008122786128875926 71
1430 0.0008145327606016258 71.5
1440 0.0008167341190661224 72
1450 0.0008188840500661982 72.5
1460 0.0008209828797968162 73
1470 0.000823030528597435 73.5
1480 0.0008250268463636446 74
1490 0.0008269733487498471 74.5
1500 0.0008288731642373127 75
1510 0.000830730100597682 75.5
1520 0.0008325490586115001 76
1530 0.0008343340143446224 76.5
1540 0.0008360903382163705 77
1550 0.0008378230416210473 77.5
1560 0.000839534937817992 78
1570 0.0008412274766323059 78.5
1580 0.0008429006976851903 79
1590 0.0008445522357663366 79.5
1600 0.0008461790290113575 80
1610 0.000847781497572485 80.5
1620 0.0008493613814248849 81
1630 0.0008509209867918061 81.5
1640 0.000852463867146609 82
1650 0.0008539914517655951 82.5
1660 0.0008555091739472516 83
1670 0.0008570202640500596 83.5
1680 0.0008585254240311419 84
1690 0.0008600253158551121 84.5
1700 0.0008615203451073894 85
1710 0.00086301245910198 85.5
1720 0.0008645045474396772 86
1730 0.000865998004580021 86.5
1740 0.0008674899750772598 87
1750 0.0008689803851655326 87.5
1760 0.0008704681400224616 88
1770 0.0008719507830511983 88.5
1780 0.0008734255144955967 89
1790 0.0008748884298676228 89.5
1800 0.0008763340330266476 90
1810 0.0008777559167524615 90.5
1820 0.0008791465523015736 91
1830 0.0008805020292983727 91.5
1840 0.0008818198610297839 92
1850 0.0008831024630099486 92.5
1860 0.0008843533252650609 93
1870 0.0008855768567510768 93.5
1880 0.0008867810110001503 94
1890 0.0008879723020990827 94.5
1900 0.0008891576813564985 95
1910 0.0008903479692885032 95.5
1920 0.0008915527080557734 96
1930 0.0008927789300221551 96.5
1940 0.0008940310546081212 97
1950 0.0008953095144550757 97.5
1960 0.0008966115728196386 98
1970 0.0008979338900179647 98.5
1980 0.0008992721918705301 99
1990 0.0009006224949620041 99.5
2000 0.0009019782932659988 100
2010 0.0009033375990160367 100.5
2020 0.0009046950850954674 101
2030 0.0009060468850770372 101.5
2040 0.0009073850072246924 102
2050 0.0009087042593117137 102.5
2060 0.0009099972665137743 103
2070 0.0009112582059120785 103.5
2080 0.0009124840240666057 104
2090 0.0009136712196081948 104.5
2100 0.0009148166315289421 105
2110 0.0009159182155067108 105.5
2120 0.0009169747570995118 106
2130 0.000917985522814707 106.5
2140 0.0009189510836455378 107
2150 0.0009198750088590894 107.5
2160 0.0009207593039260546 108
2170 0.0009216062363798284 108.5
2180 0.000922415157894417 109
2190 0.000923184708382999 109.5
2200 0.0009239107569562735 110
2210 0.0009245873634412779 110.5
2220 0.0009252126383311911 111
2230 0.0009257882754789966 111.5
2240 0.0009263161858099879 112
2250 0.0009267978702493722 112.5
2260 0.0009272343625155765 113
2270 0.0009276280633590471 113.5
2280 0.0009279831682160635 114
2290 0.00092830528146876 114.5
2300 0.0009285975971636381 115
2310 0.0009288617715143125 115.5
2320 0.0009290985453429333 116
2330 0.000929306951646059 116.5
2340 0.0009294850160852349 117
2350 0.0009296292179080416 117.5
2360 0.0009297357333192524 118
2370 0.0009298007782088234 118.5
2380 0.0009298215504596793 119
2390 0.0009297974539706875 119.5
2400 0.0009297301624037749 120
2410 0.0009296250938325724 120.5
2420 0.0009294904460605235 121
2430 0.000929336187905362 121.5
2440 0.0009291728794150059 122
2450 0.0009290101694731887 122.5
2460 0.0009288556518776938 123
2470 0.0009287187562370666 123.5
2480 0.0009286078695684029 124
2490 0.000928529569112793 124.5
2500 0.0009284875467243587 125
2510 0.0009284804135242051 125.5
2520 0.0009285031523642396 126
2530 0.000928549496576267 126.5
2540 0.0009286117441639916 127
2550 0.0009286805475270014 127.5
2560 0.0009287476334013128 128
2570 0.000928805631482566 128.5
2580 0.0009288478326514621 129
2590 0.0009288702590255261 129.5
2600 0.0009288739334114748 130
2610 0.0009288629707753006 130.5
2620 0.0009288441016423459 131
2630 0.0009288244727484887 131.5
2640 0.0009288133249856699 132
2650 0.0009288171399243224 132.5
2660 0.0009288433173987576 133
2670 0.0009288952620586445 133.5
2680 0.0009289763016899408 134
2690 0.0009290901892721237 134.5
2700 0.0009292385448520825 135
2710 0.0009294235729381937 135.5
2720 0.0009296459349957941 136
2730 0.0009299058836877806 136.5
2740 0.0009302009639009963 137
2750 0.0009305271862665939 137.5
2760 0.0009308813652928444 138
2770 0.0009312588455023469 138.5
2780 0.0009316536385537594 139
2790 0.0009320613591050945 139.5
2800 0.0009324766839177644 140
2810 0.0009328975098714171 140.5
2820 0.0009333235413675429 141
2830 0.0009337546792199141 141.5
2840 0.0009341888376190129 142
2850 0.0009346244361758606 142.5
2860 0.0009350594748575007 143
2870 0.0009354925736029557 143.5
2880 0.00093592404560018 144
2890 0.0009363569185685025 144.5
2900 0.0009367951489954316 145
2910 0.0009372420611914336 145.5
2920 0.0009376977635953843 146
2930 0.0009381613731973549 146.5
2940 0.0009386287781750541 147
2950 0.0009390953427390866 147.5
2960 0.0009395541127979274 148
2970 0.0009399983431978276 148.5
2980 0.000940422851287571 149
2990 0.0009408215749831722 149.5
3000 0.0009411922620129149 150
