0 0 0
10 0.06599407750438407 0.5
20 0.0866080127019708 1
30 0.09086877648396013 1.5
40 0.09171303950312575 2
50 0.09191768482137855 2.5
60 0.09196872282049808 3
70 0.09198872727908057 3.5
80 0.09199560701873954 4
90 0.0919975421442398 4.5
100 0.0919980948475789 5
110 0.09199824545729408 5.5
120 0.09199824920755986 6
130 0.09199819638428483 6.5
140 0.09199809966951232 7
150 0.09199795293426721 7.5
160 0.09199777909117339 8
170 0.09199761348805749 8.5
180 0.09199747858962082 9
190 0.0919973815314355 9.5
200 0.09199731747784611 10
210 0.091997273643314 10.5
220 0.09199723977235133 11
230 0.09199721314307005 11.5
240 0.09199719725225249 12
250 0.09199719914019122 12.5
260 0.09199722476427254 13
270 0.09199727629592376 13.5
280 0.09199735286974314 14
290 0.09199745041377552 14.5
300 0.09199756264683111 15
310 0.09199768237672187 15.5
320 0.09199780350510595 16
330 0.0919979201743889 16.5
340 0.0919980278844553 17
350 0.09199812372853265 17.5
360 0.09199820635831492 18
370 0.09199827589847412 18.5
380 0.09199833306182825 19
390 0.09199837904334732 19.5
400 0.09199841538535054 20
410 0.09199844416305229 20.5
420 0.09199846756759222 21
430 0.09199848650344834 21.5
440 0.09199850133726412 22
450 0.09199851236653263 22.5
460 0.09199851990053672 23
470 0.0919985242672092 23.5
480 0.09199852593595588 24
490 0.09199852553565843 24.5
500 0.0919985235854409 25
510 0.09199852054027313 25.5
520 0.09199851686404208 26
530 0.09199851291589359 26.5
540 0.09199850895142095 27
550 0.0919985052775313 27.5
560 0.09199850221499228 28
570 0.0919984999755489 28.5
580 0.09199849857282417 29
590 0.0919984979035936 29.5
600 0.09199849795758699 30
610 0.09199849826627447 30.5
620 0.09199849864211486 31
630 0.09199849902120041 31.5
640 0.09199849929082178 32
650 0.09199849934204656 32.5
660 0.09199849908278888 33
670 0.09199849847466078 33.5
680 0.0919984974017789 34
690 0.09199849563860708 34.5
700 0.09199849288520283 35
710 0.09199848895263205 35.5
720 0.09199848387454466 36
730 0.09199847763582024 36.5
740 0.09199847014995463 37
750 0.09199846134909548 37.5
760 0.09199845129681349 38
770 0.09199844009978592 38.5
780 0.09199842783587628 39
790 0.09199841462556389 39.5
800 0.09199840050629715 40
810 0.09199838549557658 40.5
820 0.09199836940312589 41
830 0.09199835184204558 41.5
840 0.09199833248672107 42
850 0.09199831123295481 42.5
860 0.09199828809563614 43
870 0.09199826310794068 43.5
880 0.09199823636324859 44
890 0.09199820794455207 44.5
900 0.09199817788948202 45
910 0.09199814630969683 45.5
920 0.09199811335709433 46
930 0.09199807910971401 46.5
940 0.0919980430116713 47
950 0.09199800370566565 47.5
960 0.09199796310813124 48
970 0.0919979223091429 48.5
980 0.09199788190862353 49
990 0.09199784234330714 49.5
1000 0.09199780386356414 50
1010 0.09199776639605009 50.5
1020 0.09199772982048499 51
1030 0.09199769409777717 51.5
1040 0.09199765903621146 52
1050 0.09199762415161256 52.5
1060 0.0919975887534179 53
1070 0.09199755204244636 53.5
1080 0.09199751326019062 54
1090 0.09199747166524459 54.5
1100 0.09199742655533351 55
1110 0.09199737738133208 55.5
1120 0.09199732391366608 56
1130 0.09199726617382627 56.5
1140 0.09199720452497992 57
1150 0.09199713961903241 57.5
1160 0.09199707224200589 58
1170 0.0919970034430419 58.5
1180 0.09199693475770167 59
1190 0.09199686795447436 59.5
1200 0.09199680488350961 60
1210 0.09199674726528947 60.5
1220 0.0919966966097972 61
1230 0.09199665447176505 61.5
1240 0.0919966208769426 62
1250 0.09199659466836135 62.5
1260 0.09199657418277558 63
1270 0.09199655771013308 63.5
1280 0.09199654343848075 64
1290 0.09199652947772487 64.5
1300 0.09199651425621454 65
1310 0.09199649600390698 65.5
1320 0.09199647205488932 66
1330 0.09199644173233895 66.5
1340 0.09199644494931088 67
1350 0.09199644941890259 67.5
1360 0.09199645356976167 68
1370 0.0919964573233482 68.5
1380 0.0919964606880964 69
1390 0.09199646361179133 69.5
1400 0.09199646603150965 70
1410 0.09199646794431146 70.5
1420 0.09199646937376194 71
1430 0.09199647032008509 71.5
1440 0.09199647084002559 72
1450 0.09199647092941302 72.5
1460 0.09199647057637857 73
1470 0.0919964696806776 73.5
1480 0.09199646830979101 74
1490 0.09199646663961734 74.5
1500 0.09199646484885338 75
1510 0.09199646317308115 75.5
1520 0.09199646174125548 76
1530 0.09199646067696811 76.5
1540 0.09199646005746202 77
1550 0.09199645995311531 77.5
1560 0.09199646044053233 78
1570 0.09199646159078106 78.5
1580 0.09199646347728216 79
1590 0.09199646606610444 79.5
1600 0.09199646929739622 80
1610 0.09199647297951508 80.5
1620 0.09199647703453898 81
1630 0.09199648159147138 81.5
1640 0.09199648672888402 82
1650 0.09199649255140727 82.5
1660 0.0919964991910437 83
1670 0.09199650672116663 83.5
1680 0.09199651515550296 84
1690 0.09199652442528956 84.5
1700 0.0919965342700641 85
1710 0.09199654432525491 85.5
1720 0.09199655460018384 86
1730 0.09199656555660282 86.5
1740 0.09199657699823786 87
1750 0.0919965886648883 87.5
1760 0.09199660037064128 88
1770 0.09199661210789087 88.5
1780 0.091996624009152 89
1790 0.09199663644489596 89.5
1800 0.09199664966422348 90
1810 0.09199666341753994 90.5
1820 0.09199667757653457 91
1830 0.09199669202944917 91.5
1840 0.09199670660211694 92
1850 0.0919967211666194 92.5
1860 0.09199673567744493 93
1870 0.09199675011858595 93.5
1880 0.091996764436861 94
1890 0.09199677858336831 94.5
1900 0.09199679250309785 95
1910 0.09199680609297192 95.5
1920 0.09199681922734133 96
1930 0.09199683177867017 96.5
1940 0.09199684368905277 97
1950 0.09199685488379247 97.5
1960 0.09199686537510893 98
1970 0.09199687518988489 98.5
1980 0.09199688433907889 99
1990 0.0919968928370286 99.5
2000 0.09199690070065659 100
2010 0.09199690797200932 100.5
2020 0.09199691473584452 101
2030 0.0919969209502475 101.5
2040 0.09199692674645239 102
2050 0.09199693208171961 102.5
2060 0.09199693703689941 103
2070 0.09199694168141183 103.5
2080 0.09199694604547849 104
2090 0.09199695012252719 104.5
2100 0.09199695393066039 105
2110 0.09199695752125313 105.5
2120 0.09199696101545637 106
2130 0.09199696446607154 106.5
2140 0.09199696792230248 107
2150 0.09199697144052832 107.5
2160 0.09199697505541536 108
2170 0.0919969788103895 108.5
2180 0.0919969826642919 109
2190 0.09199698654304102 109.5
2200 0.09199699037400465 110
2210 0.09199699411314108 110.5
2220 0.09199699766943237 111
2230 0.0919970009505611 111.5
2240 0.09199700383455102 112
2250 0.09199700628931864 112.5
2260 0.09199700825162827 113
2270 0.09199700977558424 113.5
2280 0.09199701087740408 114
2290 0.09199701151767777 114.5
2300 0.09199701164662258 115
2310 0.09199701121778317 115.5
2320 0.09199701016912414 116
2330 0.09199700848951771 116.5
2340 0.09199700610862527 117
2350 0.09199700302807975 117.5
2360 0.09199699928528522 118
2370 0.09199699498571219 118.5
2380 0.09199699011245917 119
2390 0.09199698475280046 119.5
2400 0.09199697902511915 120
2410 0.09199697299909017 120.5
2420 0.09199696677955278 121
2430 0.09199696050687964 121.5
2440 0.09199695427663908 122
2450 0.09199694812253666 122.5
2460 0.0919969421157433 123
2470 0.09199693615673592 123.5
2480 0.09199693021761725 124
2490 0.09199692438557862 124.5
2500 0.09199691871899147 125
2510 0.09199691328536216 125.5
2520 0.09199690804353973 126
2530 0.09199690288484387 126.5
2540 0.09199689768524706 127
2550 0.09199689239031641 127.5
2560 0.09199688709582036 128
2570 0.0919968819386035 128.5
2580 0.0919968770523259 129
2590 0.09199687256712943 129.5
2600 0.09199686860505833 130
2610 0.09199686529551229 130.5
2620 0.09199686267464383 131
2630 0.09199686076780583 131.5
2640 0.09199685946512851 132
2650 0.09199685875541727 132.5
2660 0.09199685858971617 133
2670 0.09199685883134544 133.5
2680 0.0919968594125937 134
2690 0.09199686031688123 134.5
2700 0.09199686148073356 135
2710 0.0919968629668705 135.5
2720 0.09199686484828355 136
2730 0.09199686721626657 136.5
2740 0.09199687018543745 137
2750 0.09199687379279076 137.5
2760 0.09199687820315328 138
2770 0.09199688350532992 138.5
2780 0.09199688983577131 139
2790 0.09199689716657512 139.5
2800 0.09199690548682128 140
2810 0.09199691473873341 140.5
2820 0.09199692481351168 141
2830 0.09199693556865908 141.5
2840 0.09199694679489362 142
2850 0.09199695823597689 142.5
2860 0.09199696963668193 143
2870 0.09199698074932106 143.5
2880 0.09199699142909368 144
2890 0.09199700153872754 144.5
2900 0.09199701100184933 145
2910 0.09199701972484133 145.5
2920 0.09199702758735101 146
2930 0.0919970345247637 146.5
2940 0.09199704060183041 147
2950 0.09199704580792444 147.5
2960 0.09199705007998311 148
2970 0.09199705336581064 148.5
2980 0.09199705567991795 149
2990 0.09199705719063184 149.5
3000 0.09199705802884604 150
