0 0 0
10 5.513203356452562e-54 0.5
20 1.057337685004804e-41 1
30 2.518514303337923e-38 1.5
40 1.881540842510336e-36 2
50 1.672541554735373e-35 2.5
60 2.940253486425507e-33 3
70 7.453780979423533e-30 3.5
80 9.441701931138587e-29 4
90 3.439526826358519e-28 4.5
100 3.514649457040784e-25 5
110 3.865234909886396e-24 5.5
120 6.688721766676434e-23 6
130 3.186334132673568e-21 6.5
140 3.213129458661374e-18 7
150 3.59777067711834e-15 7.5
160 1.100877470396693e-13 8
170 2.141602252310754e-12 8.5
180 2.545149168306267e-11 9
190 2.176508997896832e-10 9.5
200 1.415691898678415e-09 10
210 7.274751912187305e-09 10.5
220 3.075940514745027e-08 11
230 1.108814010752588e-07 11.5
240 3.499329405143041e-07 12
250 9.805905637179258e-07 12.5
260 2.447555869954536e-06 13
270 5.475373587005572e-06 13.5
280 1.109543671423605e-05 14
290 2.054967911148562e-05 14.5
300 3.503570657612089e-05 15
310 5.544640229478787e-05 15.5
320 8.205442624002782e-05 16
330 0.0001143324891936232 16.5
340 0.0001510389146794501 17
350 0.0001905684165450968 17.5
360 0.0002310897901322787 18
370 0.0002715683791444439 18.5
380 0.0003115889893930409 19
390 0.0003510181002151335 19.5
400 0.0003903885277044839 20
410 0.0004298342023463746 20.5
420 0.0004691367958533545 21
430 0.0005079886109909587 21.5
440 0.0005461693384021855 22
450 0.0005835772036200904 22.5
460 0.0006202847286600173 23
470 0.0006556796703906965 23.5
480 0.0006896015070616719 24
490 0.0007220434478964527 24.5
500 0.0007527119879821694 25
510 0.0007814158445029852 25.5
520 0.0008079279758956579 26
530 0.0008318915251557095 26.5
540 0.0008533070783899282 27
550 0.0008723778770615899 27.5
560 0.0008893598632517902 28
570 0.0009043572933632379 28.5
580 0.0009178950299890412 29
590 0.0009303895927326735 29.5
600 0.0009421635171725519 30
610 0.0009535534340507626 30.5
620 0.0009650223198881575 31
630 0.000977102994795902 31.5
640 0.0009902445559799881 32
650 0.001004813992412894 32.5
660 0.001021232899898256 33
670 0.001040130781410704 33.5
680 0.00106172858330138 34
690 0.001086271528072213 34.5
700 0.001113976575359025 35
710 0.001144936138760406 35.5
720 0.001179230012908564 36
730 0.001217109889361104 36.5
740 0.00125865926402056 37
750 0.001303577825241898 37.5
760 0.001351141886015408 38
770 0.001400732150147719 38.5
780 0.001451327413921175 39
790 0.001502742201190893 39.5
800 0.001554925522159866 40
810 0.001608208004189534 40.5
820 0.001663626139934387 41
830 0.001722813064026796 41.5
840 0.001788003799213409 42
850 0.001860779794139899 42.5
860 0.001940744238546056 43
870 0.002024988819046681 43.5
880 0.002110409522628459 44
890 0.002194878692004789 44.5
900 0.002276336755071013 45
910 0.002355699593732691 45.5
920 0.002434275572171014 46
930 0.002511887244067063 46.5
940 0.002588974205698342 47
950 0.002666633615208877 47.5
960 0.002747029728719542 48
970 0.002832263799264635 48.5
980 0.002925992810544734 49
990 0.003030436758066717 49.5
1000 0.003146150110177319 50
1010 0.003272378947591868 50.5
1020 0.003407285202410266 51
1030 0.003550013003153458 51.5
1040 0.003698018506914062 52
1050 0.003847985115890536 52.5
1060 0.003994332611557139 53
1070 0.004135797598612655 53.5
1080 0.004271178531829751 54
1090 0.004399986871459437 54.5
1100 0.00452453182449197 55
1110 0.004647998054212064 55.5
1120 0.00477007495576677 56
1130 0.004889222244894873 56.5
1140 0.005004168216174921 57
1150 0.005113146462973488 57.5
1160 0.005213265540015163 58
1170 0.005302375584354278 58.5
1180 0.005379208748311308 59
1190 0.005443325813963776 59.5
1200 0.005493914851430946 60
1210 0.005529764411587103 60.5
1220 0.005549948973424249 61
1230 0.005555514415341668 61.5
1240 0.005548433654722324 62
1250 0.005531026851019507 62.5
1260 0.005505817699650804 63
1270 0.005474906457279242 63.5
1280 0.005440187925368887 64
1290 0.005403060695612513 64.5
1300 0.005364739909757881 65
1310 0.005327518764348155 65.5
1320 0.005293844801842187 66
1330 0.005265158486301966 66.5
1340 0.005242112749827378 67
1350 0.005224229512200602 67.5
1360 0.00521101049333104 68
1370 0.00520068503810053 68.5
1380 0.005191516074481086 69
1390 0.005182049216514403 69.5
1400 0.005169259452000732 70
1410 0.00515049886530981 70.5
1420 0.005124251946587601 71
1430 0.005091894120370771 71.5
1440 0.005058102687204754 72
1450 0.005029504292307388 72.5
1460 0.005014150733620723 73
1470 0.005017012555015298 73.5
1480 0.005036936146420517 74
1490 0.005068319918218028 74.5
1500 0.0051064091674426 75
1510 0.005148568304235483 75.5
1520 0.00519509207422576 76
1530 0.005247626815207685 76.5
1540 0.005307776342801611 77
1550 0.00537670238788219 77.5
1560 0.005456376763783799 78
1570 0.005546673319763614 78.5
1580 0.00564521832248898 79
1590 0.005747432642130195 79.5
1600 0.00584759999945131 80
1610 0.005941505394654216 80.5
1620 0.006023893249003895 81
1630 0.006092253662811466 81.5
1640 0.006144667416203227 82
1650 0.006180079207503498 82.5
1660 0.006198047978080521 83
1670 0.006201849298929848 83.5
1680 0.006194947415659853 84
1690 0.0061837586060212 84.5
1700 0.006174737995915856 85
1710 0.006171359915362476 85.5
1720 0.006174131965860218 86
1730 0.006181725053618426 86.5
1740 0.006192874977837408 87
1750 0.006208492471209223 87.5
1760 0.00622947577178594 88
1770 0.006256089958547403 88.5
1780 0.006288255421024638 89
1790 0.006325394675234685 89.5
1800 0.006366106169492148 90
1810 0.006408938149120548 90.5
1820 0.006453505424603288 91
1830 0.006499714380456353 91.5
1840 0.006546945598174563 92
1850 0.006595677750422934 92.5
1860 0.00664644461984763 93
1870 0.00669871093213002 93.5
1880 0.006750486980922316 94
1890 0.006800554119065939 94.5
1900 0.006846958726555031 95
1910 0.00688703466185066 95.5
1920 0.006918229864794271 96
1930 0.006938136704172544 96.5
1940 0.006946446664640956 97
1950 0.006946109968490187 97.5
1960 0.00694134621485995 98
1970 0.006935839056743782 98.5
1980 0.006931718405667484 99
1990 0.006931136190197099 99.5
2000 0.006936306972022962 100
2010 0.006948757057855109 100.5
2020 0.006969568866082036 101
2030 0.006998982019722151 101.5
2040 0.007035539362735343 102
2050 0.007075195248055598 102.5
2060 0.007113577768903067 103
2070 0.007145878524492699 103.5
2080 0.007167988952470761 104
2090 0.00718067922126985 104.5
2100 0.007187680257156463 105
2110 0.007191779961157321 105.5
2120 0.00719209334827857 106
2130 0.007187029961317074 106.5
2140 0.007176629419979047 107
2150 0.007163983578105625 107.5
2160 0.007153626688568212 108
2170 0.007148102726250206 108.5
2180 0.007147975021316229 109
2190 0.007152987746771978 109.5
2200 0.007161758555731404 110
2210 0.007171793320808675 110.5
2220 0.007180908347415499 111
2230 0.007186571653207486 111.5
2240 0.007186241136043136 112
2250 0.00717795992989302 112.5
2260 0.007159670993789332 113
2270 0.007130175647061532 113.5
2280 0.007089206166609941 114
2290 0.007037422456755375 114.5
2300 0.006977167239302679 115
2310 0.00691077231549768 115.5
2320 0.006841267757920285 116
2330 0.0067717380012047 116.5
2340 0.00670507351578723 117
2350 0.006643267995903891 117.5
2360 0.006588314124828941 118
2370 0.006541916407777093 118.5
2380 0.006504997561726299 119
2390 0.006477818466711088 119.5
2400 0.006460494309619828 120
2410 0.00645200475975058 120.5
2420 0.006450563610550466 121
2430 0.006454754668719985 121.5
2440 0.00646291967533857 122
2450 0.006474134945861518 122.5
2460 0.006487759605105133 123
2470 0.006503208734567628 123.5
2480 0.006520178618109996 124
2490 0.006538554896305001 124.5
2500 0.006557866563998994 125
2510 0.006576727421898723 125.5
2520 0.006593445366787722 126
2530 0.006606437827118416 126.5
2540 0.006614171883256292 127
2550 0.006615920653388488 127.5
2560 0.006611292975776434 128
2570 0.006600360369768839 128.5
2580 0.00658319229378261 129
2590 0.00655993315355082 129.5
2600 0.00653089566968475 130
2610 0.006496627486067901 130.5
2620 0.006457734090997545 131
2630 0.0064149045105849 131.5
2640 0.006369337191201936 132
2650 0.006322971641035254 132.5
2660 0.006277972258382434 133
2670 0.006236437664792584 133.5
2680 0.006200256243812997 134
2690 0.006171125362022967 134.5
2700 0.006150137694583921 135
2710 0.006137420795964958 135.5
2720 0.006131833134627979 136
2730 0.00613104266742057 136.5
2740 0.006131913755774126 137
2750 0.006130248012832948 137.5
2760 0.006124017272282707 138
2770 0.006113667175427508 138.5
2780 0.006100631091470308 139
2790 0.006085980977812674 139.5
2800 0.006071039746350143 140
2810 0.006055883484527385 140.5
2820 0.006041240390472873 141
2830 0.006028549042072737 141.5
2840 0.006018233118458192 142
2850 0.006009971450330391 142.5
2860 0.006004202020629646 143
2870 0.006000586223876675 143.5
2880 0.005999051840508847 144
2890 0.005998990316408667 144.5
2900 0.005999807562653887 145
2910 0.006001289365642076 145.5
2920 0.00600291045618455 146
2930 0.006003255703547946 146.5
2940 0.00600013123642529 147
2950 0.00599096031637757 147.5
2960 0.005973750125535048 148
2970 0.005948197487757139 148.5
2980 0.005916112107314601 149
2990 0.005879560940350919 149.5
3000 0.005842139446683976 150
3010 0.005805298456582397 150.5
3020 0.005769433022273313 151
3030 0.00573569861895265 151.5
3040 0.005703845835900407 152
3050 0.005674763005322755 152.5
3060 0.005649575626378049 153
3070 0.005630152455844495 153.5
3080 0.005617763631872255 154
3090 0.005612951144138231 154.5
3100 0.00561424992317606 155
3110 0.005617240191102789 155.5
3120 0.005616703051759843 156
3130 0.00560877985984482 156.5
3140 0.005593842027699551 157
3150 0.005577027324685689 157.5
3160 0.005563331764630086 158
3170 0.005556786830986322 158.5
3180 0.005556658039781288 159
3190 0.005560143561171378 159.5
3200 0.005567895027598433 160
3210 0.00558180997615334 160.5
3220 0.005604564013155552 161
3230 0.005637564155835315 161.5
3240 0.005681845642396 162
3250 0.005736753875743005 162.5
3260 0.005800553955001075 163
3270 0.005870220317131135 163.5
3280 0.005941177005189539 164
3290 0.006005898654440105 164.5
3300 0.006055909607110181 165
3310 0.006083403527498804 165.5
3320 0.006084495399495985 166
3330 0.006064427260389286 166.5
3340 0.006033375874685233 167
3350 0.005996373194164159 167.5
3360 0.005954301621584735 168
3370 0.005906698659049562 168.5
3380 0.005854818362329589 169
3390 0.005801163252882594 169.5
3400 0.005749491021999225 170
3410 0.005705156216197924 170.5
3420 0.005669964741539683 171
3430 0.005644281742222404 171.5
3440 0.005628164579896961 172
3450 0.00562047525692864 172.5
3460 0.005619377214654116 173
3470 0.00562316952471655 173.5
3480 0.005631143109457649 174
3490 0.005641570547272754 174.5
3500 0.005652068744183038 175
3510 0.005660413513158946 175.5
3520 0.005664285269822127 176
3530 0.005659384260830871 176.5
3540 0.005642606653302115 177
3550 0.005616711287413424 177.5
3560 0.00558866056345484 178
3570 0.005565336521965177 178.5
3580 0.005548235315587098 179
3590 0.005537158506743889 179.5
3600 0.005532895159948516 180
3610 0.005535937803278063 180.5
3620 0.005546755156568705 181
3630 0.005565934953391725 181.5
3640 0.005593660366610939 182
3650 0.005629487404795769 182.5
3660 0.00567244713640617 183
3670 0.005721606128257611 183.5
3680 0.005776291252636075 184
3690 0.005835859001683073 184.5
3700 0.005898425950997765 185
3710 0.005960657558730347 185.5
3720 0.006018972929737105 186
3730 0.006071071303952695 186.5
3740 0.006117198568149184 187
3750 0.006160263692606883 187.5
3760 0.006203746047364968 188
3770 0.006247706382332932 188.5
3780 0.006293487947682699 189
3790 0.006340887387374811 189.5
3800 0.006386736984286033 190
3810 0.006429651179049324 190.5
3820 0.006470424456456919 191
3830 0.006509392132859713 191.5
3840 0.00654690886168126 192
3850 0.006582729872348474 192.5
3860 0.006616412062857726 193
3870 0.006646683711928493 193.5
3880 0.006672160318661578 194
3890 0.006691754093119144 194.5
3900 0.00670359507398972 195
3910 0.006706677963545772 195.5
3920 0.006701046457964008 196
3930 0.006687488567182914 196.5
3940 0.006667330095522962 197
3950 0.006641820075013192 197.5
3960 0.006611837778437679 198
3970 0.006577179572017202 198.5
3980 0.006537863340101125 199
3990 0.006493787195513146 199.5
4000 0.006444459727336942 200
4010 0.006389726992214594 200.5
4020 0.006328659684773319 201
4030 0.006261109257034035 201.5
4040 0.006187460779844835 202
4050 0.00610752963338082 202.5
4060 0.00602114890728696 203
4070 0.005929389149755867 203.5
4080 0.005835554102400587 204
4090 0.005743856408724298 204.5
4100 0.005658930723654001 205
4110 0.005582483523148329 205.5
4120 0.005516888031807176 206
4130 0.005464145715258788 206.5
4140 0.005424957585168909 207
4150 0.005398394273495167 207.5
4160 0.005382828283474642 208
4170 0.005375475104945211 208.5
4180 0.005374721305753346 209
4190 0.005379962490030437 209.5
4200 0.0053906452660015 210
4210 0.005405722930643465 210.5
4220 0.005423678749573423 211
4230 0.005442495377956417 211.5
4240 0.005461219588788108 212
4250 0.005480721336185574 212.5
4260 0.005503116563667774 213
4270 0.005529491684146624 213.5
4280 0.005560799342974622 214
4290 0.005597294399134617 214.5
4300 0.005638705004511466 215
4310 0.005685570626594778 215.5
4320 0.005738526683091633 216
4330 0.005798230283729435 216.5
4340 0.005865006537697265 217
4350 0.005938348546235733 217.5
4360 0.006017921378395125 218
4370 0.006102078954274735 218.5
4380 0.006188209523598115 219
4390 0.006271747569121746 219.5
4400 0.006347136480966602 220
4410 0.006410859796132176 220.5
4420 0.00646146339572992 221
4430 0.006500604688437482 221.5
4440 0.006530724951892779 222
4450 0.006553881627494327 222.5
4460 0.006572551882058018 223
4470 0.006588782337750777 223.5
4480 0.006604964289618808 224
4490 0.006620456369194799 224.5
4500 0.006634618636146808 225
4510 0.006647729032814068 225.5
4520 0.006658852329400698 226
4530 0.006668135797283132 226.5
4540 0.006676422475367284 227
4550 0.006683143091201203 227.5
4560 0.006687137835741198 228
4570 0.006686536974604444 228.5
4580 0.006678933414766683 229
4590 0.006662049121534733 229.5
4600 0.006633597733111547 230
4610 0.006592771211383818 230.5
4620 0.006540338985509367 231
4630 0.006478457688126612 231.5
4640 0.006410842797519865 232
4650 0.006339635328280494 232.5
4660 0.006266490425323851 233
4670 0.006192865587471763 233.5
4680 0.006120318435077303 234
4690 0.006050958373662365 234.5
4700 0.005986258693592609 235
4710 0.005927036813798666 235.5
4720 0.005874226817312635 236
4730 0.005828400867424405 236.5
4740 0.005789786616816132 237
4750 0.005758375054402864 237.5
4760 0.005734158398055361 238
4770 0.005716610815182799 238.5
4780 0.005705627599501389 239
4790 0.005700937796854484 239.5
4800 0.00570169011682754 240
4810 0.005707539646183198 240.5
4820 0.005717707957594782 241
4830 0.005731696671035761 241.5
4840 0.005748780573330306 242
4850 0.005768507403832541 242.5
4860 0.00579066769117262 243
4870 0.00581526039228142 243.5
4880 0.005842431534525318 244
4890 0.005872438877767777 244.5
4900 0.005905184874846506 245
4910 0.005940022250846984 245.5
4920 0.005976804461491431 246
4930 0.006015773972085312 246.5
4940 0.006057166063337859 247
4950 0.006102089108647447 247.5
4960 0.0061513623173593 248
4970 0.006205410545110145 248.5
4980 0.006264345055505368 249
4990 0.006327150490967826 249.5
5000 0.006393234750955354 250
