0 0 0
10 2.143547183690735e-54 0.5
20 4.110955229412152e-42 1
30 9.792046280474058e-39 1.5
40 7.315477614736932e-37 2
50 6.502883183263516e-36 2.5
60 1.143177871860619e-33 3
70 2.898048592310866e-30 3.5
80 3.670957204952801e-29 4
90 1.337296588786363e-28 4.5
100 1.366504454525968e-25 5
110 1.502812950966719e-24 5.5
120 2.600591666670469e-23 6
130 1.238854639453178e-21 6.5
140 1.249272728873009e-18 7
150 1.39882219172564e-15 7.5
160 4.280238998431939e-14 8
170 8.326602847242449e-13 8.5
180 9.895603298235891e-12 9
190 8.46232114267821e-11 9.5
200 5.504245329231792e-10 10
210 2.82844164548496e-09 10.5
220 1.195933326106156e-08 11
230 4.311096464823446e-08 11.5
240 1.36054798022669e-07 12
250 3.81256051212258e-07 12.5
260 9.516158125795256e-07 13
270 2.128838875196571e-06 13.5
280 4.313933403668766e-06 14
290 7.989766373050408e-06 14.5
300 1.362196989740317e-05 15
310 2.155769918148832e-05 15.5
320 3.190296510109952e-05 16
330 4.445275629612105e-05 16.5
340 5.872430586292783e-05 17
350 7.409347455097089e-05 17.5
360 8.98482854324569e-05 18
370 0.000105586461564714 18.5
380 0.0001211465744140908 19
390 0.0001364767108145934 19.5
400 0.0001517840309893019 20
410 0.0001671206074441584 20.5
420 0.0001824015535977276 21
430 0.0001975072359995955 21.5
440 0.0002123519978235561 22
450 0.0002268962689036125 22.5
460 0.0002411682459797894 23
470 0.0002549298873991825 23.5
480 0.0002681187819057827 24
490 0.0002807322892287923 24.5
500 0.0002926562939277491 25
510 0.0003038164247678797 25.5
520 0.0003141244074244398 26
530 0.0003234414950061084 26.5
540 0.0003317679153926632 27
550 0.0003391826893707587 27.5
560 0.0003457853278583949 28
570 0.0003516163660043699 28.5
580 0.0003568798716909186 29
590 0.0003617377887763122 29.5
600 0.0003663155198960161 30
610 0.0003707439479202038 30.5
620 0.0003752030792722236 31
630 0.0003799000757371321 31.5
640 0.0003850095474261235 32
650 0.0003906741805648893 32.5
660 0.0003970578926509555 33
670 0.000404405436007273 33.5
680 0.0004128027151249541 34
690 0.0004223450731229451 34.5
700 0.0004331168644475222 35
710 0.0004451540197357729 35.5
720 0.0004584875633392557 36
730 0.0004732153535618608 36.5
740 0.0004893698538182591 37
750 0.000506834302193585 37.5
760 0.0005253273273776868 38
770 0.0005446081454695652 38.5
780 0.0005642797099226971 39
790 0.0005842699071504261 39.5
800 0.0006045589121927949 40
810 0.000625275273790644 40.5
820 0.0006468219828671812 41
830 0.0006698340062312593 41.5
840 0.0006951803262882627 42
850 0.0007234758142068047 42.5
860 0.0007545661891703185 43
870 0.0007873206916977779 43.5
880 0.0008205324738057786 44
890 0.0008533742970469647 44.5
900 0.0008850453946621371 45
910 0.0009159018638152001 45.5
920 0.0009464523997554502 46
930 0.0009766280109125454 46.5
940 0.001006599613413043 47
950 0.001036793785073438 47.5
960 0.001068051994058922 48
970 0.001101191212777854 48.5
980 0.001137633285592822 49
990 0.001178241352280996 49.5
1000 0.00122323099151529 50
1010 0.001272309077601817 50.5
1020 0.001324760965167291 51
1030 0.001380253889250958 51.5
1040 0.001437798797400493 52
1050 0.001496106188137847 52.5
1060 0.001553006458614753 53
1070 0.001608008397594348 53.5
1080 0.001660644841302394 54
1090 0.001710725844268836 54.5
1100 0.001759149231917565 55
1110 0.001807153209258193 55.5
1120 0.001854617012351002 56
1130 0.001900941774842489 56.5
1140 0.001945633054500361 57
1150 0.001988004068030131 57.5
1160 0.00202693061431383 58
1170 0.002061576821288603 58.5
1180 0.002091449746621819 59
1190 0.002116378621292296 59.5
1200 0.002136047764942051 60
1210 0.002149986163136513 60.5
1220 0.002157833971004766 61
1230 0.002159997828670948 61.5
1240 0.002157244811322836 62
1250 0.002150477002729205 62.5
1260 0.002140675621948217 63
1270 0.002128657253996598 63.5
1280 0.002115158602398482 64
1290 0.002100723443084184 64.5
1300 0.002085824226188915 65
1310 0.0020713525522349 65.5
1320 0.00205826003182045 66
1330 0.002047106720957222 66.5
1340 0.002038146481270368 67
1350 0.002031193433981575 67.5
1360 0.00202605384655173 68
1370 0.002022039283864906 68.5
1380 0.002018474367994205 69
1390 0.002014793630060036 69.5
1400 0.00200982093779189 70
1410 0.002002526775003817 70.5
1420 0.001992321907693472 71
1430 0.001979741104343227 71.5
1440 0.001966602911043842 72
1450 0.001955483783945333 72.5
1460 0.001949514282123146 73
1470 0.00195062696540253 73.5
1480 0.001958373307317467 74
1490 0.001970575395885707 74.5
1500 0.001985384590763067 75
1510 0.002001776168054235 75.5
1520 0.002019864725593223 76
1530 0.002040290363611078 76.5
1540 0.002063676649611827 77
1550 0.002090475267450311 77.5
1560 0.002121452863057468 78
1570 0.002156560388710585 78.5
1580 0.002194874930983277 79
1590 0.002234616112803345 79.5
1600 0.002273561430579829 80
1610 0.002310072081902888 80.5
1620 0.0023421046846827 81
1630 0.002368683383674758 81.5
1640 0.0023890619814165 82
1650 0.002402830173990478 82.5
1660 0.002409816476703162 83
1670 0.002411294439708343 83.5
1680 0.002408610970318765 84
1690 0.002404260733289739 84.5
1700 0.002400753497634474 85
1710 0.002399440091509521 85.5
1720 0.002400517871640835 86
1730 0.00240347008305538 86.5
1740 0.002407805201336477 87
1750 0.002413877321621009 87.5
1760 0.002422035681098736 88
1770 0.00243238334313663 88.5
1780 0.002444889354986255 89
1790 0.002459329189438062 89.5
1800 0.002475157919709238 90
1810 0.002491811099969113 90.5
1820 0.002509138967575155 91
1830 0.002527105124594232 91.5
1840 0.002545468739570208 92
1850 0.002564415921626339 92.5
1860 0.002584154206783686 93
1870 0.002604475479055222 93.5
1880 0.002624606135661869 94
1890 0.002644072363555968 94.5
1900 0.002662114590417979 95
1910 0.002677696213783309 95.5
1920 0.00268982498631193 96
1930 0.002697564814997106 96.5
1940 0.002700795748305198 97
1950 0.002700664840003965 97.5
1960 0.00269881268073871 98
1970 0.002696671483959484 98.5
1980 0.002695069364567456 99
1990 0.002694842997743822 99.5
2000 0.00269685341058436 100
2010 0.002701694034935895 100.5
2020 0.002709785717761294 101
2030 0.002721221625086377 101.5
2040 0.002735435211016856 102
2050 0.002750853517906536 102.5
2060 0.002765776737520638 103
2070 0.002778335351669017 103.5
2080 0.00278693194108506 104
2090 0.002791865949171797 104.5
2100 0.002794587969345441 105
2110 0.002796181944462416 105.5
2120 0.00279630379015497 106
2130 0.002794335132704932 106.5
2140 0.002790291376352667 107
2150 0.002785374641565177 107.5
2160 0.002781347857141611 108
2170 0.002779200126846897 108.5
2180 0.002779150474850794 109
2190 0.002781099434981333 109.5
2200 0.002784509547329477 110
2210 0.002788411088961387 110.5
2220 0.002791955033987368 111
2230 0.0027941569413715 111.5
2240 0.002794028435475563 112
2250 0.002790808681917975 112.5
2260 0.002783697898051845 113
2270 0.002772230033849745 113.5
2280 0.002756300997904336 114
2290 0.002736167362657616 114.5
2300 0.002712739984176785 115
2310 0.002686925472588527 115.5
2320 0.002659901927651748 116
2330 0.002632868585227337 116.5
2340 0.002606949267413391 117
2350 0.002582919127489853 117.5
2360 0.002561552925672221 118
2370 0.002543513377829356 118.5
2380 0.002529159238618317 119
2390 0.002518591938845684 119.5
2400 0.002511856263460279 120
2410 0.002508555505346264 120.5
2420 0.002507995182951196 121
2430 0.002509624676796266 121.5
2440 0.002512799251686851 122
2450 0.002517159776773534 122.5
2460 0.00252245707819018 123
2470 0.002528463738167822 123.5
2480 0.002535061671115866 124
2490 0.002542206413804437 124.5
2500 0.002549714838257778 125
2510 0.002557047986741343 125.5
2520 0.002563547965314049 126
2530 0.002568599466220228 126.5
2540 0.002571606486491564 127
2550 0.00257228641267049 127.5
2560 0.002570487160099707 128
2570 0.002566236535679957 128.5
2580 0.002559561545016571 129
2590 0.002550518333417897 129.5
2600 0.002539228487435755 130
2610 0.002525904932374771 130.5
2620 0.002510783083591585 131
2630 0.002494130836152765 131.5
2640 0.00247641414898987 132
2650 0.002458387107712 132.5
2660 0.002440891235763003 133
2670 0.002424742482423248 133.5
2680 0.002410675055914855 134
2690 0.002399348896587472 134.5
2700 0.002391188839262804 135
2710 0.002386244477435835 135.5
2720 0.002384071980804039 136
2730 0.002383764645186851 136.5
2740 0.002384103326506274 137
2750 0.002383455681505816 137.5
2760 0.002381033154075706 138
2770 0.002377009010663888 138.5
2780 0.002371940548783172 139
2790 0.00236624454813868 139.5
2800 0.002360435360167245 140
2810 0.002354542567856686 140.5
2820 0.002348849296451354 141
2830 0.002343914868613043 141.5
2840 0.002339904011842225 142
2850 0.00233669185471633 142.5
2860 0.002334448686092401 143
2870 0.002333042855317529 143.5
2880 0.002332446283246057 144
2890 0.002332422362522814 144.5
2900 0.002332740109896539 145
2910 0.00233331623858557 145.5
2920 0.002333946522622302 146
2930 0.002334080755656282 146.5
2940 0.002332865955064269 147
2950 0.002329300278529386 147.5
2960 0.002322608913505077 148
2970 0.002312673984353479 148.5
2980 0.002300199108598216 149
2990 0.002285987923931154 149.5
3000 0.0022714383540762 150
3010 0.002257114485451947 150.5
3020 0.002243169915347326 151
3030 0.002230053895393725 151.5
3040 0.002217669454082588 152
3050 0.002206361977186145 152.5
3060 0.002196569061577783 153
3070 0.002189017284542964 153.5
3080 0.002184200478955002 154
3090 0.002182329371748927 154.5
3100 0.002182834340270634 155
3110 0.002183996963881337 155.5
3120 0.002183788122768216 156
3130 0.002180707566036092 156.5
3140 0.002174899699727667 157
3150 0.002168362101355248 157.5
3160 0.002163037233526476 158
3170 0.002160492547039787 158.5
3180 0.002160442472698794 159
3190 0.002161797652088408 159.5
3200 0.0021648114415235 160
3210 0.002170221608146714 160.5
3220 0.002179068434352862 161
3230 0.002191898971942195 161.5
3240 0.002209115724104203 162
3250 0.002230464181859648 162.5
3260 0.002255269811431215 163
3270 0.002282356266380694 163.5
3280 0.002309944403261877 164
3290 0.002335108341539703 164.5
3300 0.002354552724381878 165
3310 0.002365242429043085 165.5
3320 0.002365666951592533 166
3330 0.002357864409171577 166.5
3340 0.002345791553143562 167
3350 0.00233140481888187 167.5
3360 0.002315047286774784 168
3370 0.002296539136488948 168.5
3380 0.002276367948028616 169
3390 0.002255506707963687 169.5
3400 0.002235416416018365 170
3410 0.002218178933202929 170.5
3420 0.002204496400287594 171
3430 0.002194510786245107 171.5
3440 0.00218824439342806 172
3450 0.002185254765524358 172.5
3460 0.002184827843955725 173
3470 0.002186302303544541 173.5
3480 0.002189402453132838 174
3490 0.002193456666902319 174.5
3500 0.002197538391984077 175
3510 0.002200782858926499 175.5
3520 0.002202288207551375 176
3530 0.002200382683060218 176.5
3540 0.002193859507504714 177
3550 0.002183791324810821 177.5
3560 0.0021728851335361 178
3570 0.002163816688166868 178.5
3580 0.002157167696573525 179
3590 0.002152861005732464 179.5
3600 0.002151203405889784 180
3610 0.002152386393187431 180.5
3620 0.002156592207064041 181
3630 0.002164049359794609 181.5
3640 0.002174829069444381 182
3650 0.002188758711040349 182.5
3660 0.002205461561588717 183
3670 0.002224574699944643 183.5
3680 0.002245836412377949 184
3690 0.002268996501431992 184.5
3700 0.002293322687013132 185
3710 0.002317518490952705 185.5
3720 0.002340191652308365 186
3730 0.002360447629841643 186.5
3740 0.002378382024941366 187
3750 0.002395125852491016 187.5
3760 0.002412031900219665 188
3770 0.00242912378784329 188.5
3780 0.002446923774371194 189
3790 0.002465352794469215 189.5
3800 0.002483179231837497 190
3810 0.002499864377546397 190.5
3820 0.002515717129260082 191
3830 0.002530867858810157 191.5
3840 0.002545454456330199 192
3850 0.002559381754412319 192.5
3860 0.002572477473894921 193
3870 0.002584247166379667 193.5
3880 0.002594152534471847 194
3890 0.002601770642736841 194.5
3900 0.002606374445563659 195
3910 0.002607573080694317 195.5
3920 0.00260538353731105 196
3930 0.002600112195638774 196.5
3940 0.002592274531696335 197
3950 0.002582356172244636 197.5
3960 0.00257069898073005 198
3970 0.002557223783832509 198.5
3980 0.002541937535031546 199
3990 0.002524800620339485 199.5
4000 0.002505621977969266 200
4010 0.002484341754360266 200.5
4020 0.002460598633271124 201
4030 0.002434334858877933 201.5
4040 0.002405700147684621 202
4050 0.002374622719043869 202.5
4060 0.002341037677794312 203
4070 0.002305361255737122 203.5
4080 0.00226887795583227 204
4090 0.002233225664356263 204.5
4100 0.002200206346677298 205
4110 0.002170483484894378 205.5
4120 0.002144979794637319 206
4130 0.002124473450722705 206.5
4140 0.002109237008230528 207
4150 0.002098909126553334 207.5
4160 0.002092857030899942 208
4170 0.002089998096790521 208.5
4180 0.002089705017789018 209
4190 0.002091742803277778 209.5
4200 0.002095896293157663 210
4210 0.002101758526688753 210.5
4220 0.00210873979376883 211
4230 0.002116055745706231 211.5
4240 0.002123335765469719 212
4250 0.002130918093384752 212.5
4260 0.002139625413556681 213
4270 0.002149880126029018 213.5
4280 0.002162052621685315 214
4290 0.002176241990332281 214.5
4300 0.002192342536746297 215
4310 0.0022105640072297 215.5
4320 0.002231153453768135 216
4330 0.002254366362258727 216.5
4340 0.002280329135963171 217
4350 0.002308844691382482 217.5
4360 0.00233978280652999 218
4370 0.002372503481444302 218.5
4380 0.002405991261119022 219
4390 0.00243847106108933 219.5
4400 0.002467782457607548 220
4410 0.002492558241108938 220.5
4420 0.002512233046551295 221
4430 0.00252745127855268 221.5
4440 0.002539162111933433 222
4450 0.002548165485028903 222.5
4460 0.002555424526461131 223
4470 0.002561734968021302 223.5
4480 0.002568026551173724 224
4490 0.002574049910262368 224.5
4500 0.002579556234893786 225
4510 0.002584653589741089 225.5
4520 0.002588978355132469 226
4530 0.002592587790545546 226.5
4540 0.002595809671604703 227
4550 0.00259842266376408 227.5
4560 0.002599975830381497 228
4570 0.002599742214076382 228.5
4580 0.00259678593109125 229
4590 0.002590221275868874 229.5
4600 0.002579159305253328 230
4610 0.002563285852015486 230.5
4620 0.002542900072126508 231
4630 0.002518840469722637 231.5
4640 0.002492551632006173 232
4650 0.002464865990777801 232.5
4660 0.002436427070499169 233
4670 0.002407801550338948 233.5
4680 0.002379595036966296 234
4690 0.002352627672497035 234.5
4700 0.002327472275891376 235
4710 0.00230444666166356 235.5
4720 0.00228391400362078 236
4730 0.002266096760273878 236.5
4740 0.002251083443552155 237
4750 0.002238870549923357 237.5
4760 0.002229455053676272 238
4770 0.002222632509791139 238.5
4780 0.002218362208204277 239
4790 0.002216538801265355 239.5
4800 0.002216831305142904 240
4810 0.002219105616711978 240.5
4820 0.002223059081490977 241
4830 0.002228497928085448 241.5
4840 0.002235140191808054 242
4850 0.002242810032594304 242.5
4860 0.002251426007454366 243
4870 0.00226098771084037 243.5
4880 0.002271551918555726 244
4890 0.002283218848276744 244.5
4900 0.002295950573423996 245
4910 0.002309495431900076 245.5
4920 0.002323796446925133 246
4930 0.002338947889613267 246.5
4940 0.002355041237689685 247
4950 0.00237250742948968 247.5
4960 0.002391664975645144 248
4970 0.00241267906108482 248.5
4980 0.002435592945375342 249
4990 0.002460011854964167 249.5
5000 0.002485705579687156 250
