0 0.2085827887058258 0
10 0.2119495421648026 0.5
20 0.2115200161933899 1
30 0.2114425897598267 1.5
40 0.2113035023212433 2
50 0.2109688967466354 2.5
60 0.2106615155935287 3
70 0.2101878225803375 3.5
80 0.2099220603704453 4
90 0.2094764709472656 4.5
100 0.2087068408727646 5
110 0.2080544084310532 5.5
120 0.2076619863510132 6
130 0.2076753824949265 6.5
140 0.2081803381443024 7
150 0.2085322886705399 7.5
160 0.209316611289978 8
170 0.2104651629924774 8.5
180 0.2113029509782791 9
190 0.21147820353508 9.5
200 0.2110066562891006 10
210 0.2101721614599228 10.5
220 0.209187850356102 11
230 0.2079975455999374 11.5
240 0.206329420208931 12
250 0.2046211510896683 12.5
260 0.2034872025251389 13
270 0.2028761208057404 13.5
280 0.2026776671409607 14
290 0.2027502954006195 14.5
300 0.2027829736471176 15
310 0.2028946876525879 15.5
320 0.2028671652078629 16
330 0.202786773443222 16.5
340 0.2028733044862747 17
350 0.2032754421234131 17.5
360 0.2039746642112732 18
370 0.2045681178569794 18.5
380 0.2049756348133087 19
390 0.2050834596157074 19.5
400 0.2051140815019608 20
410 0.2053150236606598 20.5
420 0.205385223031044 21
430 0.2049221992492676 21.5
440 0.2042490988969803 22
450 0.2033210098743439 22.5
460 0.2025933861732483 23
470 0.2023062407970428 23.5
480 0.2023921459913254 24
490 0.2027860134840012 24.5
500 0.2031268179416656 25
510 0.2035109400749207 25.5
520 0.2039339691400528 26
530 0.2041103690862656 26.5
540 0.2040869146585464 27
550 0.2037647217512131 27.5
560 0.2032930254936218 28
570 0.2027360647916794 28.5
580 0.2022046893835068 29
590 0.2015260607004166 29.5
600 0.2007066309452057 30
610 0.1997784674167633 30.5
620 0.1988080739974976 31
630 0.1977696418762207 31.5
640 0.196784183382988 32
650 0.1956969052553177 32.5
660 0.1944180130958557 33
670 0.1931438446044922 33.5
680 0.1923388093709946 34
690 0.1927817463874817 34.5
700 0.1934209614992142 35
710 0.1938776075839996 35.5
720 0.1943296939134598 36
730 0.1946088671684265 36.5
740 0.1949474662542343 37
750 0.1954185664653778 37.5
760 0.1958115547895432 38
770 0.1960917115211487 38.5
780 0.1961109042167664 39
790 0.1960882395505905 39.5
800 0.1964829415082932 40
810 0.1967131942510605 40.5
820 0.1969688236713409 41
830 0.1972222328186035 41.5
840 0.1974747627973557 42
850 0.1984177082777023 42.5
860 0.2000044286251068 43
870 0.2013443112373352 43.5
880 0.2023152858018875 44
890 0.203005850315094 44.5
900 0.2033951729536057 45
910 0.2040152847766876 45.5
920 0.2050985097885132 46
930 0.2061634957790375 46.5
940 0.2073221951723099 47
950 0.2083930820226669 47.5
960 0.2092195898294449 48
970 0.2106524407863617 48.5
980 0.2116577327251434 49
990 0.2113484293222427 49.5
1000 0.2126283943653107 50
1010 0.2141304910182953 50.5
1020 0.2140602618455887 51
1030 0.2121260017156601 51.5
1040 0.2102120518684387 52
1050 0.2098222821950912 52.5
1060 0.2091994136571884 53
1070 0.2083226889371872 53.5
1080 0.2072498947381973 54
1090 0.2073190808296204 54.5
1100 0.2070835530757904 55
1110 0.2064301669597626 55.5
1120 0.205668568611145 56
1130 0.2049920707941055 56.5
1140 0.2045330554246902 57
1150 0.204164519906044 57.5
1160 0.2039697766304016 58
1170 0.2039457410573959 58.5
1180 0.2040213197469711 59
1190 0.2041368186473846 59.5
1200 0.20416359603405 60
1210 0.2042214572429657 60.5
1220 0.2043444365262985 61
1230 0.2044096738100052 61.5
1240 0.2043655216693878 62
1250 0.2041441351175308 62.5
1260 0.2037220001220703 63
1270 0.2032787799835205 63.5
1280 0.2029092609882355 64
1290 0.202682226896286 64.5
1300 0.2024213373661041 65
1310 0.2022863775491714 65.5
1320 0.2026118189096451 66
1330 0.202863335609436 66.5
1340 0.2029697597026825 67
1350 0.2028419524431229 67.5
1360 0.202510878443718 68
1370 0.2021221816539764 68.5
1380 0.2016167342662811 69
1390 0.201189398765564 69.5
1400 0.2007803171873093 70
1410 0.2003121078014374 70.5
1420 0.1999558210372925 71
1430 0.1998735666275024 71.5
1440 0.1999989449977875 72
1450 0.2000326216220856 72.5
1460 0.1997700184583664 73
1470 0.1994671672582626 73.5
1480 0.1995401531457901 74
1490 0.1997004449367523 74.5
1500 0.1997370421886444 75
1510 0.1999747753143311 75.5
1520 0.2003341317176819 76
1530 0.2008710354566574 76.5
1540 0.2014570534229279 77
1550 0.2018182873725891 77.5
1560 0.2022386491298676 78
1570 0.2024374902248383 78.5
1580 0.2026305347681046 79
1590 0.2027641981840134 79.5
1600 0.2026107162237167 80
1610 0.2023029625415802 80.5
1620 0.2019245028495789 81
1630 0.2015953361988068 81.5
1640 0.2018190771341324 82
1650 0.2020791471004486 82.5
1660 0.2020507007837296 83
1670 0.2014127224683762 83.5
1680 0.2002916634082794 84
1690 0.2000983506441116 84.5
1700 0.2000236064195633 85
1710 0.2001204192638397 85.5
1720 0.2003778070211411 86
1730 0.2007604390382767 86.5
1740 0.2011554092168808 87
1750 0.2014588266611099 87.5
1760 0.201718270778656 88
1770 0.2019948661327362 88.5
1780 0.2022794038057327 89
1790 0.2025686651468277 89.5
1800 0.2028239369392395 90
1810 0.2029432952404022 90.5
1820 0.2028405964374542 91
1830 0.2026323229074478 91.5
1840 0.2022597342729568 92
1850 0.2018166184425354 92.5
1860 0.2012071013450623 93
1870 0.2016343623399734 93.5
1880 0.2017398625612259 94
1890 0.2016057223081589 94.5
1900 0.2012467682361603 95
1910 0.2007738798856735 95.5
1920 0.2003056704998016 96
1930 0.1999506950378418 96.5
1940 0.1997887045145035 97
1950 0.1997204273939133 97.5
1960 0.1999282389879227 98
1970 0.2002202123403549 98.5
1980 0.2007170468568802 99
1990 0.2012577652931213 99.5
2000 0.201814666390419 100
2010 0.2024420350790024 100.5
2020 0.2031159996986389 101
2030 0.2039202749729156 101.5
2040 0.2047682851552963 102
2050 0.2055084705352783 102.5
2060 0.206086277961731 103
2070 0.2064020037651062 103.5
2080 0.2064501196146011 104
2090 0.2063100785017014 104.5
2100 0.2060180008411407 105
2110 0.2056153565645218 105.5
2120 0.2055780440568924 106
2130 0.2058835029602051 106.5
2140 0.2060094028711319 107
2150 0.2058111280202866 107.5
2160 0.2053313255310059 108
2170 0.2045963853597641 108.5
2180 0.2038303166627884 109
2190 0.2030024826526642 109.5
2200 0.2021460086107254 110
2210 0.2017858773469925 110.5
2220 0.2022999227046967 111
2230 0.2029039263725281 111.5
2240 0.2034480571746826 112
2250 0.2039942592382431 112.5
2260 0.2044719606637955 113
2270 0.2047488242387772 113.5
2280 0.2047469913959503 114
2290 0.2045551687479019 114.5
2300 0.2042304128408432 115
2310 0.2035578191280365 115.5
2320 0.2026716023683548 116
2330 0.2015978246927261 116.5
2340 0.2005731612443924 117
2350 0.2008462846279144 117.5
2360 0.2010805010795593 118
2370 0.2012788355350494 118.5
2380 0.2014013677835464 119
2390 0.2014505118131638 119.5
2400 0.2014235556125641 120
2410 0.201415479183197 120.5
2420 0.2011678963899612 121
2430 0.2006310522556305 121.5
2440 0.2000826001167297 122
2450 0.1995346397161484 122.5
2460 0.1992040425539017 123
2470 0.1991035640239716 123.5
2480 0.1989369839429855 124
2490 0.1986905038356781 124.5
2500 0.1984812170267105 125
2510 0.1984593570232391 125.5
2520 0.1983340382575989 126
2530 0.1983570456504822 126.5
2540 0.1984405815601349 127
2550 0.1985322237014771 127.5
2560 0.1986915618181229 128
2570 0.1991709172725677 128.5
2580 0.1996443569660187 129
2590 0.2002378106117249 129.5
2600 0.2007445394992828 130
2610 0.2013616412878036 130.5
2620 0.2019068747758865 131
2630 0.2023497819900513 131.5
2640 0.2025649845600128 132
2650 0.2026994228363037 132.5
2660 0.2027783244848251 133
2670 0.2027982771396637 133.5
2680 0.2025805413722992 134
2690 0.2023045718669891 134.5
2700 0.2020070254802704 135
2710 0.2021490484476089 135.5
2720 0.2021769285202026 136
2730 0.2020481377840042 136.5
2740 0.201851025223732 137
2750 0.2014482915401459 137.5
2760 0.201007753610611 138
2770 0.2006532102823257 138.5
2780 0.2005161195993423 139
2790 0.2003507614135742 139.5
2800 0.20010706782341 140
2810 0.1998004615306854 140.5
2820 0.1993651986122131 141
2830 0.1988807022571564 141.5
2840 0.1983690708875656 142
2850 0.1981650441884995 142.5
2860 0.1984633654356003 143
2870 0.1987801939249039 143.5
2880 0.1990763545036316 144
2890 0.1994060724973679 144.5
2900 0.1996796280145645 145
2910 0.1999008655548096 145.5
2920 0.2000595331192017 146
2930 0.2001959830522537 146.5
2940 0.2003765106201172 147
2950 0.2003330290317535 147.5
2960 0.2001282870769501 148
2970 0.1999181509017944 148.5
2980 0.1995793730020523 149
2990 0.1992558389902115 149.5
3000 0.1989281475543976 150
3010 0.1985622644424438 150.5
3020 0.1984016597270966 151
3030 0.1983904391527176 151.5
3040 0.1984314471483231 152
3050 0.1985287070274353 152.5
3060 0.1987201720476151 153
3070 0.1989321857690811 153.5
3080 0.1991474628448486 154
3090 0.1994120329618454 154.5
3100 0.1997757405042648 155
3110 0.2002003043889999 155.5
3120 0.2004469931125641 156
3130 0.2005457431077957 156.5
3140 0.2006043046712875 157
3150 0.2006180584430695 157.5
3160 0.2004826366901398 158
3170 0.2000678777694702 158.5
3180 0.1997671276330948 159
3190 0.1996104121208191 159.5
3200 0.1995448917150497 160
3210 0.1996298283338547 160.5
3220 0.19986592233181 161
3230 0.2002351880073547 161.5
3240 0.2006563693284988 162
3250 0.2010756433010101 162.5
3260 0.2016479223966599 163
3270 0.2021988928318024 163.5
3280 0.2026051878929138 164
3290 0.2030276358127594 164.5
3300 0.2032830566167831 165
3310 0.2032702267169952 165.5
3320 0.2032193094491959 166
3330 0.2030074298381805 166.5
3340 0.2025965601205826 167
3350 0.2022408843040466 167.5
3360 0.2024253159761429 168
3370 0.2025433778762817 168.5
3380 0.2025976926088333 169
3390 0.2026473879814148 169.5
3400 0.2025271505117416 170
3410 0.2022218853235245 170.5
3420 0.2017040550708771 171
3430 0.2009907811880112 171.5
3440 0.2008839696645737 172
3450 0.2009431421756744 172.5
3460 0.2010096162557602 173
3470 0.2009248584508896 173.5
3480 0.2008795440196991 174
3490 0.2009344100952148 174.5
3500 0.2010489106178284 175
3510 0.2009328156709671 175.5
3520 0.2007160186767578 176
3530 0.2005144953727722 176.5
3540 0.2000899761915207 177
3550 0.1995234936475754 177.5
3560 0.1995021253824234 178
3570 0.1994422227144241 178.5
3580 0.1992243081331253 179
3590 0.1989463567733765 179.5
3600 0.1985781490802765 180
3610 0.1981008499860764 180.5
3620 0.1976979672908783 181
3630 0.1973888128995895 181.5
3640 0.1976185888051987 182
3650 0.1981155276298523 182.5
3660 0.1986698657274246 183
3670 0.1992427855730057 183.5
3680 0.200005829334259 184
3690 0.2007394880056381 184.5
3700 0.201274961233139 185
3710 0.2016220688819885 185.5
3720 0.2018112987279892 186
3730 0.2018104940652847 186.5
3740 0.2016957551240921 187
3750 0.2014444470405579 187.5
3760 0.2011297196149826 188
3770 0.200838640332222 188.5
3780 0.2006378471851349 189
3790 0.2003279328346252 189.5
3800 0.2004047036170959 190
3810 0.200481966137886 190.5
3820 0.2003675550222397 191
3830 0.2000645697116852 191.5
3840 0.199801117181778 192
3850 0.1997514665126801 192.5
3860 0.1996788084506989 193
3870 0.1996641904115677 193.5
3880 0.1997318714857101 194
3890 0.1997721344232559 194.5
3900 0.199771523475647 195
3910 0.1997477561235428 195.5
3920 0.1995558887720108 196
3930 0.1991815268993378 196.5
3940 0.1988290250301361 197
3950 0.1986472308635712 197.5
3960 0.198606088757515 198
3970 0.1987798362970352 198.5
3980 0.1991622596979141 199
3990 0.1997629851102829 199.5
4000 0.2004999667406082 200
4010 0.2013526558876038 200.5
4020 0.2021245658397675 201
4030 0.2029595524072647 201.5
4040 0.2035935521125793 202
4050 0.2037525326013565 202.5
4060 0.2035778313875198 203
4070 0.2038867324590683 203.5
4080 0.2042822539806366 204
4090 0.2043181955814362 204.5
4100 0.2042500078678131 205
4110 0.2042581290006638 205.5
4120 0.2039610743522644 206
4130 0.2036805152893066 206.5
4140 0.2025911808013916 207
4150 0.2010301798582077 207.5
4160 0.2007121741771698 208
4170 0.2003993690013885 208.5
4180 0.2000951319932938 209
4190 0.1994151473045349 209.5
4200 0.1987656950950623 210
4210 0.1983740478754044 210.5
4220 0.1979022026062012 211
4230 0.1973718106746674 211.5
4240 0.1971476823091507 212
4250 0.197205126285553 212.5
4260 0.1974051743745804 213
4270 0.1977332383394241 213.5
4280 0.1980951428413391 214
4290 0.1984271109104156 214.5
4300 0.1987562626600266 215
4310 0.1989878714084625 215.5
4320 0.1991614401340485 216
4330 0.1995597332715988 216.5
4340 0.2000225931406021 217
4350 0.2004404813051224 217.5
4360 0.2008155882358551 218
4370 0.2011131197214127 218.5
4380 0.2015456408262253 219
4390 0.2018817812204361 219.5
4400 0.2021142244338989 220
4410 0.2020964175462723 220.5
4420 0.2020025551319122 221
4430 0.201822429895401 221.5
4440 0.2017148286104202 222
4450 0.2016450315713882 222.5
4460 0.2016597986221313 223
4470 0.201762929558754 223.5
4480 0.2019147574901581 224
4490 0.2020668834447861 224.5
4500 0.2021389901638031 225
4510 0.202153667807579 225.5
4520 0.2028093636035919 226
4530 0.2033604830503464 226.5
4540 0.203674703836441 227
4550 0.2036562711000443 227.5
4560 0.2032866626977921 228
4570 0.2028300166130066 228.5
4580 0.2023566514253616 229
4590 0.2017852813005447 229.5
4600 0.2011784166097641 230
4610 0.2006300240755081 230.5
4620 0.2001397013664246 231
4630 0.1997591406106949 231.5
4640 0.1993891596794128 232
4650 0.1991737335920334 232.5
4660 0.1988893151283264 233
4670 0.1985861212015152 233.5
4680 0.1984397321939468 234
4690 0.1982327103614807 234.5
4700 0.1980489194393158 235
4710 0.1979231238365173 235.5
4720 0.1978749632835388 236
4730 0.1979342103004456 236.5
4740 0.198052242398262 237
4750 0.1985766738653183 237.5
4760 0.1994753628969193 238
4770 0.2003787457942963 238.5
4780 0.201336145401001 239
4790 0.2021659165620804 239.5
4800 0.2028826922178268 240
4810 0.2034671157598495 240.5
4820 0.2039902806282043 241
4830 0.2043680101633072 241.5
4840 0.2047084718942642 242
4850 0.2055095732212067 242.5
4860 0.2064189910888672 243
4870 0.2072577625513077 243.5
4880 0.2080579251050949 244
4890 0.2087056040763855 244.5
4900 0.2094261199235916 245
4910 0.2099695950746536 245.5
4920 0.2102292478084564 246
4930 0.2102416604757309 246.5
4940 0.2098645269870758 247
4950 0.209236741065979 247.5
4960 0.2086032032966614 248
4970 0.2079708129167557 248.5
4980 0.2075020521879196 249
4990 0.2070605307817459 249.5
5000 0.2065970897674561 250
