0 0 0
0 0 0
10 8.909532861517301e-06 0.5
20 1.786310500385788e-05 1
30 2.681067816189974e-05 1.5
40 3.575037304188821e-05 2
50 4.467943503057692e-05 2.5
60 5.359545661018743e-05 3
70 6.250460609505613e-05 3.5
80 7.140574006770364e-05 4
90 8.030154566069664e-05 4.5
100 8.91970235451393e-05 5
110 9.80825252686654e-05 5.5
120 0.00010695372172688 6
130 0.0001158122908624205 6.5
140 0.000124663247057186 7
150 0.0001335104697515982 7.5
160 0.0001423551691572348 8
170 0.0001511991124657163 8.5
180 0.0001600423178293648 9
190 0.0001688831478111962 9.5
200 0.0001777207852023066 10
210 0.0001865542242296057 10.5
220 0.0001953830319822547 11
230 0.0002042041885314766 11.5
240 0.000213013967113737 12
250 0.0002218073403670725 12.5
260 0.0002305775096949978 13
270 0.0002393179407173002 13.5
280 0.0002480221926233944 14
290 0.0002566877144307585 14.5
300 0.0002653155396909304 15
310 0.0002739111305651121 15.5
320 0.0002824799966372965 16
330 0.0002910250336166249 16.5
340 0.0002995468392366621 17
350 0.0003080430246308492 17.5
360 0.0003165103753158142 18
370 0.0003249449144867285 18.5
380 0.0003333383793341606 19
390 0.0003416799656200501 19.5
400 0.0003499554645596879 20
410 0.0003581483568112146 20.5
420 0.0003662402728523061 21
430 0.0003742175627173024 21.5
440 0.000382072948598288 22
450 0.0003898049153591353 22.5
460 0.0003974148816765482 23
470 0.0004049064458110028 23.5
480 0.0004122837290918479 24
490 0.0004195518465174441 24.5
500 0.0004267185209777211 25
510 0.0004337903950835745 25.5
520 0.0004407739853501265 26
530 0.0004476761965169579 26.5
540 0.0004545054470945407 27
550 0.0004612709229651088 27.5
560 0.0004679802049772907 28
570 0.0004746354838758515 28.5
580 0.0004812338718043165 29
590 0.0004877696661184052 29.5
600 0.0004942348069051696 30
610 0.0005006241844804909 30.5
620 0.0005069330068599761 31
630 0.0005131556248188166 31.5
640 0.0005192824639605524 32
650 0.0005253033015436923 32.5
660 0.0005312103476438115 33
670 0.0005369960301412242 33.5
680 0.000542655509975042 34
690 0.0005481901218524584 34.5
700 0.0005536047266190258 35
710 0.0005589053541342106 35.5
720 0.0005640993472352719 36
730 0.0005691925552716118 36.5
740 0.0005741890397279481 37
750 0.0005790902132922372 37.5
760 0.0005838947003411794 38
770 0.0005885972890009328 38.5
780 0.0005931875092323467 39
790 0.000597652625754745 39.5
800 0.0006019804749112037 40
810 0.0006061623431068059 40.5
820 0.0006101968405032566 41
830 0.0006140900942190788 41.5
840 0.0006178519340177685 42
850 0.0006214936705879713 42.5
860 0.0006250276610329343 43
870 0.000628463443731553 43.5
880 0.0006318063575581391 44
890 0.0006350598733936189 44.5
900 0.0006382306611404846 45
910 0.0006413266619495519 45.5
920 0.0006443663712606689 46
930 0.0006473706941839025 46.5
940 0.0006503553198856448 47
950 0.0006533271616429772 47.5
960 0.0006562864522757355 48
970 0.0006592326655626725 48.5
980 0.0006621630535133521 49
990 0.0006650674069169246 49.5
1000 0.000667930217248808 50
1010 0.000670736207472124 50.5
1020 0.0006734740162926238 51
1030 0.0006761375229607702 51.5
1040 0.0006787241776609468 52
1050 0.0006812324501199775 52.5
1060 0.000683664724702639 53
1070 0.0006860276904084418 53.5
1080 0.0006883280367516343 54
1090 0.000690572937833198 54.5
1100 0.0006927698313317517 55
1110 0.0006949246479832095 55.5
1120 0.0006970428840899274 56
1130 0.0006991287551841979 56.5
1140 0.0007011847643183656 57
1150 0.0007032107538615376 57.5
1160 0.0007052072553210903 58
1170 0.0007071743966209251 58.5
1180 0.0007091141753297524 59
1190 0.0007110270764342617 59.5
1200 0.0007129137253045399 60
1210 0.0007147759046078147 60.5
1220 0.0007166172347514387 61
1230 0.0007184367196626285 61.5
1240 0.000720233231029642 62
1250 0.0007220079541553601 62.5
1260 0.0007237593726671139 63
1270 0.0007254877696652919 63.5
1280 0.0007271918204976629 64
1290 0.0007288714664598772 64.5
1300 0.0007305240412744919 65
1310 0.0007321432743850137 65.5
1320 0.0007337191766316746 66
1330 0.0007352442269321081 66.5
1340 0.0007367136403531418 67
1350 0.0007381215664559071 67.5
1360 0.0007394645952862271 68
1370 0.0007407404913396896 68.5
1380 0.0007419473781880391 69
1390 0.0007430860713155029 69.5
1400 0.0007441640784798698 70
1410 0.000745195628021899 70.5
1420 0.0007461998366647867 71
1430 0.0007471995526857764 71.5
1440 0.0007482151420672037 72
1450 0.0007492577581067774 72.5
1460 0.0007503322665362937 73
1470 0.000751447956881871 73.5
1480 0.0007526163528333953 74
1490 0.0007538343557984438 74.5
1500 0.0007550874080145128 75
1510 0.0007563724321927866 75.5
1520 0.0007576962371418277 76
1530 0.0007590645466664047 76.5
1540 0.0007604819850748849 77
1550 0.000761945579588942 77.5
1560 0.0007634382132905426 78
1570 0.0007649403565451226 78.5
1580 0.0007664419683865652 79
1590 0.000767932623713302 79.5
1600 0.00076940132051639 80
1610 0.0007708418531063254 80.5
1620 0.0007722468586257082 81
1630 0.0007736094298744802 81.5
1640 0.0007749224609523212 82
1650 0.0007761844403356816 82.5
1660 0.0007774044881208979 83
1670 0.0007785844284192065 83.5
1680 0.0007797206818319869 84
1690 0.0007808117382048553 84.5
1700 0.0007818578167792894 85
1710 0.0007828598859578578 85.5
1720 0.0007838235111954752 86
1730 0.0007847545396426197 86.5
1740 0.0007856580749267024 87
1750 0.00078654043338923 87.5
1760 0.0007874129031693858 88
1770 0.0007882902905360957 88.5
1780 0.0007891846302179981 89
1790 0.0007900990259780988 89.5
1800 0.0007910276941746309 90
1810 0.0007919645973814294 90.5
1820 0.000792902647643405 91
1830 0.0007938358710280127 91.5
1840 0.0007947598921294851 92
1850 0.0007956792424562364 92.5
1860 0.0007965987158433038 93
1870 0.0007975153245257318 93.5
1880 0.0007984219615273756 94
1890 0.0007993119324295412 94.5
1900 0.0008001778679298824 95
1910 0.0008010134011798637 95.5
1920 0.0008018149791826982 96
1930 0.0008025813470594664 96.5
1940 0.0008033131876748549 97
1950 0.0008040171740291518 97.5
1960 0.000804700009997858 98
1970 0.0008053606382276935 98.5
1980 0.0008059952176304295 99
1990 0.0008066034076190246 99.5
2000 0.00080718622577922 100
2010 0.0008077489884501507 100.5
2020 0.000808300219854488 101
2030 0.0008088533697805709 101.5
2040 0.0008094147877737153 102
2050 0.0008099824542792317 102.5
2060 0.0008105555308270373 103
2070 0.0008111335738184036 103.5
2080 0.0008117147267315994 104
2090 0.0008122975659821815 104.5
2100 0.000812880546898073 105
2110 0.0008134580185226853 105.5
2120 0.0008140233717344187 106
2130 0.000814570765939248 106.5
2140 0.0008151026277862282 107
2150 0.0008156242903377653 107.5
2160 0.0008161406511015324 108
2170 0.0008166513306101267 108.5
2180 0.0008171515954445806 109
2190 0.0008176348412675415 109.5
2200 0.0008180939586191851 110
2210 0.0008185225023833224 110.5
2220 0.0008189169068801424 111
2230 0.0008192738025417348 111.5
2240 0.0008195900152153423 112
2250 0.0008198636643043087 112.5
2260 0.0008200932809801692 113
2270 0.0008202830676961503 113.5
2280 0.0008204407991432361 114
2290 0.000820573549606513 114.5
2300 0.0008206886607382119 115
2310 0.0008207932376587051 115.5
2320 0.0008208871865437379 116
2330 0.0008209677804098314 116.5
2340 0.000821034569985932 117
2350 0.0008210918937764792 117.5
2360 0.0008211453900980657 118
2370 0.0008212000080105427 118.5
2380 0.0008212587413713153 119
2390 0.0008213238329831292 119.5
2400 0.0008213896787887463 120
2410 0.0008214541783104711 120.5
2420 0.00082151776959899 121
2430 0.0008215791244157174 121.5
2440 0.0008216308354952014 122
2450 0.0008216727832483455 122.5
2460 0.0008217138405285387 123
2470 0.0008217590270993925 123.5
2480 0.0008218095545538888 124
2490 0.0008218750437974952 124.5
2500 0.0008219676227202066 125
2510 0.0008220750505197309 125.5
2520 0.00082218260200421 126
2530 0.0008222887835327822 126.5
2540 0.0008223876260791306 127
2550 0.0008224718458291335 127.5
2560 0.0008225355937924963 128
2570 0.0008225654922174221 128.5
2580 0.0008225466429362862 129
2590 0.0008224701009667699 129.5
2600 0.0008223379994838994 130
2610 0.0008221535571026482 130.5
2620 0.0008219252937132439 131
2630 0.0008216676895364281 131.5
2640 0.0008213963553230242 132
2650 0.0008211263689315498 132.5
2660 0.0008208686423433908 133
2670 0.0008206306167763705 133.5
2680 0.000820416113724724 134
2690 0.0008202317269055102 134.5
2700 0.0008200808539977583 135
2710 0.000819962914429914 135.5
2720 0.0008198774314681401 136
2730 0.0008198250523280538 136.5
2740 0.0008198071725323705 137
2750 0.0008198313574372468 137.5
2760 0.0008199019610286259 138
2770 0.0008200217740082407 138.5
2780 0.0008201856174926565 139
2790 0.000820380958568851 139.5
2800 0.000820593052325167 140
2810 0.0008208011592573138 140.5
2820 0.0008209799000674021 141
2830 0.0008211119204419941 141.5
2840 0.0008211976537213207 142
2850 0.000821245065399067 142.5
2860 0.0008212634856917671 143
2870 0.000821263594081209 143.5
2880 0.0008212513081653524 144
2890 0.0008212298125744641 144.5
2900 0.0008212072115399751 145
2910 0.0008211956369998169 145.5
2920 0.0008211991033153743 146
2930 0.0008212055547404646 146.5
2940 0.0008212014323037293 147
2950 0.0008211831009220403 147.5
2960 0.0008211558519737401 148
2970 0.0008211222676228642 148.5
2980 0.0008210821208593193 149
2990 0.0008210319425403297 149.5
3000 0.0008209675240396845 150
3010 0.0008208859805020677 150.5
3020 0.0008207848737847324 151
3030 0.0008206613072629164 151.5
3040 0.0008205101474557232 152
3050 0.0008203307340144667 152.5
3060 0.000820124320212087 153
3070 0.0008198944138166035 153.5
3080 0.0008196457211920607 154
3090 0.0008193870025991177 154.5
3100 0.0008191267302208636 155
3110 0.0008188741964265842 155.5
3120 0.0008186373445967828 156
3130 0.0008184210713614708 156.5
3140 0.0008182256742403914 157
3150 0.0008180530954000811 157.5
3160 0.0008179069183700449 158
3170 0.0008177869317632113 158.5
3180 0.0008176876734584372 159
3190 0.0008176047463020537 159.5
3200 0.0008175338427209192 160
3210 0.0008174732248831777 160.5
3220 0.0008174205818880188 161
3230 0.0008173774957475719 161.5
3240 0.0008173453786283553 162
3250 0.0008173254182509065 162.5
3260 0.0008173238404237717 163
3270 0.000817352493385237 163.5
3280 0.000817418703786243 164
3290 0.0008175218404311203 164.5
3300 0.0008176589052845093 165
3310 0.0008178313581317819 165.5
3320 0.0008180413290861031 166
3330 0.000818283638054531 166.5
3340 0.0008185496874149457 167
3350 0.0008188303853278824 167.5
3360 0.0008191154415647533 168
3370 0.0008193928253392332 168.5
3380 0.0008196521283415027 169
3390 0.0008198843316879211 169.5
3400 0.0008200853377558677 170
3410 0.0008202534026257865 170.5
3420 0.0008203885182613611 171
3430 0.0008204917124968499 171.5
3440 0.000820560657151684 172
3450 0.0008205960660651105 172.5
3460 0.0008206037408312606 173
3470 0.0008205993057207677 173.5
3480 0.0008205914859280571 174
3490 0.0008205803355897449 174.5
3500 0.0008205606304282754 175
3510 0.0008205251993051409 175.5
3520 0.0008204732914355109 176
3530 0.0008204047918545299 176.5
3540 0.0008203201597200749 177
3550 0.0008202280347976381 177.5
3560 0.0008201420269105968 178
3570 0.0008200700166439832 178.5
3580 0.0008200128011226842 179
3590 0.0008199712060058242 179.5
3600 0.0008199459490163897 180
3610 0.0008199349664542171 180.5
3620 0.000819934676704853 181
3630 0.0008199426058113599 181.5
3640 0.0008199587769212019 182
3650 0.000819984059751371 182.5
3660 0.0008200194477012009 183
3670 0.0008200625063135344 183.5
3680 0.0008201082498419531 184
3690 0.0008201481531699664 184.5
3700 0.0008201728728354007 185
3710 0.0008201761271228196 185.5
3720 0.0008201576497642385 186
3730 0.0008201217885804602 186.5
3740 0.0008200739286838873 187
3750 0.0008200180052508865 187.5
3760 0.0008199666833206167 188
3770 0.0008199300469129545 188.5
3780 0.0008199026426815238 189
3790 0.0008198803812071284 189.5
3800 0.0008198711257036602 190
3810 0.0008198803178168103 190.5
3820 0.0008199082691155212 191
3830 0.0008199602744801451 191.5
3840 0.0008200442411435718 192
3850 0.0008201618593012369 192.5
3860 0.0008203106217152124 193
3870 0.0008204863011586182 193.5
3880 0.0008206868227638064 194
3890 0.0008209066487270189 194.5
3900 0.0008211369812656052 195
3910 0.000821368915168594 195.5
3920 0.0008215980750182428 196
3930 0.0008218218135581509 196.5
3940 0.0008220386664918941 197
3950 0.0008222397014197498 197.5
3960 0.0008224114910231005 198
3970 0.0008225389844681147 198.5
3980 0.0008226098382832527 199
3990 0.0008226182061366606 199.5
4000 0.0008225638270100149 200
4010 0.0008224558778596094 200.5
4020 0.0008223153726329003 201
4030 0.0008221627739408154 201.5
4040 0.0008220116419510959 202
4050 0.0008218700024853332 202.5
4060 0.0008217431195601675 203
4070 0.0008216341028325917 203.5
4080 0.0008215493392691271 204
4090 0.0008214970710088929 204.5
4100 0.0008214871107986582 205
4110 0.0008215256850339649 205.5
4120 0.0008216080001952283 206
4130 0.0008217256123037131 206.5
4140 0.0008218652545348027 207
4150 0.0008220128550282354 207.5
4160 0.000822155907204693 208
4170 0.0008222874471277174 208.5
4180 0.0008224027651917795 209
4190 0.0008225042938469068 209.5
4200 0.0008225954651052842 210
4210 0.0008226762922491272 210.5
4220 0.0008227432717055449 211
4230 0.0008227910702787275 211.5
4240 0.0008228138463244388 212
4250 0.0008228085152037893 212.5
4260 0.0008227746449302519 213
4270 0.0008227165598828261 213.5
4280 0.0008226320021166336 214
4290 0.0008225227205029909 214.5
4300 0.0008223962918144003 215
4310 0.0008222583443298107 215.5
4320 0.0008221047090997627 216
4330 0.0008219309276827411 216.5
4340 0.0008217369540838572 217
4350 0.000821525662391944 217.5
4360 0.0008212970971964322 218
4370 0.0008210510016075852 218.5
4380 0.0008207901459378331 219
4390 0.0008205230111466124 219.5
4400 0.0008202589621041242 220
4410 0.0008200084052338082 220.5
4420 0.0008197827470353925 221
4430 0.0008195890963721527 221.5
4440 0.0008194250371130732 222
4450 0.0008192794567936977 222.5
4460 0.0008191404922979908 223
4470 0.000818999860457153 223.5
4480 0.0008188565964476889 224
4490 0.0008187142728551474 224.5
4500 0.000818569592818801 225
4510 0.0008184127360424738 225.5
4520 0.0008182416923984804 226
4530 0.0008180644433437034 226.5
4540 0.0008178923852947963 227
4550 0.0008177329425326518 227.5
4560 0.0008175875233247701 228
4570 0.0008174566260133007 228.5
4580 0.0008173360266165085 229
4590 0.0008172220799772248 229.5
4600 0.0008171167716162762 230
4610 0.0008170241194678754 230.5
4620 0.000816943015411798 231
4630 0.000816871228087091 231.5
4640 0.0008168020903836268 232
4650 0.000816729477255657 232.5
4660 0.0008166504927635364 233
4670 0.0008165611311066904 233.5
4680 0.0008164552590717807 234
4690 0.0008163303861313155 234.5
4700 0.0008161864539407632 235
4710 0.0008160234317222785 235.5
4720 0.0008158423498869108 236
4730 0.0008156446231465109 236.5
4740 0.0008154334796767994 237
4750 0.0008152129346035599 237.5
4760 0.0008149888256605309 238
4770 0.0008147681190528559 238.5
4780 0.0008145566306694722 239
4790 0.0008143569434066149 239.5
4800 0.000814168310174755 240
4810 0.0008139895958034758 240.5
4820 0.0008138178558633674 241
4830 0.0008136552492524046 241.5
4840 0.0008135060132827614 242
4850 0.0008133691132055921 242.5
4860 0.0008132446553454027 243
4870 0.0008131322644098751 243.5
4880 0.000813028743228409 244
4890 0.0008129300817329206 244.5
4900 0.000812831378596432 245
4910 0.0008127290516261309 245.5
4920 0.0008126238803152954 246
4930 0.0008125214182858066 246.5
4940 0.000812425393353958 247
4950 0.0008123407178937324 247.5
4960 0.0008122692100090671 248
4970 0.0008122091704231185 248.5
4980 0.0008121568802822458 249
4990 0.0008121081548953735 249.5
5000 0.000812059713209912 250
