0 0 0
0 0 0
10 0.08043808006593101 0.5
20 0.0907124471645569 1
30 0.09185348622245859 1.5
40 0.09197554875856814 2
50 0.09199634664229699 2.5
60 0.09199945193790615 3
70 0.09203074122442741 3.5
80 0.09204932921932821 4
90 0.09208733283944583 4.5
100 0.09211419641588969 5
110 0.09212741698599693 5.5
120 0.09213704165591513 6
130 0.09213774537642117 6.5
140 0.09211939271013381 7
150 0.09207706930732629 7.5
160 0.09202564157112922 8
170 0.09200746487423987 8.5
180 0.09201107550338053 9
190 0.09201936477156165 9.5
200 0.092057556271555 10
210 0.09206485631442501 10.5
220 0.09205990105850421 11
230 0.09205807558674096 11.5
240 0.09207819083833109 12
250 0.09209657715550805 12.5
260 0.09211533498109822 13
270 0.09213885356710831 13.5
280 0.09217069364020103 14
290 0.09219178917760316 14.5
300 0.0921522614150415 15
310 0.09204022260426258 15.5
320 0.09202140115135111 16
330 0.09201728933425536 16.5
340 0.09203996101634228 17
350 0.09205785236624019 17.5
360 0.09206109780261781 18
370 0.0920622535615523 18.5
380 0.09205692202459299 19
390 0.09202250443448698 19.5
400 0.09202844531091711 20
410 0.09203802023768723 20.5
420 0.09204007706862895 21
430 0.09203566058682847 21.5
440 0.09201249807802744 22
450 0.09202442987733261 22.5
460 0.09203782221644047 23
470 0.09204703267346979 23.5
480 0.09204706787684613 24
490 0.09203952456588184 24.5
500 0.09203032068417175 25
510 0.09202246857520535 25.5
520 0.0920171235223093 26
530 0.09201363776288513 26.5
540 0.09201140386490948 27
550 0.09201016016596981 27.5
560 0.09200960099465447 28
570 0.09200942804810822 28.5
580 0.09200941397567865 29
590 0.09200948533680257 29.5
600 0.09200971102757666 30
610 0.09203313060488418 30.5
620 0.09205863547943446 31
630 0.0920765711054195 31.5
640 0.09208683007692667 32
650 0.09208954649759166 32.5
660 0.09209045911601466 33
670 0.09209538960209825 33.5
680 0.09210277102346789 34
690 0.09210876023597468 34.5
700 0.09212277630765887 35
710 0.09213164096889045 35.5
720 0.09213730770030393 36
730 0.09214529352679836 36.5
740 0.09215987727979856 37
750 0.09218109050623707 37.5
760 0.09220433576260095 38
770 0.09222437749845762 38.5
780 0.09223605402103317 39
790 0.09223923407056335 39.5
800 0.09223432353182993 40
810 0.09222398325950139 40.5
820 0.09221310332358888 41
830 0.09220540951233258 41.5
840 0.09220380555809467 42
850 0.09221163797905602 42.5
860 0.09223346267917593 43
870 0.09226661937593597 43.5
880 0.09230072913278652 44
890 0.09232438940255487 44.5
900 0.09233162127200475 45
910 0.09232248422907879 45.5
920 0.09230864709225167 46
930 0.09230144208168642 46.5
940 0.092303297527869 47
950 0.09231228142432577 47.5
960 0.09232589635723291 48
970 0.09234219660267425 48.5
980 0.09236017255472406 49
990 0.09237731170312968 49.5
1000 0.09238927708823683 50
1010 0.09239149267337238 50.5
1020 0.09238089382458207 51
1030 0.09235856161719042 51.5
1040 0.092328054640763 52
1050 0.0922901451096646 52.5
1060 0.09224457452455861 53
1070 0.09220576959557621 53.5
1080 0.09217881321388635 54
1090 0.09216000745266713 54.5
1100 0.09214704107238597 55
1110 0.09214019277279668 55.5
1120 0.09213759940181827 56
1130 0.0921357511566465 56.5
1140 0.0921308790863445 57
1150 0.09212327420217724 57.5
1160 0.09211579183031116 58
1170 0.09211021641028201 58.5
1180 0.09210737994715983 59
1190 0.09210670372010052 59.5
1200 0.09210686748097761 60
1210 0.09210712104690394 60.5
1220 0.09210772379611386 61
1230 0.09210890799828721 61.5
1240 0.09211096678510156 62
1250 0.09211434393436625 62.5
1260 0.09211795042757943 63
1270 0.09212166777146767 63.5
1280 0.09212609743160199 64
1290 0.09213436146939141 64.5
1300 0.09215008024108207 65
1310 0.0921744550647474 65.5
1320 0.09221047227805265 66
1330 0.09226016023810235 66.5
1340 0.09232254915694393 67
1350 0.09239175152083043 67.5
1360 0.0924549411907945 68
1370 0.09250484894030135 68.5
1380 0.09253926846817243 69
1390 0.09255898357201775 69.5
1400 0.09256471820986951 70
1410 0.09255618123270501 70.5
1420 0.09253658082144674 71
1430 0.09251293280572909 71.5
1440 0.09248872361614813 72
1450 0.09246250735571136 72.5
1460 0.09243391866947587 73
1470 0.09240805202126134 73.5
1480 0.09238930118205237 74
1490 0.09237626995511986 74.5
1500 0.09236581094472232 75
1510 0.09235489146520036 75.5
1520 0.09233746718414505 76
1530 0.09230061059137676 76.5
1540 0.09224416946986291 77
1550 0.09218610137933304 77.5
1560 0.09214511222767829 78
1570 0.09212169324159059 78.5
1580 0.09210937779446254 79
1590 0.09210352836446317 79.5
1600 0.09210168721638465 80
1610 0.09210253600479468 80.5
1620 0.09210524701286495 81
1630 0.09210935419733371 81.5
1640 0.09211470445752905 82
1650 0.09212096228616004 82.5
1660 0.09212778211024661 83
1670 0.0921345339392514 83.5
1680 0.09214157631880646 84
1690 0.09214573171508203 84.5
1700 0.09214807132129176 85
1710 0.09214945579148125 85.5
1720 0.09215216108741439 86
1730 0.09216057938091612 86.5
1740 0.09217429139509144 87
1750 0.09219067137544701 87.5
1760 0.09220711103275252 88
1770 0.09222339747461346 88.5
1780 0.09224069943108495 89
1790 0.09226189063412442 89.5
1800 0.09229107276212349 90
1810 0.09232498912674555 90.5
1820 0.09236130604429989 91
1830 0.09239373969655117 91.5
1840 0.09241840778044533 92
1850 0.09243438499967749 92.5
1860 0.09244243474842591 93
1870 0.09244493124909688 93.5
1880 0.0924438533473827 94
1890 0.09244233997116728 94.5
1900 0.0924453061127524 95
1910 0.09245339845304028 95.5
1920 0.09246294885514555 96
1930 0.09246872581533215 96.5
1940 0.09246774016296652 97
1950 0.09245958071553895 97.5
1960 0.09244424769835519 98
1970 0.09242417884919377 98.5
1980 0.09240586128962527 99
1990 0.09239021601592172 99.5
2000 0.09237350506978512 100
2010 0.09234513717892789 100.5
2020 0.09229925595781116 101
2030 0.09224586931039681 101.5
2040 0.09219538819605136 102
2050 0.09215803191400657 102.5
2060 0.09213455455975261 103
2070 0.09212185917904842 103.5
2080 0.09211495438589701 104
2090 0.0921114216747749 104.5
2100 0.09211011932069453 105
2110 0.09211020012109178 105.5
2120 0.09211089287701674 106
2130 0.09211109110985008 106.5
2140 0.09211128563338042 107
2150 0.09211426997283551 107.5
2160 0.09212092055037238 108
2170 0.09213069706867105 108.5
2180 0.09213954072160663 109
2190 0.09214445610278177 109.5
2200 0.09215027030023487 110
2210 0.09215847095432023 110.5
2220 0.09215728488998813 111
2230 0.09215029858052923 111.5
2240 0.09215142760753844 112
2250 0.09216992630359876 112.5
2260 0.09220461461923815 113
2270 0.09224772706296049 113.5
2280 0.09229543430774328 114
2290 0.09232262825917373 114.5
2300 0.09230866986670473 115
2310 0.09226702797439534 115.5
2320 0.09222444076372834 116
2330 0.09219067970321006 116.5
2340 0.09215686559058875 117
2350 0.09210008280318061 117.5
2360 0.09203683280540599 118
2370 0.09204157949838185 118.5
2380 0.09204708558399323 119
2390 0.09205067495078494 119.5
2400 0.09204803165534772 120
2410 0.09204302739746102 120.5
2420 0.09204292552742897 121
2430 0.09204281616431127 121.5
2440 0.09204293230196221 122
2450 0.09204243880910473 122.5
2460 0.09204012782023313 123
2470 0.09203616697765492 123.5
2480 0.09203191589895454 124
2490 0.09202788135715521 124.5
2500 0.09202423848104127 125
2510 0.09204216723490884 125.5
2520 0.09209386486533017 126
2530 0.09215133871765224 126.5
2540 0.09220570323284706 127
2550 0.09225243643976325 127.5
2560 0.09229109181957702 128
2570 0.09232309297063836 128.5
2580 0.0923502536008604 129
2590 0.09237196903799602 129.5
2600 0.09238791294118159 130
2610 0.09240028250092094 130.5
2620 0.0924091249882347 131
2630 0.0924124178999494 131.5
2640 0.09241061143677277 132
2650 0.09240721201290082 132.5
2660 0.09240845464474355 133
2670 0.09241623693873638 133.5
2680 0.09242476621634589 134
2690 0.09242412891181148 134.5
2700 0.09240785365507702 135
2710 0.09237862925347938 135.5
2720 0.09234778845384196 136
2730 0.09232648838552192 136.5
2740 0.09232133855653965 137
2750 0.09232877176199873 137.5
2760 0.09234063642190275 138
2770 0.09235496359822687 138.5
2780 0.09236729638127518 139
2790 0.0923687188340258 139.5
2800 0.09236255525556786 140
2810 0.09236266142841285 140.5
2820 0.09237433399434977 141
2830 0.09240401994744556 141.5
2840 0.09244370633016617 142
2850 0.092466354110024 142.5
2860 0.09246304758163487 143
2870 0.09243933664279649 143.5
2880 0.09241926785599298 144
2890 0.09242046778223097 144.5
2900 0.09242605391135308 145
2910 0.0924150260092907 145.5
2920 0.0923784837835252 146
2930 0.09232552773778875 146.5
2940 0.0922669573702538 147
2950 0.09220793802203543 147.5
2960 0.09217139407382965 148
2970 0.09215878571776688 148.5
2980 0.09215201286104469 149
2990 0.09214262279739979 149.5
3000 0.09213227853864873 150
3010 0.09212758313418874 150.5
3020 0.09212896166457828 151
3030 0.09213278760223684 151.5
3040 0.09213555155901768 152
3050 0.09213821373614769 152.5
3060 0.09214273525847934 153
3070 0.09215174101335034 153.5
3080 0.09216654127902517 154
3090 0.09218481977796321 154.5
3100 0.09220241309960536 155
3110 0.09221595469808927 155.5
3120 0.09222484786444828 156
3130 0.09223007306195548 156.5
3140 0.09223260336254802 157
3150 0.09223487656751299 157.5
3160 0.09223854017532859 158
3170 0.09224189102917008 158.5
3180 0.09224256216334374 159
3190 0.09224042654242445 159.5
3200 0.09223749653060109 160
3210 0.09223443630380455 160.5
3220 0.09222938595050419 161
3230 0.09222178867776476 161.5
3240 0.0922139671165311 162
3250 0.09220826610886147 162.5
3260 0.09220504942599222 163
3270 0.09220374317010546 163.5
3280 0.09220351130377163 164
3290 0.09220362565204383 164.5
3300 0.09220361281534054 165
3310 0.09220267043438791 165.5
3320 0.09219960500368897 166
3330 0.09219448427466732 166.5
3340 0.09218918099364599 167
3350 0.09218616544393443 167.5
3360 0.09218687764677273 168
3370 0.09219188776187122 168.5
3380 0.09220215696401104 169
3390 0.09221747353282528 169.5
3400 0.09223584275949737 170
3410 0.09225497283606143 170.5
3420 0.09227367604362365 171
3430 0.09229147257710503 171.5
3440 0.09230772021814905 172
3450 0.09232158773641289 172.5
3460 0.09233226153546743 173
3470 0.09233971540411577 173.5
3480 0.09234500154167354 174
3490 0.09234841781862112 174.5
3500 0.09234978804755735 175
3510 0.09235004978272188 175.5
3520 0.09234989107485414 176
3530 0.09234904109654822 176.5
3540 0.0923490666948043 177
3550 0.09235142740261609 177.5
3560 0.09235571763558061 178
3570 0.09236183645194312 178.5
3580 0.09236913509063242 179
3590 0.09237777299650209 179.5
3600 0.09238690032327387 180
3610 0.09239443888051324 180.5
3620 0.09239844279685998 181
3630 0.09239911337537778 181.5
3640 0.09240130603466087 182
3650 0.09241101604147395 182.5
3660 0.09242689974420712 183
3670 0.09244200232212406 183.5
3680 0.09244790829911038 184
3690 0.09243832959877243 184.5
3700 0.09241611887810366 185
3710 0.09239135042704075 185.5
3720 0.09237252883787457 186
3730 0.09235929531137085 186.5
3740 0.09234639462193742 187
3750 0.09232816135765119 187.5
3760 0.09230616586102502 188
3770 0.09228747954042944 188.5
3780 0.09227299891507129 189
3790 0.09226049971273549 189.5
3800 0.09224982838334642 190
3810 0.09224207000204085 190.5
3820 0.09223744989787759 191
3830 0.09223291222835503 191.5
3840 0.09222704646461462 192
3850 0.09222418012830984 192.5
3860 0.09222681735496181 193
3870 0.09223347239446407 193.5
3880 0.09224037452637837 194
3890 0.0922446918505589 194.5
3900 0.09224551868454126 195
3910 0.09224361219310642 195.5
3920 0.09224294106046206 196
3930 0.09224687952765412 196.5
3940 0.09225349071730958 197
3950 0.09225797202105575 197.5
3960 0.09225838080452833 198
3970 0.09225670157086469 198.5
3980 0.09225568820415038 199
3990 0.09225595220656682 199.5
4000 0.09225975132542294 200
4010 0.09226861694135197 200.5
4020 0.0922815071528157 201
4030 0.0922967378357131 201.5
4040 0.09231286107986521 202
4050 0.09232844822207283 202.5
4060 0.0923396088169172 203
4070 0.09234087992453467 203.5
4080 0.09233027849662874 204
4090 0.09231571947622429 204.5
4100 0.09230711529694577 205
4110 0.09230639068514665 205.5
4120 0.0923082672911064 206
4130 0.0923044170535689 206.5
4140 0.09229944653635042 207
4150 0.09229884352209702 207.5
4160 0.09229735261713602 208
4170 0.09228927053619537 208.5
4180 0.09227631793903933 209
4190 0.09226406255835481 209.5
4200 0.09225531955281906 210
4210 0.09225083137450822 210.5
4220 0.09224929434050541 211
4230 0.09225027336243162 211.5
4240 0.09225406760346011 212
4250 0.0922582000282743 212.5
4260 0.09225931407866803 213
4270 0.09225579161499019 213.5
4280 0.09224899226206811 214
4290 0.09224261620105761 214.5
4300 0.09224117040841917 215
4310 0.09224480088263239 215.5
4320 0.09224985948447563 216
4330 0.0922545975913758 216.5
4340 0.09225989001251143 217
4350 0.09226521464446978 217.5
4360 0.09226818598876063 218
4370 0.09226746772761291 218.5
4380 0.09226441108561304 219
4390 0.09226150180073181 219.5
4400 0.09226030537224081 220
4410 0.09226118873971932 220.5
4420 0.09226375270120049 221
4430 0.09226695628111213 221.5
4440 0.09226984661826201 222
4450 0.09227172108798432 222.5
4460 0.09227196672988383 223
4470 0.09226952518677101 223.5
4480 0.09226482000753153 224
4490 0.09225953448099027 224.5
4500 0.09225574749600933 225
4510 0.09225491882051218 225.5
4520 0.09225711242136402 226
4530 0.09226078946333799 226.5
4540 0.09226395066818595 227
4550 0.09226565892635202 227.5
4560 0.0922653307781244 228
4570 0.09226287225826169 228.5
4580 0.09226066484941363 229
4590 0.09226225418766593 229.5
4600 0.09227002020930938 230
4610 0.09228257152781806 230.5
4620 0.09229633370266911 231
4630 0.09230885944856003 231.5
4640 0.09231834232487393 232
4650 0.09232251988670308 232.5
4660 0.09231957196622011 233
4670 0.09231207242892973 233.5
4680 0.09230517815016298 234
4690 0.09230154512468311 234.5
4700 0.09230032259543954 235
4710 0.09230115010365211 235.5
4720 0.09230419204603205 236
4730 0.09230847143743261 236.5
4740 0.09231277492698277 237
4750 0.09231495894443238 237.5
4760 0.09231235237981103 238
4770 0.09230669126403976 238.5
4780 0.09230343476727704 239
4790 0.0923046184157631 239.5
4800 0.09230871108273113 240
4810 0.09231522150027234 240.5
4820 0.09232280853564709 241
4830 0.09232861199349844 241.5
4840 0.09233104130839975 242
4850 0.09232847880828042 242.5
4860 0.09232064426739499 243
4870 0.09231049255961717 243.5
4880 0.09230150375513906 244
4890 0.09229525644508728 244.5
4900 0.09229249109974166 245
4910 0.09229391731819299 245.5
4920 0.09229866505700605 246
4930 0.09230484863513926 246.5
4940 0.09230978664960265 247
4950 0.09230954582489195 247.5
4960 0.09230335628721437 248
4970 0.09229551477291704 248.5
4980 0.09229202401311359 249
4990 0.09229378408465239 249.5
5000 0.09229867329102825 250
