0 0.1112300232052803 0
10 0.1137257218360901 0.5
20 0.1132770106196404 1
30 0.1131013482809067 1.5
40 0.1131761893630028 2
50 0.1133304461836815 2.5
60 0.1133379340171814 3
70 0.1129908636212349 3.5
80 0.1125834360718727 4
90 0.1122607514262199 4.5
100 0.1119449362158775 5
110 0.1115522384643555 5.5
120 0.1113146468997002 6
130 0.1114120632410049 6.5
140 0.111503005027771 7
150 0.1116008087992668 7.5
160 0.1117793694138527 8
170 0.1122788265347481 8.5
180 0.11289431899786 9
190 0.1138226091861725 9.5
200 0.1145831570029259 10
210 0.115189902484417 10.5
220 0.1158718392252922 11
230 0.1166705563664436 11.5
240 0.1176426559686661 12
250 0.1188730672001839 12.5
260 0.1203509941697121 13
270 0.121915876865387 13.5
280 0.1235033571720123 14
290 0.1246595457196236 14.5
300 0.1253514736890793 15
310 0.1254105865955353 15.5
320 0.1248433589935303 16
330 0.124017022550106 16.5
340 0.1230907440185547 17
350 0.1222663372755051 17.5
360 0.1217319220304489 18
370 0.1216252148151398 18.5
380 0.1218317598104477 19
390 0.1221208125352859 19.5
400 0.1222501397132874 20
410 0.1221025660634041 20.5
420 0.1213228702545166 21
430 0.1196369752287865 21.5
440 0.1178571283817291 22
450 0.1165298894047737 22.5
460 0.1162835583090782 23
470 0.1167419850826263 23.5
480 0.1173516511917114 24
490 0.1179667785763741 24.5
500 0.11860241740942 25
510 0.118679478764534 25.5
520 0.1186479404568672 26
530 0.1187656074762344 26.5
540 0.1191498339176178 27
550 0.1196777075529099 27.5
560 0.1202611699700356 28
570 0.1208994686603546 28.5
580 0.1214515045285225 29
590 0.1218981146812439 29.5
600 0.1222158968448639 30
610 0.1224372833967209 30.5
620 0.1224800795316696 31
630 0.1225025653839111 31.5
640 0.1223724856972694 32
650 0.1219655647873878 32.5
660 0.1212369278073311 33
670 0.1204970926046371 33.5
680 0.1198552772402763 34
690 0.119497112929821 34.5
700 0.1193335577845573 35
710 0.1194112077355385 35.5
720 0.1194422021508217 36
730 0.1195292547345161 36.5
740 0.1196384429931641 37
750 0.1199013367295265 37.5
760 0.1204214468598366 38
770 0.1211722120642662 38.5
780 0.1220277771353722 39
790 0.1227191165089607 39.5
800 0.1231953650712967 40
810 0.1232787743210793 40.5
820 0.122892789542675 41
830 0.1217511668801308 41.5
840 0.1199760958552361 42
850 0.1178295761346817 42.5
860 0.115634486079216 43
870 0.1138488724827766 43.5
880 0.1126521825790405 44
890 0.1122743040323257 44.5
900 0.1123910993337631 45
910 0.1127618029713631 45.5
920 0.1130203306674957 46
930 0.1130420044064522 46.5
940 0.112944558262825 47
950 0.1129444092512131 47.5
960 0.1133642196655273 48
970 0.1141515895724297 48.5
980 0.1151184067130089 49
990 0.1160313710570335 49.5
1000 0.1167164668440819 50
1010 0.1170983016490936 50.5
1020 0.1160858348011971 51
1030 0.1144170537590981 51.5
1040 0.1134637221693993 52
1050 0.1122851669788361 52.5
1060 0.1109859943389893 53
1070 0.1096181720495224 53.5
1080 0.1082164570689201 54
1090 0.1070098280906677 54.5
1100 0.1058161780238152 55
1110 0.1050737276673317 55.5
1120 0.1050152778625488 56
1130 0.1058717519044876 56.5
1140 0.1066472306847572 57
1150 0.1071734875440598 57.5
1160 0.1078266054391861 58
1170 0.1088554412126541 58.5
1180 0.1102325469255447 59
1190 0.1120800599455833 59.5
1200 0.1141729950904846 60
1210 0.1162782162427902 60.5
1220 0.118322066962719 61
1230 0.1201188787817955 61.5
1240 0.1212494596838951 62
1250 0.121415764093399 62.5
1260 0.1207656934857368 63
1270 0.1194743514060974 63.5
1280 0.1177725568413734 64
1290 0.1159955188632011 64.5
1300 0.1143600344657898 65
1310 0.1132015809416771 65.5
1320 0.112474337220192 66
1330 0.1118213534355164 66.5
1340 0.1111401468515396 67
1350 0.1107216253876686 67.5
1360 0.1106069684028625 68
1370 0.1109462901949883 68.5
1380 0.1119659543037415 69
1390 0.1132189333438873 69.5
1400 0.1143486723303795 70
1410 0.1148711815476418 70.5
1420 0.1147679537534714 71
1430 0.1141209825873375 71.5
1440 0.1131667569279671 72
1450 0.1098371222615242 72.5
1460 0.1091741323471069 73
1470 0.1091262698173523 73.5
1480 0.1092874109745026 74
1490 0.109534814953804 74.5
1500 0.110037662088871 75
1510 0.1108975484967232 75.5
1520 0.1122302189469337 76
1530 0.1147184669971466 76.5
1540 0.1179554015398026 77
1550 0.1201837882399559 77.5
1560 0.1215388104319572 78
1570 0.1219929084181786 78.5
1580 0.1217916682362556 79
1590 0.1211690530180931 79.5
1600 0.1203370541334152 80
1610 0.1197661310434341 80.5
1620 0.1200026050209999 81
1630 0.1210966855287552 81.5
1640 0.1240474209189415 82
1650 0.1282989978790283 82.5
1660 0.1350373774766922 83
1670 0.1434988528490067 83.5
1680 0.1460669636726379 84
1690 0.1388490796089172 84.5
1700 0.1350606828927994 85
1710 0.1313267052173615 85.5
1720 0.1279567331075668 86
1730 0.1254522651433945 86.5
1740 0.1238097995519638 87
1750 0.1218317225575447 87.5
1760 0.1205799430608749 88
1770 0.1182760447263718 88.5
1780 0.1152662262320518 89
1790 0.1129638999700546 89.5
1800 0.1117382720112801 90
1810 0.1087474673986435 90.5
1820 0.1090923398733139 91
1830 0.1095231622457504 91.5
1840 0.1101510226726532 92
1850 0.1107784435153008 92.5
1860 0.1112270727753639 93
1870 0.1115243136882782 93.5
1880 0.1118078455328941 94
1890 0.1122142374515533 94.5
1900 0.1128345429897308 95
1910 0.1136746108531952 95.5
1920 0.1147431433200836 96
1930 0.1161585971713066 96.5
1940 0.1179648190736771 97
1950 0.1200108602643013 97.5
1960 0.1220315173268318 98
1970 0.1238684803247452 98.5
1980 0.1253123432397842 99
1990 0.126519501209259 99.5
2000 0.1274373084306717 100
2010 0.1284585744142532 100.5
2020 0.1308143734931946 101
2030 0.1324082911014557 101.5
2040 0.132470890879631 102
2050 0.1327052265405655 102.5
2060 0.1331701725721359 103
2070 0.1334165185689926 103.5
2080 0.1329944282770157 104
2090 0.1319068670272827 104.5
2100 0.1306201815605164 105
2110 0.1291115283966064 105.5
2120 0.1274023652076721 106
2130 0.1257811486721039 106.5
2140 0.123790055513382 107
2150 0.1214343011379242 107.5
2160 0.118975967168808 108
2170 0.1166238412261009 108.5
2180 0.1129914820194244 109
2190 0.1105803996324539 109.5
2200 0.1090032830834389 110
2210 0.1088487952947617 110.5
2220 0.1093358024954796 111
2230 0.1099928617477417 111.5
2240 0.1114026755094528 112
2250 0.1132896542549133 112.5
2260 0.1144796535372734 113
2270 0.1150389611721039 113.5
2280 0.115504652261734 114
2290 0.1158838495612144 114.5
2300 0.1160803064703941 115
2310 0.1162739992141724 115.5
2320 0.1164017245173454 116
2330 0.1165500730276108 116.5
2340 0.116643451154232 117
2350 0.116633266210556 117.5
2360 0.116436667740345 118
2370 0.1161871328949928 118.5
2380 0.1159895434975624 119
2390 0.1160948127508163 119.5
2400 0.1167864426970482 120
2410 0.118091031908989 120.5
2420 0.1195163875818253 121
2430 0.1209466606378555 121.5
2440 0.122203640639782 122
2450 0.123367540538311 122.5
2460 0.1243658736348152 123
2470 0.125388503074646 123.5
2480 0.1265369057655334 124
2490 0.1276311725378036 124.5
2500 0.128452330827713 125
2510 0.1291406154632568 125.5
2520 0.1293308436870575 126
2530 0.1290616393089294 126.5
2540 0.1289500296115875 127
2550 0.1284696608781815 127.5
2560 0.1272880434989929 128
2570 0.124821163713932 128.5
2580 0.1218120381236076 129
2590 0.1189440786838531 129.5
2600 0.1161998584866524 130
2610 0.1134944930672646 130.5
2620 0.1114403828978539 131
2630 0.1099907830357552 131.5
2640 0.1090730279684067 132
2650 0.108111634850502 132.5
2660 0.1082431077957153 133
2670 0.1085285693407059 133.5
2680 0.1087296530604362 134
2690 0.1091867089271545 134.5
2700 0.1100518405437469 135
2710 0.1110236123204231 135.5
2720 0.1118094995617867 136
2730 0.1122756004333496 136.5
2740 0.1125662699341774 137
2750 0.1126811280846596 137.5
2760 0.1127972975373268 138
2770 0.113025538623333 138.5
2780 0.1132857277989388 139
2790 0.113790437579155 139.5
2800 0.1149190664291382 140
2810 0.1163065582513809 140.5
2820 0.1179490461945534 141
2830 0.1196087896823883 141.5
2840 0.12092375010252 142
2850 0.1218358874320984 142.5
2860 0.1218346953392029 143
2870 0.1210539564490318 143.5
2880 0.1195226684212685 144
2890 0.1195847243070602 144.5
2900 0.1187137290835381 145
2910 0.1169785410165787 145.5
2920 0.1149476245045662 146
2930 0.1128606051206589 146.5
2940 0.1112254485487938 147
2950 0.1102122068405151 147.5
2960 0.1100148484110832 148
2970 0.1106716617941856 148.5
2980 0.112567663192749 149
2990 0.115377701818943 149.5
3000 0.1173103153705597 150
3010 0.1202888637781143 150.5
3020 0.1291674077510834 151
3030 0.133323073387146 151.5
3040 0.1364995837211609 152
3050 0.1370735168457031 152.5
3060 0.1348191499710083 153
3070 0.1302677989006042 153.5
3080 0.127032682299614 154
3090 0.1252421885728836 154.5
3100 0.1244688257575035 155
3110 0.1239004284143448 155.5
3120 0.1228002235293388 156
3130 0.1211767867207527 156.5
3140 0.1197999268770218 157
3150 0.1182668656110764 157.5
3160 0.1150197982788086 158
3170 0.112069845199585 158.5
3180 0.1109500527381897 159
3190 0.1101716756820679 159.5
3200 0.1098108813166618 160
3210 0.1097554191946983 160.5
3220 0.1098593324422836 161
3230 0.1100928634405136 161.5
3240 0.1103820726275444 162
3250 0.110800676047802 162.5
3260 0.1114362478256226 163
3270 0.1121607199311256 163.5
3280 0.1129919365048409 164
3290 0.1136935576796532 164.5
3300 0.1143999174237251 165
3310 0.1149424612522125 165.5
3320 0.1151793375611305 166
3330 0.1151332184672356 166.5
3340 0.1147962808609009 167
3350 0.114061251282692 167.5
3360 0.113114595413208 168
3370 0.112165167927742 168.5
3380 0.111367255449295 169
3390 0.1104700341820717 169.5
3400 0.1094833761453629 170
3410 0.108491525053978 170.5
3420 0.1077893748879433 171
3430 0.1073063015937805 171.5
3440 0.1071637198328972 172
3450 0.107426218688488 172.5
3460 0.1085818111896515 173
3470 0.10988699644804 173.5
3480 0.1109188124537468 174
3490 0.1118498295545578 174.5
3500 0.1128605306148529 175
3510 0.1138629391789436 175.5
3520 0.1147331371903419 176
3530 0.1153574883937836 176.5
3540 0.1157614141702652 177
3550 0.1158535331487656 177.5
3560 0.1158188432455063 178
3570 0.1157580837607384 178.5
3580 0.1156524494290352 179
3590 0.115672804415226 179.5
3600 0.115832082927227 180
3610 0.1160989627242088 180.5
3620 0.1163984835147858 181
3630 0.1167562007904053 181.5
3640 0.1171338930726051 182
3650 0.1174473315477371 182.5
3660 0.117893248796463 183
3670 0.1182626709342003 183.5
3680 0.1186479330062866 184
3690 0.1188837140798569 184.5
3700 0.1189152896404266 185
3710 0.1188402101397514 185.5
3720 0.1186554282903671 186
3730 0.1184646636247635 186.5
3740 0.1183626055717468 187
3750 0.1181869730353355 187.5
3760 0.1180119588971138 188
3770 0.117794007062912 188.5
3780 0.117634043097496 189
3790 0.1175800859928131 189.5
3800 0.117585189640522 190
3810 0.1174598783254623 190.5
3820 0.117273174226284 191
3830 0.1172987371683121 191.5
3840 0.1174530237913132 192
3850 0.1177089735865593 192.5
3860 0.1181752607226372 193
3870 0.1186611279845238 193.5
3880 0.1191902607679367 194
3890 0.1194969192147255 194.5
3900 0.1193424612283707 195
3910 0.1186531409621239 195.5
3920 0.1173926740884781 196
3930 0.1156918928027153 196.5
3940 0.1141109839081764 197
3950 0.1130217239260674 197.5
3960 0.1125712394714355 198
3970 0.1127007305622101 198.5
3980 0.1133106499910355 199
3990 0.1141000613570213 199.5
4000 0.1152948662638664 200
4010 0.1168693080544472 200.5
4020 0.1187908574938774 201
4030 0.120832197368145 201.5
4040 0.1226362437009811 202
4050 0.1240700855851173 202.5
4060 0.1250430047512054 203
4070 0.1255521476268768 203.5
4080 0.1257332116365433 204
4090 0.1255806386470795 204.5
4100 0.1248359158635139 205
4110 0.123787060379982 205.5
4120 0.1222771927714348 206
4130 0.1210255101323128 206.5
4140 0.1203397288918495 207
4150 0.1195294111967087 207.5
4160 0.1185586750507355 208
4170 0.1177966669201851 208.5
4180 0.1170161440968513 209
4190 0.1161738783121109 209.5
4200 0.1152372881770134 210
4210 0.1129922270774841 210.5
4220 0.1107979044318199 211
4230 0.1099653989076614 211.5
4240 0.1099138483405113 212
4250 0.1106051281094551 212.5
4260 0.1121839135885239 213
4270 0.1149480640888214 213.5
4280 0.1182621568441391 214
4290 0.1213237643241882 214.5
4300 0.1235971972346306 215
4310 0.1240262240171432 215.5
4320 0.1228858754038811 216
4330 0.1204436793923378 216.5
4340 0.1174777895212173 217
4350 0.1147354543209076 217.5
4360 0.1124772280454636 218
4370 0.1107784882187843 218.5
4380 0.1098548918962479 219
4390 0.1095798388123512 219.5
4400 0.1098345369100571 220
4410 0.1106566563248634 220.5
4420 0.1120337918400764 221
4430 0.1132472828030586 221.5
4440 0.1146689504384995 222
4450 0.1166003867983818 222.5
4460 0.1186944246292114 223
4470 0.1201712787151337 223.5
4480 0.1209059432148933 224
4490 0.121267057955265 224.5
4500 0.1208868473768234 225
4510 0.1196540668606758 225.5
4520 0.1180037409067154 226
4530 0.1160088181495667 226.5
4540 0.1142312958836555 227
4550 0.1130660101771355 227.5
4560 0.1127047166228294 228
4570 0.1130345612764359 228.5
4580 0.1140951663255692 229
4590 0.1156884282827377 229.5
4600 0.1176155433058739 230
4610 0.119228683412075 230.5
4620 0.1201695054769516 231
4630 0.1199910640716553 231.5
4640 0.1187758222222328 232
4650 0.1167407333850861 232.5
4660 0.1141286790370941 233
4670 0.1116987392306328 233.5
4680 0.110040619969368 234
4690 0.1091193631291389 234.5
4700 0.1088234484195709 235
4710 0.1090003699064255 235.5
4720 0.1094961389899254 236
4730 0.1103413477540016 236.5
4740 0.111292839050293 237
4750 0.1122314929962158 237.5
4760 0.1129686459898949 238
4770 0.1133537963032722 238.5
4780 0.1133480966091156 239
4790 0.1132800206542015 239.5
4800 0.1132880002260208 240
4810 0.1135322004556656 240.5
4820 0.1139465942978859 241
4830 0.1144907921552658 241.5
4840 0.1150455325841904 242
4850 0.11550073325634 242.5
4860 0.1157592758536339 243
4870 0.1158818304538727 243.5
4880 0.1158320158720016 244
4890 0.1158140301704407 244.5
4900 0.1159266605973244 245
4910 0.1159288957715034 245.5
4920 0.1159970089793205 246
4930 0.116231843829155 246.5
4940 0.1165787875652313 247
4950 0.1169207394123077 247.5
4960 0.1172721907496452 248
4970 0.1175719127058983 248.5
4980 0.1178099364042282 249
4990 0.1180917248129845 249.5
5000 0.1184615418314934 250
