0 0 0
10 1.707603093122233e-41 0.5
20 4.575665058628977e-38 1
30 8.22106845085913e-34 1.5
40 3.443932250021688e-31 2
50 1.222116763231272e-26 2.5
60 2.077090062290303e-25 3
70 1.060518575239536e-24 3.5
80 9.247143320722514e-23 4
90 9.404124299982591e-22 4.5
100 3.88406643647182e-19 5
110 6.517811740833968e-17 5.5
120 9.169481211835915e-16 6
130 2.450457419429663e-14 6.5
140 2.991354925678851e-13 7
150 1.834149476092294e-12 7.5
160 1.229507169243205e-11 8
170 8.60036909907731e-11 8.5
180 4.764132576373093e-10 9
190 1.976194147838549e-09 9.5
200 6.198603199662331e-09 10
210 1.494177320754015e-08 10.5
220 2.997208568599447e-08 11
230 5.346340448449953e-08 11.5
240 8.788026623481759e-08 12
250 1.356430862633675e-07 12.5
260 1.977091118497693e-07 13
270 2.719067631253015e-07 13.5
280 3.548628618790263e-07 14
290 4.389317108657742e-07 14.5
300 5.186158470189479e-07 15
310 6.223899122185255e-07 15.5
320 9.044256567846726e-07 16
330 1.778511169879879e-06 16.5
340 3.984786735361261e-06 17
350 9.676700037612828e-06 17.5
360 2.352620842992606e-05 18
370 4.608455348930407e-05 18.5
380 8.18282435502209e-05 19
390 0.0001351535799408593 19.5
400 0.0002056037950586241 20
410 0.0002819471459252051 20.5
420 0.0003363075597418737 21
430 0.0003570351734997579 21.5
440 0.0003302293930513938 22
450 0.0002813770511458147 22.5
460 0.0002427417907820297 23
470 0.0002242962689539774 23.5
480 0.0002220297923492529 24
490 0.0002254349747321411 24.5
500 0.0002300471266059313 25
510 0.0002310802940215513 25.5
520 0.0002299475337817013 26
530 0.0002264964181365286 26.5
540 0.0002238816079920373 27
550 0.0002251027291113423 27.5
560 0.0002302702426404252 28
570 0.0002354456343723917 28.5
580 0.0002406183639188135 29
590 0.0002480507163396096 29.5
600 0.0002570586596725206 30
610 0.0002648964554143253 30.5
620 0.0002696206877783401 31
630 0.0002703422711885626 31.5
640 0.0002670921266559417 32
650 0.0002601202850553506 32.5
660 0.0002520423017801385 33
670 0.0002447422998933276 33.5
680 0.0002382258100308884 34
690 0.0002334058659595908 34.5
700 0.0002317169220401493 35
710 0.0002332266787309657 35.5
720 0.0002370062712453455 36
730 0.0002421231202652982 36.5
740 0.0002472289672897403 37
750 0.0002517835059558374 37.5
760 0.000256063080162272 38
770 0.0002601900706327562 38.5
780 0.0002626596690911099 39
790 0.0002605465448025042 39.5
800 0.00025217705254137 40
810 0.0002370290255920801 40.5
820 0.0002138655876208711 41
830 0.0001867121491332745 41.5
840 0.0001643654074530346 42
850 0.0001551739365358627 42.5
860 0.0001581980009586606 43
870 0.0001626372450725992 43.5
880 0.0001520698726838928 44
890 0.000132747908107802 44.5
900 0.0001155494911150314 45
910 0.0001057558539274099 45.5
920 0.0001015730740676817 46
930 0.0001021885877580639 46.5
940 0.0001079686905226365 47
950 0.0001194396956889908 47.5
960 0.000133151449757703 48
970 0.0001417473419967422 48.5
980 0.000144727441948981 49
990 0.0001426499880946556 49.5
1000 0.000137587267281373 50
1010 0.0001274379611054401 50.5
1020 0.000118782702277684 51
1030 0.000120098965543246 51.5
1040 0.0001373928970010381 52
1050 0.0001737646373517872 52.5
1060 0.0002247641145070878 53
1070 0.0002844098003412537 53.5
1080 0.0003409796519542478 54
1090 0.000385747700048986 54.5
1100 0.0004124553699859898 55
1110 0.0004166778439231433 55.5
1120 0.0004015042526896137 56
1130 0.0003703411227473233 56.5
1140 0.0003290110716537335 57
1150 0.0002780104190176749 57.5
1160 0.0002270461886552048 58
1170 0.0001814925487731176 58.5
1180 0.0001455042607346915 59
1190 0.0001206527404080772 59.5
1200 0.0001051285378424567 60
1210 9.747275861178483e-05 60.5
1220 9.703512023624301e-05 61
1230 0.0001010004161756963 61.5
1240 0.0001062710218112813 62
1250 0.0001087201147407756 62.5
1260 0.0001073258669500874 63
1270 0.0001138214029655945 63.5
1280 0.0001368015560674624 64
1290 0.0001661344352542664 64.5
1300 0.0001676170692034547 65
1310 0.0001446052494325066 65.5
1320 0.0001112948673095765 66
1330 8.478470837115387e-05 66.5
1340 7.220947202226596e-05 67
1350 6.567812370963728e-05 67.5
1360 5.985653283231683e-05 68
1370 5.371301462191695e-05 68.5
1380 4.830523626143281e-05 69
1390 4.334695906625096e-05 69.5
1400 3.902263361750514e-05 70
1410 3.596430396931748e-05 70.5
1420 3.912746142918235e-05 71
1430 5.379629321675646e-05 71.5
1440 8.162792690329272e-05 72
1450 0.0001156857978077916 72.5
1460 0.0001401412353332058 73
1470 0.0001454918170377805 73.5
1480 0.0001386918274010015 74
1490 0.0001326989881545266 74.5
1500 0.000136595164238582 75
1510 0.0001409089344717984 75.5
1520 0.0001418029562965632 76
1530 0.0001391711293473252 76.5
1540 0.0001359563414420179 77
1550 0.0001357300667059466 77.5
1560 0.000143136178178142 78
1570 0.0001605947028914946 78.5
1580 0.0001867680178543287 79
1590 0.0002151319523291754 79.5
1600 0.0002372737911703224 80
1610 0.0002405324167358443 80.5
1620 0.0002208022413471817 81
1630 0.0001868981016331348 81.5
1640 0.000156084469039247 82
1650 0.0001502347812706424 82.5
1660 0.0002198797575956873 83
1670 0.0004923600060573928 83.5
1680 0.001096301106424558 84
1690 0.001947573660623161 84.5
1700 0.00282891304186675 85
1710 0.003605947674270973 85.5
1720 0.004398387849618404 86
1730 0.005284424005836088 86.5
1740 0.006276118576576636 87
1750 0.007331210730161365 87.5
1760 0.00837597451969677 88
1770 0.009314681609410732 88.5
1780 0.01006355197270477 89
1790 0.01054603569627175 89.5
1800 0.01074735669778912 90
1810 0.01062735156748588 90.5
1820 0.01019115140237651 91
1830 0.009559380728621922 91.5
1840 0.008809215004675398 92
1850 0.007961191807250956 92.5
1860 0.007104067635223841 93
1870 0.006354952389526917 93.5
1880 0.005729648799862506 94
1890 0.005123737552125257 94.5
1900 0.004503299073279976 95
1910 0.003912909825866417 95.5
1920 0.003304245799624855 96
1930 0.002743442467677341 96.5
1940 0.002256560687982351 97
1950 0.001825016729443323 97.5
1960 0.00143459153905782 98
1970 0.001102747635642294 98.5
1980 0.0008961171058309797 99
1990 0.0008299335712198051 99.5
2000 0.000874720634240559 100
2010 0.0009952447791701415 100.5
2020 0.001176582103994687 101
2030 0.001405937959346829 101.5
2040 0.001671674403401643 102
2050 0.001965476900129104 102.5
2060 0.002288174061448538 103
2070 0.002652914139611896 103.5
2080 0.003069472447755169 104
2090 0.003532592117642394 104.5
2100 0.004017175361349538 105
2110 0.004491177659292703 105.5
2120 0.004928390234396986 106
2130 0.005303826388573837 106.5
2140 0.005588169801867117 107
2150 0.005758021201671393 107.5
2160 0.005814493368385367 108
2170 0.005772959040887973 108.5
2180 0.005647411517730908 109
2190 0.005442115452041657 109.5
2200 0.005162287129020828 110
2210 0.004790747438779189 110.5
2220 0.004354247962918297 111
2230 0.003877665480615126 111.5
2240 0.003372487337634938 112
2250 0.002869641886651791 112.5
2260 0.002399028261698404 113
2270 0.001985202398554328 113.5
2280 0.001622629335198018 114
2290 0.001317996549553998 114.5
2300 0.001083331468899267 115
2310 0.0009208859421313978 115.5
2320 0.0008047538395764754 116
2330 0.0006964877530666264 116.5
2340 0.0005850709907849164 117
2350 0.0004844496924272949 117.5
2360 0.0004015709748350664 118
2370 0.0003439455770182725 118.5
2380 0.00030676666375561 119
2390 0.0002829171589020954 119.5
2400 0.0002677970419871536 120
2410 0.0002596402079000776 120.5
2420 0.0002559008607351249 121
2430 0.0002527077471224144 121.5
2440 0.0002478606156425573 122
2450 0.0002411430416067872 122.5
2460 0.0002343071936673906 123
2470 0.0002319258635421243 123.5
2480 0.0002429201401441281 124
2490 0.0002790342811189141 124.5
2500 0.0003473527367925196 125
2510 0.000445660766373024 125.5
2520 0.0005594016073132453 126
2530 0.0006812166309495107 126.5
2540 0.0008134321382111424 127
2550 0.0009546920248066693 127.5
2560 0.001111658329146518 128
2570 0.001282863793989479 128.5
2580 0.001452219160649003 129
2590 0.001599675178656531 129.5
2600 0.001698148341337022 130
2610 0.001752212418785884 130.5
2620 0.001780460590343565 131
2630 0.001773624997972761 131.5
2640 0.001739620119977493 132
2650 0.001673014076725585 132.5
2660 0.001584074210121741 133
2670 0.001472717255128984 133.5
2680 0.001339878612023278 134
2690 0.001207909763197523 134.5
2700 0.001064766366167708 135
2710 0.0009119834285093832 135.5
2720 0.0007677044311127138 136
2730 0.0006591647143155025 136.5
2740 0.0006071966643373966 137
2750 0.0006209589736634901 137.5
2760 0.0006910047837639524 138
2770 0.0008052441349085365 138.5
2780 0.000946262423325697 139
2790 0.001091087346930142 139.5
2800 0.001210799157917731 140
2810 0.00128671655251026 140.5
2820 0.001320418802612634 141
2830 0.001306840482151454 141.5
2840 0.001255507066368681 142
2850 0.001198126735297119 142.5
2860 0.001169660611144074 143
2870 0.001193584604073965 143.5
2880 0.001260981323112211 144
2890 0.001342637296147326 144.5
2900 0.001442571099958707 145
2910 0.001553996139218183 145.5
2920 0.001658281458745664 146
2930 0.001705993284422788 146.5
2940 0.001663797943388689 147
2950 0.001523701930776789 147.5
2960 0.001327661219646617 148
2970 0.00111094933416297 148.5
2980 0.0008962673072716312 149
2990 0.0006910436426982624 149.5
3000 0.0005288700584717769 150
3010 0.0004628606172442726 150.5
3020 0.0005544001620932265 151
3030 0.0008871293794470712 151.5
3040 0.001536483104130967 152
3050 0.002484347474561966 152.5
3060 0.003642009392349102 153
3070 0.004862910036350154 153.5
3080 0.006037728763002946 154
3090 0.007109406145347745 154.5
3100 0.008048939402936262 155
3110 0.008827491474164922 155.5
3120 0.00940986336583156 156
3130 0.009770335873063724 156.5
3140 0.009928639892064542 157
3150 0.009918204719303575 157.5
3160 0.009758146876085536 158
3170 0.009456204997681269 158.5
3180 0.009003038369150786 159
3190 0.008410575394827834 159.5
3200 0.007757526295154324 160
3210 0.007080247993618721 160.5
3220 0.006389229258850644 161
3230 0.00574825744666101 161.5
3240 0.005217066144109916 162
3250 0.004735305977656395 162.5
3260 0.00425692869231128 163
3270 0.003780018219272415 163.5
3280 0.003295492480455474 164
3290 0.002821675165755023 164.5
3300 0.002395689407666703 165
3310 0.001999873845032101 165.5
3320 0.001656747166536997 166
3330 0.001383353520219031 166.5
3340 0.001194433024028958 167
3350 0.001111814179944205 167.5
3360 0.00112831176838734 168
3370 0.001191858423019437 168.5
3380 0.001265657406109143 169
3390 0.001328764844491766 169.5
3400 0.001362940888072646 170
3410 0.001364255823309492 170.5
3420 0.001330847779519698 171
3430 0.001265368958948721 171.5
3440 0.001160808869052497 172
3450 0.001017782841872053 172.5
3460 0.0008597281825213941 173
3470 0.0007064568190109935 173.5
3480 0.0005705516798145477 174
3490 0.0004543223714864369 174.5
3500 0.0003630434118233527 175
3510 0.0002941928628619591 175.5
3520 0.0002454722909543633 176
3530 0.0002122170868453429 176.5
3540 0.0001883787036096467 177
3550 0.0001709761009635325 177.5
3560 0.0001587740460212139 178
3570 0.0001498775748862176 178.5
3580 0.0001438163605332107 179
3590 0.0001406278422382586 179.5
3600 0.000139986158329426 180
3610 0.0001416546014911251 180.5
3620 0.0001459214590444364 181
3630 0.0001530916172873431 181.5
3640 0.000163276053108031 182
3650 0.000176108391521973 182.5
3660 0.0001918554635161666 183
3670 0.0002111513477845137 183.5
3680 0.0002345122869959354 184
3690 0.0002615736199964928 184.5
3700 0.0002914475660640806 185
3710 0.0003229627165790064 185.5
3720 0.0003556265761870841 186
3730 0.0003857419167546874 186.5
3740 0.0004107003766279707 187
3750 0.0004294485568431547 187.5
3760 0.0004414766197066492 188
3770 0.0004488335549688555 188.5
3780 0.0004527242288242835 189
3790 0.0004549177009765387 189.5
3800 0.000458538570560753 190
3810 0.000464826559801593 190.5
3820 0.0004744475748768122 191
3830 0.0004867004381146159 191.5
3840 0.0004979307133406482 192
3850 0.0005015513430022683 192.5
3860 0.0004863602094191603 193
3870 0.0004465395526824221 193.5
3880 0.0003875304157201037 194
3890 0.000325215763869389 194.5
3900 0.0002809926565970217 195
3910 0.0002686936760550337 195.5
3920 0.0002815676635298025 196
3930 0.0003163100435720331 196.5
3940 0.0003587305775673848 197
3950 0.0003847380290517653 197.5
3960 0.0003783150601563378 198
3970 0.0003478813384996363 198.5
3980 0.0003122699997770814 199
3990 0.0002925516847764779 199.5
4000 0.0002839635773851233 200
4010 0.0002836195672841568 200.5
4020 0.0002891398366430736 201
4030 0.0002941910415933364 201.5
4040 0.0003022242882417241 202
4050 0.0003158642493186735 202.5
4060 0.0003370762766404688 203
4070 0.0003625460127900757 203.5
4080 0.0003911065212739372 204
4090 0.0004227260226452408 204.5
4100 0.0004624164425494006 205
4110 0.0005100907441618198 205.5
4120 0.0005619602203464179 206
4130 0.0006086077858302941 206.5
4140 0.0006370623740955695 207
4150 0.0006368140176611232 207.5
4160 0.0006049522004381101 208
4170 0.0005507469543349332 208.5
4180 0.0004863810320881143 209
4190 0.0004187559853098646 209.5
4200 0.0003549553147095986 210
4210 0.000298176684233615 210.5
4220 0.0002521390750515744 211
4230 0.0002187247633122941 211.5
4240 0.0001950994918396501 212
4250 0.0001778516125011487 212.5
4260 0.0001660158153722864 213
4270 0.0001680439090423632 213.5
4280 0.0002073327448898085 214
4290 0.0003156640650851633 214.5
4300 0.0005170449789205848 215
4310 0.0008363003064525587 215.5
4320 0.001272058907275841 216
4330 0.001781481300954822 216.5
4340 0.00232105165908889 217
4350 0.002854119494714791 217.5
4360 0.003363700259984858 218
4370 0.003798193806390255 218.5
4380 0.004136329234193103 219
4390 0.004352549775763136 219.5
4400 0.00441868595062679 220
4410 0.004328886702513436 220.5
4420 0.00412697547872324 221
4430 0.003860594172705191 221.5
4440 0.003570943263581774 222
4450 0.003255130781839596 222.5
4460 0.002898050237970212 223
4470 0.002521212700111333 223.5
4480 0.002111520153518659 224
4490 0.001685973223939721 224.5
4500 0.001283613391063547 225
4510 0.0009394111082267439 225.5
4520 0.0006764721313128574 226
4530 0.0005141681430255627 226.5
4540 0.0004473353616075833 227
4550 0.0004432148287734287 227.5
4560 0.0004627439215986011 228
4570 0.0004928233734363461 228.5
4580 0.0005244088662068851 229
4590 0.0005391894230946935 229.5
4600 0.0005215683537192478 230
4610 0.0004832323443696776 230.5
4620 0.0004366859625423508 231
4630 0.0003897405876204632 231.5
4640 0.0003654172297423221 232
4650 0.0003737803448937965 232.5
4660 0.0004066489084380537 233
4670 0.0004400349574322147 233.5
4680 0.0004394767754948389 234
4690 0.0003910106979196896 234.5
4700 0.00030800894360374 235
4710 0.0002240374186074829 235.5
4720 0.0001629265360838276 236
4730 0.0001268194854475165 236.5
4740 0.0001076494863330022 237
4750 9.699116311010984e-05 237.5
4760 9.269040452580647e-05 238
4770 9.744393407663049e-05 238.5
4780 0.0001188051053443475 239
4790 0.0001608588522392147 239.5
4800 0.0002108418913406409 240
4810 0.0002444130734611746 240.5
4820 0.0002468735536502036 241
4830 0.0002258517543375669 241.5
4840 0.0001966872101849229 242
4850 0.0001736717990888857 242.5
4860 0.0001539263835084761 243
4870 0.0001344602375349216 243.5
4880 0.0001187519660402128 244
4890 0.0001081055371752889 244.5
4900 0.0001002285509377274 245
4910 9.33258890811733e-05 245.5
4920 8.761538640604607e-05 246
4930 8.374921403209126e-05 246.5
4940 8.169519844541258e-05 247
4950 8.085169835028004e-05 247.5
4960 8.083601083466342e-05 248
4970 8.131333803939076e-05 248.5
4980 8.303593603564303e-05 249
4990 8.656897612964508e-05 249.5
5000 9.241670960255253e-05 250
