0 0 0
10 6.639203316960472e-42 0.5
20 1.779029960586695e-38 1
30 3.196371870474002e-34 1.5
40 1.339009428468775e-31 2
50 4.751620385813657e-27 2.5
60 8.075777847162921e-26 3
70 4.123322609796019e-25 3.5
80 3.595312333095847e-23 4
90 3.656346928453575e-22 4.5
100 1.510134695362294e-19 5
110 2.534141423341357e-17 5.5
120 3.565117111911321e-16 6
130 9.527439422354837e-15 6.5
140 1.163046238599865e-13 7
150 7.131218802847181e-13 7.5
160 4.780354468286179e-12 8
170 3.34384490632866e-11 8.5
180 1.852306600456102e-10 9
190 7.683492021145215e-10 9.5
200 2.410032348235744e-09 10
210 5.809398603242672e-09 10.5
220 1.165322149533222e-08 11
230 2.07867046984835e-08 11.5
240 3.416806618772069e-08 12
250 5.273836946476188e-08 12.5
260 7.686979465387613e-08 13
270 1.057180260984843e-07 13.5
280 1.379715637165732e-07 14
290 1.70657741394158e-07 14.5
300 2.016391318114106e-07 15
310 2.419867465857409e-07 15.5
320 3.516429458727344e-07 16
330 6.914895683825349e-07 16.5
340 1.549294998196447e-06 17
350 3.762325053504211e-06 17.5
360 9.14704837866488e-06 18
370 1.791778907049148e-05 18.5
380 3.181502470848403e-05 19
390 5.254804818851451e-05 19.5
400 7.993926713010271e-05 20
410 0.0001096217519149321 20.5
420 0.0001307572160738234 21
430 0.0001388161638801547 21.5
440 0.0001283940097400443 22
450 0.0001094000976461177 22.5
460 9.437861227917175e-05 23
470 8.720694749377039e-05 23.5
480 8.632573575009838e-05 24
490 8.764967913380293e-05 24.5
500 8.944289525891576e-05 25
510 8.984459332097643e-05 25.5
520 8.940417332103476e-05 26
530 8.806237097065656e-05 26.5
540 8.704572627995232e-05 27
550 8.752050120969768e-05 27.5
560 8.952964332831464e-05 28
570 9.154184851181639e-05 28.5
580 9.355301863095396e-05 29
590 9.644273574634901e-05 29.5
600 9.994504652897382e-05 30
610 0.0001029924010164562 30.5
620 0.0001048291943150623 31
630 0.0001051097477404987 31.5
640 0.0001038460834587643 32
650 0.0001011354140961706 32.5
660 9.799467409803212e-05 33
670 9.515641519958306e-05 33.5
680 9.262278772585088e-05 34
690 9.07487814772904e-05 34.5
700 9.009211587875168e-05 35
710 9.067911303692292e-05 35.5
720 9.214862801140965e-05 36
730 9.413807164280649e-05 36.5
740 9.612323767097216e-05 37
750 9.789405363757291e-05 37.5
760 9.955796273805292e-05 38
770 0.0001011625469023158 38.5
780 0.0001021227329281143 39
790 0.0001013011449465413 39.5
800 9.804706552930409e-05 40
810 9.215747495804051e-05 40.5
820 8.315147263641956e-05 41
830 7.259414818556552e-05 41.5
840 6.390567941408811e-05 42
850 6.033201265002439e-05 42.5
860 6.150777642249637e-05 43
870 6.32337655803263e-05 43.5
880 5.912514490042491e-05 44
890 5.16127169937022e-05 44.5
900 4.492592967147412e-05 45
910 4.111813916306763e-05 45.5
920 3.94918639454439e-05 46
930 3.973117719986935e-05 46.5
940 4.197849553757253e-05 47
950 4.643845088996533e-05 47.5
960 5.176961499133089e-05 48
970 5.511171928333681e-05 48.5
980 5.627038956025702e-05 49
990 5.546267033229222e-05 49.5
1000 5.34942718823379e-05 50
1010 4.954819638625201e-05 50.5
1020 4.618301021682892e-05 51
1030 4.669477664978462e-05 51.5
1040 5.34187002336851e-05 52
1050 6.756012338716456e-05 52.5
1060 8.738884700897661e-05 53
1070 0.0001105792380798032 53.5
1080 0.0001325737371517294 54
1090 0.000149979665648906 54.5
1100 0.0001603636741780676 55
1110 0.0001620053825517665 55.5
1120 0.000156105852523178 56
1130 0.0001439895500572797 56.5
1140 0.000127920323349041 57
1150 0.0001080911426973853 57.5
1160 8.827612311633159e-05 58
1170 7.056475457741742e-05 58.5
1180 5.657241863712734e-05 59
1190 4.691008569520886e-05 59.5
1200 4.087423710826467e-05 60
1210 3.789765109322895e-05 60.5
1220 3.7727496203827e-05 61
1230 3.926921313207479e-05 61.5
1240 4.13184377182276e-05 62
1250 4.227065114338087e-05 62.5
1260 4.172856413300443e-05 63
1270 4.425404469890925e-05 63.5
1280 5.318878540725602e-05 64
1290 6.459348182514248e-05 64.5
1300 6.516993359387823e-05 65
1310 5.622288080579573e-05 65.5
1320 4.327172134897999e-05 66
1330 3.296450558754039e-05 66.5
1340 2.80752224036804e-05 67
1350 2.553581792754172e-05 67.5
1360 2.327236890836581e-05 68
1370 2.088375374102526e-05 68.5
1380 1.878119605809985e-05 69
1390 1.685340554675388e-05 69.5
1400 1.517209705190713e-05 70
1410 1.398301087454024e-05 70.5
1420 1.521285436593404e-05 71
1430 2.091613266592398e-05 71.5
1440 3.173714109770325e-05 72
1450 4.497892605279614e-05 72.5
1460 5.448726101602093e-05 73
1470 5.656758049680427e-05 73.5
1480 5.392372760536608e-05 74
1490 5.159369679413943e-05 74.5
1500 5.310853975061511e-05 75
1510 5.478574435139909e-05 75.5
1520 5.513334226149427e-05 76
1530 5.411008139476097e-05 76.5
1540 5.286016385770528e-05 77
1550 5.277218767727318e-05 77.5
1560 5.565170224655602e-05 78
1570 6.243962009778175e-05 78.5
1580 7.261587008333154e-05 79
1590 8.364383838614912e-05 79.5
1600 9.225264042392008e-05 80
1610 9.351960215235007e-05 80.5
1620 8.58484608659338e-05 81
1630 7.266644698022352e-05 81.5
1640 6.068602995305094e-05 82
1650 5.841165679262926e-05 82.5
1660 8.548979688790334e-05 83
1670 0.0001914307955122057 83.5
1680 0.0004262445981432966 84
1690 0.0007572214854677924 84.5
1700 0.001099888429963745 85
1710 0.001402001428565698 85.5
1720 0.001710104140598136 86
1730 0.00205459720289117 86.5
1740 0.002440170519664323 87
1750 0.002850392974401776 87.5
1760 0.003256599735496412 88
1770 0.003621571387795776 88.5
1780 0.003912734048485526 89
1790 0.004100324920789951 89.5
1800 0.004178599027134184 90
1810 0.004131940733859207 90.5
1820 0.003962345024252144 91
1830 0.003716711014238696 91.5
1840 0.003425044714103966 92
1850 0.003095331184778755 92.5
1860 0.002762079173881743 93
1870 0.002470821302304401 93.5
1880 0.002227701710677492 94
1890 0.001992121909846524 94.5
1900 0.001750893885412122 95
1910 0.001521349076930956 95.5
1920 0.001284698988967673 96
1930 0.001066657258039402 96.5
1940 0.0008773564105685658 97
1950 0.0007095710456622563 97.5
1960 0.0005577727601313453 98
1970 0.0004287510247442825 98.5
1980 0.0003484125605874728 99
1990 0.0003226802376437813 99.5
2000 0.0003400935591915083 100
2010 0.0003869536466446897 100.5
2020 0.0004574580497646528 101
2030 0.0005466321770399802 101.5
2040 0.0006499511677300326 102
2050 0.0007641823095369769 102.5
2060 0.0008896477688369122 103
2070 0.001031459618822666 103.5
2080 0.001193418525565774 104
2090 0.001373480605615239 104.5
2100 0.001561887776574471 105
2110 0.00174618104949172 105.5
2120 0.001916170386624023 106
2130 0.002062140897579253 106.5
2140 0.002172694324209611 107
2150 0.002238732971100854 107.5
2160 0.002260689490040968 108
2170 0.002244540840158622 108.5
2180 0.002195727650750743 109
2190 0.002115908029565186 109.5
2200 0.002007110081267819 110
2210 0.001862654525186311 110.5
2220 0.001692942442814268 111
2230 0.001507645987797484 111.5
2240 0.001311231468753864 112
2250 0.001115723906163216 112.5
2260 0.0009327481577365493 113
2270 0.0007718516324083704 113.5
2280 0.000630882323171858 114
2290 0.0005124403380847582 114.5
2300 0.0004212019708006482 115
2310 0.0003580427457742605 115.5
2320 0.0003128902953252238 116
2330 0.0002707961714878019 116.5
2340 0.0002274770570703408 117
2350 0.000188355245889306 117.5
2360 0.0001561317942593571 118
2370 0.00013372689619684 118.5
2380 0.0001192716422066913 119
2390 0.0001099988953740651 119.5
2400 0.0001041201562936056 120
2410 0.0001009487589036072 120.5
2420 9.949489142112167e-05 121
2430 9.825340090296054e-05 121.5
2440 9.636882412230067e-05 122
2450 9.375701462161246e-05 122.5
2460 9.109921993288906e-05 123
2470 9.017335285463621e-05 123.5
2480 9.444795495494873e-05 124
2490 0.0001084892228300599 124.5
2500 0.0001350516083952254 125
2510 0.0001732740149195273 125.5
2520 0.000217496736902506 126
2530 0.0002648587212089856 126.5
2540 0.0003162644394289046 127
2550 0.0003711866348392961 127.5
2560 0.0004322155245515235 128
2570 0.0004987806352991753 128.5
2580 0.0005646264232694417 129
2590 0.0006219576899908754 129.5
2600 0.0006602443006753586 130
2610 0.0006812645485170623 130.5
2620 0.0006922475079096287 131
2630 0.0006895898125866101 131.5
2640 0.0006763686314064904 132
2650 0.0006504720360519385 132.5
2660 0.0006158919946040988 133
2670 0.000572596133409403 133.5
2680 0.0005209481384227366 134
2690 0.0004696383216164556 134.5
2700 0.0004139838126624061 135
2710 0.0003545814263255768 135.5
2720 0.0002984853931231392 136
2730 0.0002562848811491068 136.5
2740 0.0002360795740036535 137
2750 0.0002414303941148874 137.5
2760 0.0002686643793794528 138
2770 0.0003130809233703486 138.5
2780 0.0003679091848078139 139
2790 0.0004242174754782825 139.5
2800 0.0004707617254734569 140
2810 0.0005002785973990125 140.5
2820 0.0005133821161013355 141
2830 0.000508102831318606 141.5
2840 0.000488144271527481 142
2850 0.0004658346560253187 142.5
2860 0.0004547669561213352 143
2870 0.0004640686641034079 143.5
2880 0.0004902726761711553 144
2890 0.0005220207216746993 144.5
2900 0.0005608752332654385 145
2910 0.0006041975657924509 145.5
2920 0.0006447439575216427 146
2930 0.0006632944340679584 146.5
2940 0.0006468887804777176 147
2950 0.0005924191021682697 147.5
2960 0.0005161979858657143 148
2970 0.0004319398655377025 148.5
2980 0.0003484709592813497 149
2990 0.0002686794878298066 149.5
3000 0.0002056259947401933 150
3010 0.0001799613597372756 150.5
3020 0.0002155521625556869 151
3030 0.0003449181102049267 151.5
3040 0.000597388454172227 152
3050 0.0009659204800007646 152.5
3060 0.001416022314288143 153
3070 0.001890711522686686 153.5
3080 0.002347483966952935 154
3090 0.002764154799901923 154.5
3100 0.003129447668326697 155
3110 0.003432150650919489 155.5
3120 0.003658578291536378 156
3130 0.003798730899324932 156.5
3140 0.003860279895826028 157
3150 0.003856222674690349 157.5
3160 0.003793991786969494 158
3170 0.003676596033313092 158.5
3180 0.003500403720509638 159
3190 0.003270052641845971 159.5
3200 0.003016145526887374 160
3210 0.002752818037954402 160.5
3220 0.002484148234389831 161
3230 0.002234936798857314 161.5
3240 0.002028408298643047 162
3250 0.001841098747144789 162.5
3260 0.001655104468239223 163
3270 0.001469680489608249 163.5
3280 0.001281295676693419 164
3290 0.001097074325721238 164.5
3300 0.0009314500029808335 165
3310 0.0007775559273064158 165.5
3320 0.0006441474208930783 166
3330 0.0005378512909094213 166.5
3340 0.0004643985318930632 167
3350 0.0004322761197294734 167.5
3360 0.0004386904231677061 168
3370 0.0004633975206140892 168.5
3380 0.000492090748876028 169
3390 0.0005166270779516978 169.5
3400 0.0005299148087374209 170
3410 0.0005304260588295072 170.5
3420 0.0005174369282735997 171
3430 0.0004919785999023022 171.5
3440 0.0004513253767700224 172
3450 0.0003957165015054641 172.5
3460 0.0003342644566568407 173
3470 0.0002746721691333568 173.5
3480 0.0002218319128361384 174
3490 0.0001766416685406054 174.5
3500 0.0001411521818908837 175
3510 0.0001143829171313994 175.5
3520 9.544023754057675e-05 176
3530 8.25105314328705e-05 176.5
3540 7.32421087129264e-05 177
3550 6.647593350059586e-05 177.5
3560 6.173174417621073e-05 178
3570 5.827277406151541e-05 178.5
3580 5.591615883872891e-05 179
3590 5.467645499154692e-05 179.5
3600 5.442696669106767e-05 180
3610 5.507566154398335e-05 180.5
3620 5.673462637808573e-05 181
3630 5.952240174469017e-05 181.5
3640 6.348213573407117e-05 182
3650 6.847138084058048e-05 182.5
3660 7.459388161592795e-05 183
3670 8.209616943410334e-05 183.5
3680 9.117896072936836e-05 184
3690 0.0001017004743376722 184.5
3700 0.0001133155389051635 185
3710 0.0001255687078456479 185.5
3720 0.0001382684977399239 186
3730 0.0001499774170896919 186.5
3740 0.0001596813283934568 187
3750 0.0001669706675128907 187.5
3760 0.0001716472082840783 188
3770 0.0001745076030205504 188.5
3780 0.0001760203066968443 189
3790 0.0001768731341277367 189.5
3800 0.0001782809372320191 190
3810 0.0001807257230954873 190.5
3820 0.0001844663976970499 191
3830 0.0001892303414131478 191.5
3840 0.0001935967003657264 192
3850 0.0001950044101875072 192.5
3860 0.0001890980596497513 193
3870 0.0001736156892233368 193.5
3880 0.0001506727899378319 194
3890 0.0001264446982384872 194.5
3900 0.0001092506440890443 195
3910 0.0001044687698503242 195.5
3920 0.0001094742082153198 196
3930 0.0001229821320264515 196.5
3940 0.0001394753412003829 197
3950 0.0001495871030527859 197.5
3960 0.0001470898367637394 198
3970 0.000135257130054291 198.5
3980 0.0001214113529459882 199
3990 0.0001137448230079619 199.5
4000 0.0001104057454841071 200
4010 0.0001102719935008386 200.5
4020 0.00011241828796387 201
4030 0.000114382209017627 201.5
4040 0.0001175055553039363 202
4050 0.0001228088061114594 202.5
4060 0.0001310560951168231 203
4070 0.0001409587919090497 203.5
4080 0.0001520631886757144 204
4090 0.0001643569294888184 204.5
4100 0.0001797886635106535 205
4110 0.0001983245506072395 205.5
4120 0.0002184915320164922 206
4130 0.0002366282215514364 206.5
4140 0.0002476914362735496 207
4150 0.0002475948746738427 207.5
4160 0.0002352069208546308 208
4170 0.0002141317862888543 208.5
4180 0.0001891061555552545 209
4190 0.0001628133690940376 209.5
4200 0.0001380075096071535 210
4210 0.000115931836793785 210.5
4220 9.803229978677078e-05 211
4230 8.504073223650628e-05 211.5
4240 7.585516790033056e-05 212
4250 6.914914949500338e-05 212.5
4260 6.454736211986253e-05 213
4270 6.533588998536676e-05 213.5
4280 8.06114871266752e-05 214
4290 0.000122730973983345 214.5
4300 0.0002010283743859195 215
4310 0.0003251556401448519 215.5
4320 0.0004945796684587251 216
4330 0.0006926443627351563 216.5
4340 0.0009024306606099888 217
4350 0.001109688761553185 217.5
4360 0.001307815031098312 218
4370 0.001476747203106632 218.5
4380 0.001608215098830912 219
4390 0.001692282183422682 219.5
4400 0.00171799609277869 220
4410 0.001683081921661523 220.5
4420 0.001604578335428943 221
4430 0.001501008620802952 221.5
4440 0.001388391626587004 222
4450 0.001265602947838101 222.5
4460 0.001126769143845339 223
4470 0.0009802537714274236 223.5
4480 0.0008209642898595101 224
4490 0.0006555105847355061 224.5
4500 0.0004990720805068225 225
4510 0.0003652453764489674 225.5
4520 0.0002630140479443459 226
4530 0.0001999098534314008 226.5
4540 0.0001739251017136794 227
4550 0.0001723230282944902 227.5
4560 0.0001799159881798605 228
4570 0.0001916109539021564 228.5
4580 0.0002038914720866583 229
4590 0.000209638189383629 229.5
4600 0.0002027870737633157 230
4610 0.0001878819379353335 230.5
4620 0.0001697845888578347 231
4630 0.0001515321102723419 231.5
4640 0.0001420751282046354 232
4650 0.0001453267281857685 232.5
4660 0.0001581061074798032 233
4670 0.0001710866864044381 233.5
4680 0.0001708696638782422 234
4690 0.0001520259323171422 234.5
4700 0.0001197546437028538 235
4710 8.710630583494671e-05 235.5
4720 6.334624264534511e-05 236
4730 4.930773151147612e-05 236.5
4740 4.185438815435546e-05 237
4750 3.771040556380633e-05 237.5
4760 3.603825992449708e-05 238
4770 3.788644404223582e-05 238.5
4780 4.619172058489406e-05 239
4790 6.254232202146765e-05 239.5
4800 8.197585199869399e-05 240
4810 9.502841114353602e-05 240.5
4820 9.598505196353175e-05 241
4830 8.781172408148015e-05 241.5
4840 7.647247674374922e-05 242
4850 6.752402763953567e-05 242.5
4860 5.984696092864547e-05 243
4870 5.227847493581714e-05 243.5
4880 4.617105989121807e-05 244
4890 4.203170185664421e-05 244.5
4900 3.896911000689247e-05 245
4910 3.628533790092275e-05 245.5
4920 3.406508025118433e-05 246
4930 3.256190281185509e-05 246.5
4940 3.176329644067364e-05 247
4950 3.143534150477453e-05 247.5
4960 3.142924215966697e-05 248
4970 3.161482816461539e-05 248.5
4980 3.228457855196075e-05 249
4990 3.365823333189934e-05 249.5
5000 3.593184665729104e-05 250
