0 0 0
0 0 0
10 4.53967315916413e-47 0.5
20 7.548453182016807e-43 1
30 1.136195659395682e-38 1.5
40 7.002238892325315e-35 2
50 1.75930973410682e-30 2.5
60 7.471601505083534e-28 3
70 5.993881626582255e-28 3.5
80 1.098477828883553e-27 4
90 4.585806444449065e-27 4.5
100 6.001550021466906e-26 5
110 1.027582257540067e-19 5.5
120 5.723758319967574e-18 6
130 5.070764963192247e-17 6.5
140 1.744669589048262e-16 7
150 5.985252525915337e-16 7.5
160 1.847120824385817e-15 8
170 2.665373123302662e-15 8.5
180 1.076124275575495e-14 9
190 3.454584064226289e-14 9.5
200 8.748216733934166e-14 10
210 2.247061800222749e-13 10.5
220 5.494472481279388e-13 11
230 1.243186906165842e-12 11.5
240 2.719048920314425e-12 12
250 6.611187071376074e-12 12.5
260 2.289119604186715e-11 13
270 1.207143455418088e-10 13.5
280 7.093756455003108e-10 14
290 3.99062521779688e-09 14.5
300 1.894733025425532e-08 15
310 7.65752251759432e-08 15.5
320 2.820372298640223e-07 16
330 8.703469336734523e-07 16.5
340 2.335663477102029e-06 17
350 5.450346669236833e-06 17.5
360 1.130645107732416e-05 18
370 2.104850360275608e-05 18.5
380 3.51536744344774e-05 19
390 5.401709414708196e-05 19.5
400 7.725584923842693e-05 20
410 0.0001044807982112072 20.5
420 0.0001347267180276402 21
430 0.0001673476319050065 21.5
440 0.0002025177663785605 22
450 0.0002401194080915243 22.5
460 0.0002800875253181093 23
470 0.000324454744512964 23.5
480 0.0003762311671428869 24
490 0.0004375392472441848 24.5
500 0.0005075372898357288 25
510 0.0005831319957038746 25.5
520 0.0006593638034858444 26
530 0.0007323372589034469 26.5
540 0.0007991665583206884 27
550 0.000857763059644811 27.5
560 0.0009080766199071526 28
570 0.000952052726614859 28.5
580 0.0009913942834417677 29
590 0.001027342499100288 29.5
600 0.001060492735520832 30
610 0.00109157522075754 30.5
620 0.001121100266483335 31
630 0.001149681873259581 31.5
640 0.001177987827206695 32
650 0.001206223709870399 32.5
660 0.00123355415700205 33
670 0.001258675400932767 33.5
680 0.001281029235156725 34
690 0.001300309718020027 34.5
700 0.001317725156237854 35
710 0.001333401908307382 35.5
720 0.001348221202076088 36
730 0.001362122022570119 36.5
740 0.001374315583708803 37
750 0.001383667074825685 37.5
760 0.001387877428407059 38
770 0.001389792208823192 38.5
780 0.001388831418253676 39
790 0.001379929939348159 39.5
800 0.001360020125028316 40
810 0.001332879843476742 40.5
820 0.001302618985849293 41
830 0.001273022047953783 41.5
840 0.001247689236111501 42
850 0.001226940222774208 42.5
860 0.001207806849815825 43
870 0.001188266757702121 43.5
880 0.001169275390452766 44
890 0.001151747715470203 44.5
900 0.001135898496940441 45
910 0.001124353839209171 45.5
920 0.001125091047956269 46
930 0.001146813394376073 46.5
940 0.001194645607557004 47
950 0.001268834607587672 47.5
960 0.00136938936943441 48
970 0.001489365552157658 48.5
980 0.001618232719461948 49
990 0.001740407201645541 49.5
1000 0.001845414578421698 50
1010 0.001926535429644405 50.5
1020 0.001982569068273998 51
1030 0.00201961414430711 51.5
1040 0.002044199471476667 52
1050 0.002059934381273111 52.5
1060 0.002069229979304167 53
1070 0.002072081742464027 53.5
1080 0.002072334870667303 54
1090 0.002074231712307476 54.5
1100 0.002077339089304793 55
1110 0.002077605628723752 55.5
1120 0.002073581932075946 56
1130 0.002065600022461846 56.5
1140 0.002055930361206024 57
1150 0.002044876290425976 57.5
1160 0.002032605368538038 58
1170 0.002019135467261623 58.5
1180 0.0020039553471461 59
1190 0.001989594069304028 59.5
1200 0.001977693281622383 60
1210 0.001969247804045761 60.5
1220 0.001963841626490837 61
1230 0.001961986502124436 61.5
1240 0.001964230464492015 62
1250 0.001970096496183053 62.5
1260 0.001978745383818577 63
1270 0.001991058115347907 63.5
1280 0.002007453403677031 64
1290 0.002026762780575271 64.5
1300 0.002050104772765235 65
1310 0.00207768239362064 65.5
1320 0.002111248998245199 66
1330 0.002152027972841367 66.5
1340 0.002198250748016466 67
1350 0.002246944388788961 67.5
1360 0.002299878815098565 68
1370 0.002357957100852679 68.5
1380 0.00242163210274931 69
1390 0.002486667321211823 69.5
1400 0.002549487600487826 70
1410 0.002606215369354885 70.5
1420 0.002654272014282461 71
1430 0.00269531236319088 71.5
1440 0.002727976170617233 72
1450 0.002750691574251238 72.5
1460 0.002765162989883133 73
1470 0.002772200832674116 73.5
1480 0.002773147537985159 74
1490 0.002770947534568259 74.5
1500 0.002768741947675233 75
1510 0.002764774532543856 75.5
1520 0.002758318881591443 76
1530 0.002754106010368323 76.5
1540 0.002760801787980706 77
1550 0.002779213317105648 77.5
1560 0.00280847311152845 78
1570 0.002852118365990329 78.5
1580 0.00291117202487873 79
1590 0.002981008107804474 79.5
1600 0.003060819779073542 80
1610 0.003137722040924777 80.5
1620 0.003204338511801402 81
1630 0.003256879360618504 81.5
1640 0.003293879424152164 82
1650 0.003315838913479164 82.5
1660 0.003324416126907971 83
1670 0.003331196938844556 83.5
1680 0.003338982182870101 84
1690 0.0033397301549438 84.5
1700 0.00332788252209044 85
1710 0.003303392185983478 85.5
1720 0.00326558493237381 86
1730 0.003224515916699692 86.5
1740 0.00318230831897508 87
1750 0.00313586147812172 87.5
1760 0.00308221920484091 88
1770 0.00302259035054055 88.5
1780 0.002961107967646464 89
1790 0.002900895926259236 89.5
1800 0.002850091246702759 90
1810 0.002815642797975996 90.5
1820 0.002797532600336427 91
1830 0.002787046261346808 91.5
1840 0.002780347565741824 92
1850 0.002770946833292242 92.5
1860 0.002751700090999822 93
1870 0.002716200656565648 93.5
1880 0.002661202592410769 94
1890 0.002591126357414501 94.5
1900 0.002511676006978438 95
1910 0.002427847552394839 95.5
1920 0.002344348759602508 96
1930 0.002260550935157924 96.5
1940 0.002183669041772294 97
1950 0.002121818867107174 97.5
1960 0.002079898528130241 98
1970 0.002051733872067185 98.5
1980 0.00202797259518604 99
1990 0.002002960423476129 99.5
2000 0.001975907568648986 100
2010 0.001953196819884991 100.5
2020 0.001939711728610434 101
2030 0.001936361275008309 101.5
2040 0.00194152687661962 102
2050 0.001953093842778468 102.5
2060 0.001967899579445572 103
2070 0.00198392569488268 103.5
2080 0.002000383373284477 104
2090 0.002016950803202184 104.5
2100 0.002032131260386208 105
2110 0.002044242302701791 105.5
2120 0.002051803438698533 106
2130 0.002054110380838471 106.5
2140 0.002050889774590258 107
2150 0.002043705926411438 107.5
2160 0.002035247808907452 108
2170 0.00202934072643412 108.5
2180 0.002029043378563277 109
2190 0.002034587043898369 109.5
2200 0.002043938997641205 110
2210 0.002056494574091025 110.5
2220 0.002071985681308201 111
2230 0.002092151686741075 111.5
2240 0.00211637209557319 112
2250 0.00214219853086625 112.5
2260 0.002167982116586516 113
2270 0.002193659166052293 113.5
2280 0.002220950088881438 114
2290 0.002253672387463776 114.5
2300 0.002295381622638036 115
2310 0.00234641142173772 115.5
2320 0.00240553795685548 116
2330 0.002472721343345269 116.5
2340 0.002547149770205604 117
2350 0.002633586419101738 117.5
2360 0.002733131046094585 118
2370 0.00285181344787377 118.5
2380 0.002986795536890786 119
2390 0.003123292530619684 119.5
2400 0.003238094655423303 120
2410 0.003317119074912316 120.5
2420 0.003362734626291183 121
2430 0.003376323911135185 121.5
2440 0.003359751296892637 122
2450 0.003316906534840812 122.5
2460 0.003253500856937418 123
2470 0.003180316035111653 123.5
2480 0.003105583760806559 124
2490 0.003036338860087556 124.5
2500 0.002980998299613416 125
2510 0.002947398154993024 125.5
2520 0.002940948286980555 126
2530 0.002950861887342305 126.5
2540 0.002963846557004587 127
2550 0.002965290974881249 127.5
2560 0.002948859148250455 128
2570 0.002924020792655073 128.5
2580 0.002892077382491854 129
2590 0.002847691460607163 129.5
2600 0.00279600180387809 130
2610 0.002742399283014165 130.5
2620 0.002691754873143312 131
2630 0.00264179520668054 131.5
2640 0.002596417222244352 132
2650 0.002560284659905049 132.5
2660 0.00255247464057143 133
2670 0.002565865237888026 133.5
2680 0.002585481777431276 134
2690 0.002597179922558901 134.5
2700 0.002596279304760562 135
2710 0.002581460300066284 135.5
2720 0.002555471528983088 136
2730 0.002519293386267528 136.5
2740 0.002476719251115242 137
2750 0.002432320369823677 137.5
2760 0.0023893610335242 138
2770 0.002352477765562949 138.5
2780 0.002321843841705883 139
2790 0.002296183299432398 139.5
2800 0.002271401732462092 140
2810 0.002249974691258793 140.5
2820 0.002233658535323682 141
2830 0.002222424778507201 141.5
2840 0.002216831000222289 142
2850 0.002214416044897393 142.5
2860 0.002216407969284323 143
2870 0.002222297963963273 143.5
2880 0.00223277602936203 144
2890 0.002249414326076245 144.5
2900 0.002274490804078029 145
2910 0.002309619236529293 145.5
2920 0.002354035231399988 146
2930 0.002405966065055306 146.5
2940 0.00246434362231461 147
2950 0.002527725942561933 147.5
2960 0.002593909120600328 148
2970 0.002660323968133364 148.5
2980 0.00272450316842603 149
2990 0.002784798223326646 149.5
3000 0.002838816488432582 150
3010 0.002885209816325395 150.5
3020 0.002924208512336204 151
3030 0.002956159468913746 151.5
3040 0.002983074904089533 152
3050 0.003007046076299378 152.5
3060 0.003030984096244182 153
3070 0.003059692436591287 153.5
3080 0.00309587915291044 154
3090 0.003138895720394464 154.5
3100 0.00318844982176898 155
3110 0.003242255890153656 155.5
3120 0.003302002317981176 156
3130 0.003374135183361612 156.5
3140 0.003463169504460465 157
3150 0.00355913385107303 157.5
3160 0.003647732969284292 158
3170 0.00371225083979129 158.5
3180 0.003746977015975049 159
3190 0.003751885834193556 159.5
3200 0.003727993422535963 160
3210 0.003678737879309768 160.5
3220 0.003607554251238392 161
3230 0.003517612939654344 161.5
3240 0.003411407078090874 162
3250 0.003303177735848392 162.5
3260 0.003199375127230801 163
3270 0.003101042461366676 163.5
3280 0.003007286578888079 164
3290 0.002917974345959572 164.5
3300 0.002826363379274233 165
3310 0.002726747118700767 165.5
3320 0.002614769778404302 166
3330 0.002501399867296521 166.5
3340 0.00240121621940661 167
3350 0.002315428694079124 167.5
3360 0.002246184338840596 168
3370 0.002196069699784425 168.5
3380 0.00217115309544901 169
3390 0.002167702025580343 169.5
3400 0.002176540118795095 170
3410 0.00219461238809211 170.5
3420 0.002217807230138419 171
3430 0.002247283638064116 171.5
3440 0.002281240493560965 172
3450 0.002316697922908353 172.5
3460 0.002351178134199768 173
3470 0.002381962276532425 173.5
3480 0.002403750310223834 174
3490 0.002419359384066519 174.5
3500 0.002431193906205795 175
3510 0.002441775864899635 175.5
3520 0.002450588202268315 176
3530 0.002458021314082697 176.5
3540 0.002466168535665184 177
3550 0.002475504790962881 177.5
3560 0.002487702199512568 178
3570 0.002505530365351922 178.5
3580 0.00253131654165519 179
3590 0.002566351140962095 179.5
3600 0.002610368856684603 180
3610 0.002661293402633023 180.5
3620 0.002714782465684108 181
3630 0.002765174305279407 181.5
3640 0.002808463536221429 182
3650 0.002842427304224074 182.5
3660 0.002865641201670068 183
3670 0.002875326179140922 183.5
3680 0.002869461307547791 184
3690 0.002850954224631165 184.5
3700 0.002819994930937946 185
3710 0.002778336485942756 185.5
3720 0.002726312258704633 186
3730 0.002668247628111126 186.5
3740 0.002608352429072199 187
3750 0.002548464283847883 187.5
3760 0.002494683319480261 188
3770 0.002454371449508656 188.5
3780 0.002428318872967995 189
3790 0.002414489711890484 189.5
3800 0.002407687427764796 190
3810 0.002411891075917861 190.5
3820 0.002429770535758094 191
3830 0.002461844253175151 191.5
3840 0.002511184002389797 192
3850 0.002575093620731132 192.5
3860 0.002645628895370959 193
3870 0.00271743948993044 193.5
3880 0.002784576259925108 194
3890 0.002846014230109815 194.5
3900 0.002900978549564547 195
3910 0.002945892522199545 195.5
3920 0.002976151845393086 196
3930 0.002995459993038987 196.5
3940 0.003007702120613143 197
3950 0.003013099850443865 197.5
3960 0.003012923820483138 198
3970 0.003007677858629419 198.5
3980 0.002996359439815763 199
3990 0.002984294896781953 199.5
4000 0.002975879726488716 200
4010 0.002977893444912555 200.5
4020 0.002992274442238078 201
4030 0.003018086009434957 201.5
4040 0.003049799065903075 202
4050 0.003081024770305081 202.5
4060 0.003108974636359001 203
4070 0.003127233286068048 203.5
4080 0.003137649044255083 204
4090 0.003144250488761754 204.5
4100 0.003145147885866808 205
4110 0.003139126798348015 205.5
4120 0.003145164088145023 206
4130 0.003162132899399599 206.5
4140 0.003166847986752621 207
4150 0.003150158322787494 207.5
4160 0.003119119377403677 208
4170 0.003071918939215238 208.5
4180 0.003010717782106673 209
4190 0.002944900215354265 209.5
4200 0.002870003337633812 210
4210 0.002787388998038587 210.5
4220 0.002695509094877593 211
4230 0.002599555522797455 211.5
4240 0.002507069706943162 212
4250 0.002435325425879628 212.5
4260 0.002389140167214552 213
4270 0.002365393039582617 213.5
4280 0.002377352357460424 214
4290 0.002422700178380238 214.5
4300 0.002486892319999029 215
4310 0.002563733190041393 215.5
4320 0.002649286305632255 216
4330 0.002746431605262403 216.5
4340 0.002855113158959886 217
4350 0.002976068624457808 217.5
4360 0.003109044645552251 218
4370 0.003247838518438844 218.5
4380 0.003389185684727747 219
4390 0.003529600335091564 219.5
4400 0.003664913270212688 220
4410 0.003788066753280105 220.5
4420 0.003892776622618296 221
4430 0.003972944280123106 221.5
4440 0.004024861700994784 222
4450 0.0040436006528595 222.5
4460 0.004028983255157839 223
4470 0.003985489377383957 223.5
4480 0.003922700500493518 224
4490 0.00384775982886657 224.5
4500 0.003761408563497575 225
4510 0.003668102967106444 225.5
4520 0.003575092058817779 226
4530 0.003483694489200229 226.5
4540 0.003395606400403881 227
4550 0.003319730388183064 227.5
4560 0.003262799750805209 228
4570 0.003214787958742292 228.5
4580 0.003168499016820738 229
4590 0.003124775967374853 229.5
4600 0.003085137740203045 230
4610 0.003043113212078373 230.5
4620 0.002997389248109148 231
4630 0.002957244474272067 231.5
4640 0.002924307837284738 232
4650 0.002901901507704542 232.5
4660 0.002885427137519465 233
4670 0.002876663673889137 233.5
4680 0.00288317525870744 234
4690 0.002898787719426223 234.5
4700 0.002914363302377316 235
4710 0.002928151867521227 235.5
4720 0.002934784508531589 236
4730 0.002938664901840351 236.5
4740 0.002946317370223082 237
4750 0.002956499170766978 237.5
4760 0.002966233221698761 238
4770 0.002974328464954312 238.5
4780 0.002978833386672554 239
4790 0.002982383934159638 239.5
4800 0.00298376298857066 240
4810 0.002981498988539007 240.5
4820 0.002972413673468166 241
4830 0.002955907014187515 241.5
4840 0.002937645329484305 242
4850 0.002923333348456432 242.5
4860 0.00291135724992714 243
4870 0.002899280430618915 243.5
4880 0.002886701744908841 244
4890 0.002878862164557259 244.5
4900 0.002876285783055608 245
4910 0.002878086672276657 245.5
4920 0.002885533605925029 246
4930 0.002898003533639416 246.5
4940 0.002909392010694862 247
4950 0.002913239009000841 247.5
4960 0.002906586824803296 248
4970 0.002891507055088321 248.5
4980 0.002871886538492693 249
4990 0.002847673250975406 249.5
5000 0.002819885012158372 250
