0 0.06970106810331345 0
0 0.06306701898574829 0
10 0.1255076229572296 0.5
20 0.1172702834010124 1
30 0.1145258843898773 1.5
40 0.1137548983097076 2
50 0.1136162653565407 2.5
60 0.1133628189563751 3
70 0.1132341921329498 3.5
80 0.1132078543305397 4
90 0.1131851971149445 4.5
100 0.1134172081947327 5
110 0.1135823950171471 5.5
120 0.113500252366066 6
130 0.1132543310523033 6.5
140 0.112972654402256 7
150 0.1124396771192551 7.5
160 0.1117478534579277 8
170 0.1110736429691315 8.5
180 0.110530786216259 9
190 0.1101956441998482 9.5
200 0.1099594831466675 10
210 0.1097289770841599 10.5
220 0.109466627240181 11
230 0.1093169823288918 11.5
240 0.1092803850769997 12
250 0.109322115778923 12.5
260 0.1092589125037193 13
270 0.1091869324445724 13.5
280 0.1090652346611023 14
290 0.1088424846529961 14.5
300 0.1085348576307297 15
310 0.1082494556903839 15.5
320 0.1076899245381355 16
330 0.1071736067533493 16.5
340 0.1067106425762177 17
350 0.1065921261906624 17.5
360 0.1066095754504204 18
370 0.1067150756716728 18.5
380 0.1067312881350517 19
390 0.1067989245057106 19.5
400 0.1069433838129044 20
410 0.1072841137647629 20.5
420 0.1075427606701851 21
430 0.107734277844429 21.5
440 0.1080883368849754 22
450 0.108454741537571 22.5
460 0.1088881269097328 23
470 0.109223872423172 23.5
480 0.1096246019005775 24
490 0.1098836585879326 24.5
500 0.1101099103689194 25
510 0.1104320213198662 25.5
520 0.1107035204768181 26
530 0.1109545603394508 26.5
540 0.1114701852202415 27
550 0.1122801303863525 27.5
560 0.1140828803181648 28
570 0.1157311797142029 28.5
580 0.1166240200400352 29
590 0.1168624311685562 29.5
600 0.1167864352464676 30
610 0.1166327968239784 30.5
620 0.1165868490934372 31
630 0.1164254024624825 31.5
640 0.1161789521574974 32
650 0.1161961853504181 32.5
660 0.1166138276457787 33
670 0.1169448792934418 33.5
680 0.1172780692577362 34
690 0.1176393702626228 34.5
700 0.1178951561450958 35
710 0.1177625954151154 35.5
720 0.1175218969583511 36
730 0.1174854040145874 36.5
740 0.1174965873360634 37
750 0.1174545511603355 37.5
760 0.1174052879214287 38
770 0.1173361241817474 38.5
780 0.1173146441578865 39
790 0.1174228265881538 39.5
800 0.1173024922609329 40
810 0.1169894486665726 40.5
820 0.117125891149044 41
830 0.1175485998392105 41.5
840 0.1174799725413322 42
850 0.1168835908174515 42.5
860 0.1159440949559212 43
870 0.1149315610527992 43.5
880 0.1133620068430901 44
890 0.1128796562552452 44.5
900 0.1115998104214668 45
910 0.1103182956576347 45.5
920 0.1090555414557457 46
930 0.1076942682266235 46.5
940 0.1064701303839684 47
950 0.1056396961212158 47.5
960 0.1051386296749115 48
970 0.1050947606563568 48.5
980 0.1058990582823753 49
990 0.1069369167089462 49.5
1000 0.1079818457365036 50
1010 0.1091121733188629 50.5
1020 0.1101583763957024 51
1030 0.1110134720802307 51.5
1040 0.1116170063614845 52
1050 0.1119273826479912 52.5
1060 0.1117228493094444 53
1070 0.1110937297344208 53.5
1080 0.1117211803793907 54
1090 0.1134633645415306 54.5
1100 0.1142535135149956 55
1110 0.1142923906445503 55.5
1120 0.1138293743133545 56
1130 0.1132973656058311 56.5
1140 0.1128344237804413 57
1150 0.1124066784977913 57.5
1160 0.1119372099637985 58
1170 0.1114862114191055 58.5
1180 0.1111644506454468 59
1190 0.1110104247927666 59.5
1200 0.1111049354076385 60
1210 0.1108116060495377 60.5
1220 0.110404260456562 61
1230 0.1099203377962112 61.5
1240 0.1094755753874779 62
1250 0.1090243235230446 62.5
1260 0.1086433976888657 63
1270 0.108465813100338 63.5
1280 0.1084375381469727 64
1290 0.1084362044930458 64.5
1300 0.1083058342337608 65
1310 0.108056865632534 65.5
1320 0.1076314225792885 66
1330 0.1084422245621681 66.5
1340 0.1092647612094879 67
1350 0.109668105840683 67.5
1360 0.1102321967482567 68
1370 0.1107860505580902 68.5
1380 0.1103291288018227 69
1390 0.1093761622905731 69.5
1400 0.1085417047142982 70
1410 0.1082816496491432 70.5
1420 0.1087271347641945 71
1430 0.1096125021576881 71.5
1440 0.1107143685221672 72
1450 0.1118533238768578 72.5
1460 0.1129949986934662 73
1470 0.1140729039907455 73.5
1480 0.1148506328463554 74
1490 0.1154265627264977 74.5
1500 0.1157196685671806 75
1510 0.1157573163509369 75.5
1520 0.1154100596904755 76
1530 0.1147588342428207 76.5
1540 0.1142122969031334 77
1550 0.1137449219822884 77.5
1560 0.1136507615447044 78
1570 0.1130106449127197 78.5
1580 0.1109714582562447 79
1590 0.1078475341200829 79.5
1600 0.1032835766673088 80
1610 0.1036149486899376 80.5
1620 0.1043225005269051 81
1630 0.1054961755871773 81.5
1640 0.1069264188408852 82
1650 0.1082376092672348 82.5
1660 0.1092719584703445 83
1670 0.1098737716674805 83.5
1680 0.1101099476218224 84
1690 0.1096963882446289 84.5
1700 0.1087966039776802 85
1710 0.1075717359781265 85.5
1720 0.1103574857115746 86
1730 0.1123970746994019 86.5
1740 0.1136926114559174 87
1750 0.1146396547555923 87.5
1760 0.1152884364128113 88
1770 0.1158883422613144 88.5
1780 0.1166935563087463 89
1790 0.1173501089215279 89.5
1800 0.1175939813256264 90
1810 0.1175939589738846 90.5
1820 0.1171989962458611 91
1830 0.1163680031895638 91.5
1840 0.1157006174325943 92
1850 0.1153557896614075 92.5
1860 0.1152182519435883 93
1870 0.1152253821492195 93.5
1880 0.1152454763650894 94
1890 0.1153455823659897 94.5
1900 0.1154462620615959 95
1910 0.1152385473251343 95.5
1920 0.115737296640873 96
1930 0.1156445294618607 96.5
1940 0.1148406341671944 97
1950 0.1135539785027504 97.5
1960 0.11225625872612 98
1970 0.110963374376297 98.5
1980 0.1101081743836403 99
1990 0.1106694638729095 99.5
2000 0.1112330034375191 100
2010 0.1114425957202911 100.5
2020 0.1113424673676491 101
2030 0.1111723557114601 101.5
2040 0.1112269535660744 102
2050 0.1126680821180344 102.5
2060 0.1134777218103409 103
2070 0.1153384298086166 103.5
2080 0.1167078763246536 104
2090 0.1161428913474083 104.5
2100 0.1151963323354721 105
2110 0.1145684272050858 105.5
2120 0.1140106692910194 106
2130 0.1132671013474464 106.5
2140 0.1124677136540413 107
2150 0.1117467433214188 107.5
2160 0.11119095236063 108
2170 0.1107644885778427 108.5
2180 0.1104752495884895 109
2190 0.1115903481841087 109.5
2200 0.1125000864267349 110
2210 0.1129239648580551 110.5
2220 0.1131650134921074 111
2230 0.1138531714677811 111.5
2240 0.1144151464104652 112
2250 0.1151569113135338 112.5
2260 0.1152976378798485 113
2270 0.1154819875955582 113.5
2280 0.115263506770134 114
2290 0.1144743785262108 114.5
2300 0.1144941449165344 115
2310 0.11463613063097 115.5
2320 0.114944763481617 116
2330 0.1151050329208374 116.5
2340 0.1139974072575569 117
2350 0.1100956946611404 117.5
2360 0.1038645058870316 118
2370 0.103702187538147 118.5
2380 0.1039187833666801 119
2390 0.104223795235157 119.5
2400 0.1047398820519447 120
2410 0.1054138615727425 120.5
2420 0.1062295511364937 121
2430 0.1070467084646225 121.5
2440 0.1080317050218582 122
2450 0.1087805926799774 122.5
2460 0.1097236424684525 123
2470 0.1101770102977753 123.5
2480 0.1100974157452583 124
2490 0.1094943210482597 124.5
2500 0.1082970425486565 125
2510 0.1073085591197014 125.5
2520 0.106805220246315 126
2530 0.1064981669187546 126.5
2540 0.1062567010521889 127
2550 0.1059347093105316 127.5
2560 0.1085082441568375 128
2570 0.1108771786093712 128.5
2580 0.1118205040693283 129
2590 0.1116794347763062 129.5
2600 0.1113304272294044 130
2610 0.1106342077255249 130.5
2620 0.1100139692425728 131
2630 0.1092557683587074 131.5
2640 0.1082786619663239 132
2650 0.1072175875306129 132.5
2660 0.1065901294350624 133
2670 0.1063939854502678 133.5
2680 0.1067025139927864 134
2690 0.1079762056469917 134.5
2700 0.1084623783826828 135
2710 0.1086484342813492 135.5
2720 0.1093659996986389 136
2730 0.1098184064030647 136.5
2740 0.1101922243833542 137
2750 0.1103881746530533 137.5
2760 0.1103833392262459 138
2770 0.1100782155990601 138.5
2780 0.1095474660396576 139
2790 0.1087954938411713 139.5
2800 0.1079580187797546 140
2810 0.1072624772787094 140.5
2820 0.1074192598462105 141
2830 0.1073248311877251 141.5
2840 0.1070192158222198 142
2850 0.106574647128582 142.5
2860 0.1060716658830643 143
2870 0.1059816181659698 143.5
2880 0.1059850454330444 144
2890 0.1056659370660782 144.5
2900 0.1053920760750771 145
2910 0.105200469493866 145.5
2920 0.1050865426659584 146
2930 0.104944184422493 146.5
2940 0.105162613093853 147
2950 0.1055245399475098 147.5
2960 0.10604078322649 148
2970 0.1067842617630959 148.5
2980 0.1076306775212288 149
2990 0.1084771901369095 149.5
3000 0.1093339771032333 150
3010 0.1100170016288757 150.5
3020 0.1104929372668266 151
3030 0.1117983236908913 151.5
3040 0.1131328642368317 152
3050 0.114058792591095 152.5
3060 0.1145976781845093 153
3070 0.115019179880619 153.5
3080 0.1154912114143372 154
3090 0.1158604100346565 154.5
3100 0.1159599646925926 155
3110 0.1157063320279121 155.5
3120 0.1144552007317543 156
3130 0.1120454221963882 156.5
3140 0.1081982851028442 157
3150 0.104369655251503 157.5
3160 0.1028153151273727 158
3170 0.1052501499652863 158.5
3180 0.1076980903744698 159
3190 0.110114648938179 159.5
3200 0.1122666671872139 160
3210 0.1141050681471825 160.5
3220 0.1156268194317818 161
3230 0.1169299259781837 161.5
3240 0.1177812665700912 162
3250 0.1183058768510818 162.5
3260 0.118759922683239 163
3270 0.1188006103038788 163.5
3280 0.1186744645237923 164
3290 0.1182290688157082 164.5
3300 0.1175528988242149 165
3310 0.1168011575937271 165.5
3320 0.1158697158098221 166
3330 0.1144089102745056 166.5
3340 0.1124162077903748 167
3350 0.1104420274496078 167.5
3360 0.1086484342813492 168
3370 0.1069742664694786 168.5
3380 0.1060699075460434 169
3390 0.1055409610271454 169.5
3400 0.1052994951605797 170
3410 0.1054505631327629 170.5
3420 0.1064343377947807 171
3430 0.1071193516254425 171.5
3440 0.1072922348976135 172
3450 0.10687106102705 172.5
3460 0.1062695384025574 173
3470 0.107017457485199 173.5
3480 0.1077679470181465 174
3490 0.1085339710116386 174.5
3500 0.1092285215854645 175
3510 0.1096205115318298 175.5
3520 0.1099178716540337 176
3530 0.1107791215181351 176.5
3540 0.1124119907617569 177
3550 0.1134890243411064 177.5
3560 0.1142620295286179 178
3570 0.1147782355546951 178.5
3580 0.1148936599493027 179
3590 0.1147249490022659 179.5
3600 0.1145021617412567 180
3610 0.1142742931842804 180.5
3620 0.1138515621423721 181
3630 0.1132505089044571 181.5
3640 0.1128381714224815 182
3650 0.1127095520496368 182.5
3660 0.1128205433487892 183
3670 0.113692045211792 183.5
3680 0.1154058128595352 184
3690 0.1170302554965019 184.5
3700 0.1180469542741776 185
3710 0.1179038733243942 185.5
3720 0.1172801852226257 186
3730 0.1171558871865273 186.5
3740 0.1179065555334091 187
3750 0.1184060350060463 187.5
3760 0.1189566180109978 188
3770 0.1195699945092201 188.5
3780 0.1201552599668503 189
3790 0.1211511716246605 189.5
3800 0.1223784312605858 190
3810 0.1236939057707787 190.5
3820 0.1245151981711388 191
3830 0.1239224821329117 191.5
3840 0.1234618499875069 192
3850 0.1226863339543343 192.5
3860 0.1216834932565689 193
3870 0.1206435784697533 193.5
3880 0.1196107640862465 194
3890 0.1188645362854004 194.5
3900 0.1189353913068771 195
3910 0.119510605931282 195.5
3920 0.1198673099279404 196
3930 0.1201581656932831 196.5
3940 0.1202280223369598 197
3950 0.1202948093414307 197.5
3960 0.1204278543591499 198
3970 0.120382621884346 198.5
3980 0.1199016720056534 199
3990 0.1199548169970512 199.5
4000 0.1198070794343948 200
4010 0.1192369163036346 200.5
4020 0.1184499263763428 201
4030 0.1176117733120918 201.5
4040 0.1164702922105789 202
4050 0.115246020257473 202.5
4060 0.1134730651974678 203
4070 0.1106030121445656 203.5
4080 0.1106864884495735 204
4090 0.1121780797839165 204.5
4100 0.1134562194347382 205
4110 0.1144056022167206 205.5
4120 0.1147009134292603 206
4130 0.1145567372441292 206.5
4140 0.1141992583870888 207
4150 0.1138234809041023 207.5
4160 0.1134651079773903 208
4170 0.1130599081516266 208.5
4180 0.1124416366219521 209
4190 0.111617773771286 209.5
4200 0.1126415506005287 210
4210 0.1146698892116547 210.5
4220 0.1156149134039879 211
4230 0.11569644510746 211.5
4240 0.1157056018710136 212
4250 0.1159072294831276 212.5
4260 0.1161369383335114 213
4270 0.1161080375313759 213.5
4280 0.1160792484879494 214
4290 0.1164032742381096 214.5
4300 0.1171844750642776 215
4310 0.1182656735181808 215.5
4320 0.1191816404461861 216
4330 0.1196011081337929 216.5
4340 0.1193855777382851 217
4350 0.1189931631088257 217.5
4360 0.1181229948997498 218
4370 0.1158308759331703 218.5
4380 0.1127083525061607 219
4390 0.1092686876654625 219.5
4400 0.1066477224230766 220
4410 0.1049921363592148 220.5
4420 0.1045189797878265 221
4430 0.1047649160027504 221.5
4440 0.1061881557106972 222
4450 0.107580691576004 222.5
4460 0.1089730262756348 223
4470 0.1103849336504936 223.5
4480 0.1124675571918488 224
4490 0.1135094314813614 224.5
4500 0.1138123422861099 225
4510 0.1137111559510231 225.5
4520 0.1133915334939957 226
4530 0.1127081960439682 226.5
4540 0.1120409071445465 227
4550 0.111399419605732 227.5
4560 0.1108707562088966 228
4570 0.1106774359941483 228.5
4580 0.1108226403594017 229
4590 0.1110650822520256 229.5
4600 0.1112572699785233 230
4610 0.1112907156348228 230.5
4620 0.1111970394849777 231
4630 0.1109451279044151 231.5
4640 0.1107776388525963 232
4650 0.110822357237339 232.5
4660 0.1110325381159782 233
4670 0.1113965883851051 233.5
4680 0.1120288297533989 234
4690 0.112913653254509 234.5
4700 0.1139282435178757 235
4710 0.1150697022676468 235.5
4720 0.1161855012178421 236
4730 0.1170929446816444 236.5
4740 0.1176885738968849 237
4750 0.1179827079176903 237.5
4760 0.1182487532496452 238
4770 0.1182294487953186 238.5
4780 0.1180980876088142 239
4790 0.118020124733448 239.5
4800 0.1179730445146561 240
4810 0.11799356341362 240.5
4820 0.1179585605859756 241
4830 0.118043564260006 241.5
4840 0.1182041317224503 242
4850 0.1182128190994263 242.5
4860 0.1181762292981148 243
4870 0.1183566153049469 243.5
4880 0.118668757379055 244
4890 0.1189180165529251 244.5
4900 0.118993766605854 245
4910 0.118921123445034 245.5
4920 0.118756078183651 246
4930 0.1186036914587021 246.5
4940 0.1183324828743935 247
4950 0.118044301867485 247.5
4960 0.1177656054496765 248
4970 0.1173513829708099 248.5
4980 0.1167460456490517 249
4990 0.1160412654280663 249.5
5000 0.1153671741485596 250
