0 0 0
5 3.527163495323102e-33 0.5
10 6.563160286837423e-32 1
15 1.803466537145832e-31 1.5
20 1.947720213268826e-21 2
25 8.159700626493359e-19 2.5
30 2.971238929325896e-16 3
35 1.00289459547476e-14 3.5
40 8.497248573939383e-14 4
45 4.146956054980503e-13 4.5
50 1.473201708745118e-12 5
55 4.162802843455156e-12 5.5
60 9.858742975068127e-12 6
65 2.039524351556417e-11 6.5
70 3.80172235767489e-11 7
75 6.530695688146516e-11 7.5
80 1.050635562138781e-10 8
85 1.600849526293195e-10 8.5
90 2.327922192316128e-10 9
95 3.248808844870092e-10 9.5
100 4.372485406958923e-10 10
105 5.701232839047001e-10 10.5
110 7.232901644978799e-10 11
115 8.961810335047307e-10 11.5
120 1.087984980020912e-09 12
125 1.29779040236981e-09 12.5
130 1.524669628936107e-09 13
135 1.76857872926159e-09 13.5
140 2.033872682614313e-09 14
145 2.337550147980432e-09 14.5
150 2.728452035080303e-09 15
155 3.325507426519164e-09 15.5
160 4.394328956628712e-09 16
165 6.496930580354812e-09 16.5
170 1.080483508709352e-08 17
175 1.975614390535575e-08 17.5
180 3.839820346653355e-08 18
185 7.756008475798489e-08 18.5
190 1.605577330004647e-07 19
195 3.380576138217459e-07 19.5
200 7.191089868191888e-07 20
205 1.536122594395996e-06 20.5
210 3.259860813054833e-06 21
215 6.78464849587936e-06 21.5
220 1.36405407818852e-05 22
225 2.60752483040338e-05 22.5
230 4.682878418143805e-05 23
235 7.852487647426947e-05 23.5
240 0.0001228713655810697 24
245 0.0001801255585706496 24.5
250 0.0002490473654931922 25
255 0.0003271610279374756 25.5
260 0.0004112513226063356 26
265 0.0004979408503548367 26.5
270 0.0005841126120498568 27
275 0.000666976174785846 27.5
280 0.0007444716455549824 28
285 0.0008150645427335069 28.5
290 0.0008778041175542449 29
295 0.0009326049926808026 29.5
300 0.000980221046716524 30
305 0.001021696833024441 30.5
310 0.001058174366964638 31
315 0.001090427368134326 31.5
320 0.001118916405433986 32
325 0.001143904539840108 32.5
330 0.001165634255208997 33
335 0.001184507175939537 33.5
340 0.001201131853169602 34
345 0.001216246031966167 34.5
350 0.001230382454056444 35
355 0.0012439301604227 35.5
360 0.001257322029575721 36
365 0.00127109018040043 36.5
370 0.001285679882803404 37
375 0.00130141463342129 37.5
380 0.00131836940546641 38
385 0.001336570630888073 38.5
390 0.001356019444169702 39
395 0.001376651396797678 39.5
400 0.001398348156799714 40
405 0.001420760487062052 40.5
410 0.001443627372409921 41
415 0.001466758962181242 41.5
420 0.001490056770071744 42
425 0.001513492962461027 42.5
430 0.001537104927573513 43
435 0.001561060790815207 43.5
440 0.001585572506792388 44
445 0.001610893020937439 44.5
450 0.001637241570350489 45
455 0.001664650541329027 45.5
460 0.001692998353954223 46
465 0.001721779057290548 46.5
470 0.001750358478992 47
475 0.001777940156386187 47.5
480 0.001803766583021632 48
485 0.001827156572749113 48.5
490 0.001847468283192213 49
495 0.001864180784242226 49.5
500 0.001876867334709119 50
505 0.001885164220379453 50.5
510 0.001888789866823193 51
515 0.001887587760236655 51.5
520 0.001881655705164492 52
525 0.001871211382288525 52.5
530 0.001856677993193405 53
535 0.001838698322010128 53.5
540 0.00181802151515614 54
545 0.001795372541022842 54.5
550 0.001771369490413294 55
555 0.001746562847851674 55.5
560 0.00172150909178803 56
565 0.001696843043156133 56.5
570 0.001673458713262296 57
575 0.001652401388634039 57.5
580 0.001634664300547702 58
585 0.00162094491511091 58.5
590 0.001611387956318683 59
595 0.001605697754848443 59.5
600 0.001603438458883635 60
605 0.00160420917361866 60.5
610 0.00160770081000774 61
615 0.001613664203139945 61.5
620 0.001621857678430765 62
625 0.001632039425853957 62.5
630 0.001643902399869872 63
635 0.001657146338289553 63.5
640 0.001671486641298416 64
645 0.001686556005318247 64.5
650 0.001702013092182898 65
655 0.001717617387222687 65.5
660 0.001733183617737884 66
665 0.001748520307596458 66.5
670 0.001763510299056378 67
675 0.001778144536271295 67.5
680 0.001792564586267753 68
685 0.001807028640602028 68.5
690 0.001821891342633371 69
695 0.001837478279938415 69.5
700 0.001854096574785162 70
705 0.001871978687360385 70.5
710 0.001891116225552528 71
715 0.001911253341067471 71.5
720 0.001932072838310851 72
725 0.00195313940700278 72.5
730 0.001973982672987932 73
735 0.001994259530401562 73.5
740 0.002013641152427777 74
745 0.002031857212789344 74.5
750 0.002048705651501558 75
755 0.002064043206509142 75.5
760 0.0020777609524217 76
765 0.002089819212772951 76.5
770 0.002100210271447871 77
775 0.002108985142690616 77.5
780 0.002116230999901349 78
785 0.002122059562333022 78.5
790 0.002126606409934944 79
795 0.002130009732026658 79.5
800 0.002132426744970474 80
805 0.00213402037338632 80.5
810 0.002134939072490686 81
815 0.00213531819149794 81.5
820 0.002135274875734536 82
825 0.002134887577881326 82.5
830 0.002134233739262646 83
835 0.002133377953697686 83.5
840 0.002132384077561477 84
845 0.002131317415586499 84.5
850 0.002130235665798735 85
855 0.002129189649059676 85.5
860 0.002128268440192567 86
865 0.002127509063214781 86.5
870 0.002126927346205613 87
875 0.002126545966365478 87.5
880 0.002126376976505272 88
885 0.002126434614284463 88.5
890 0.002126709399509899 89
895 0.002127199223806339 89.5
900 0.002127891544536335 90
905 0.002128770691197287 90.5
910 0.002129807444400317 91
915 0.00213098069825497 91.5
920 0.002132268805056992 92
925 0.002133664834685362 92.5
930 0.002135160831004351 93
935 0.002136749890590096 93.5
940 0.002138446563929815 94
945 0.002140253213650654 94.5
950 0.002142194704987812 95
955 0.002144287766302451 95.5
960 0.002146542578371452 96
965 0.002148958258730488 96.5
970 0.002151534733737358 97
975 0.002154268576853551 97.5
980 0.002157160755444148 98
985 0.002160219418237641 98.5
990 0.002163452952319795 99
995 0.00216687310321523 99.5
1000 0.002170490898052025 100
1005 0.002174320541205863 100.5
1010 0.00217837139758376 101
1015 0.002182649269437837 101.5
1020 0.002187152407331213 102
1025 0.002191874471736562 102.5
1030 0.002196797358517352 103
1035 0.002201899936638432 103.5
1040 0.002207147411884249 104
1045 0.002212508962178184 104.5
1050 0.002217939465779196 105
1055 0.002223384535999059 105.5
1060 0.002228811707826809 106
1065 0.002234149161812605 106.5
1070 0.002239367926704062 107
1075 0.002244454423756901 107.5
1080 0.0022494012390192 108
1085 0.00225420457077183 108.5
1090 0.002258869091368458 109
1095 0.002263434673809315 109.5
1100 0.002267950663828785 110
1105 0.002272488204768144 110.5
1110 0.002277118046313596 111
1115 0.002281885027510395 111.5
1120 0.002286819032975564 112
1125 0.002291942568333534 112.5
1130 0.002297265279698051 113
1135 0.002302783943251388 113.5
1140 0.002308485624364252 114
1145 0.00231435340897327 114.5
1150 0.002320361448019699 115
1155 0.002326476698087416 115.5
1160 0.002332663549889492 116
1165 0.00233888576455236 116.5
1170 0.00234510691283894 117
1175 0.002351253121065242 117.5
1180 0.002357278192636751 118
1185 0.002363139717212983 118.5
1190 0.002368804208349327 119
1195 0.002374249535409761 119.5
1200 0.002379459601424869 120
1205 0.002384421978048445 120.5
1210 0.002389124608345148 121
1215 0.002393558471955136 121.5
1220 0.002397693091882575 122
1225 0.002401506032599845 122.5
1230 0.002404985949320323 123
1235 0.002408125416706333 123.5
1240 0.002410910858748469 124
1245 0.002413331088331689 124.5
1250 0.002415385004055254 125
1255 0.002417071226926885 125.5
1260 0.002418391449348939 126
1265 0.002419308355125672 126.5
1270 0.002419844700652844 127
1275 0.002420007011122455 127.5
1280 0.002419818116410264 128
1285 0.002419291204778761 128.5
1290 0.002418421883854697 129
1295 0.002417210861594124 129.5
1300 0.00241568721400415 130
1305 0.002413891441127672 130.5
1310 0.002411871143819733 131
1315 0.002409667463052422 131.5
1320 0.002407322951976784 132
1325 0.002404877746101569 132.5
1330 0.002402369883643085 133
1335 0.002399834810695891 133.5
1340 0.002397309188892879 134
1345 0.002394827932873021 134.5
1350 0.002392426058522058 135
1355 0.002390135483136325 135.5
1360 0.002387983200790841 136
1365 0.002386000734392067 136.5
1370 0.002384225712400837 137
1375 0.002382656167764299 137.5
1380 0.002381290904602149 138
1385 0.002380133450267897 138.5
1390 0.002379188027861443 139
1395 0.002378459696648466 139.5
1400 0.002377960321769948 140
1405 0.002377697141071296 140.5
1410 0.002377674249578846 141
1415 0.002377883570967447 141.5
1420 0.002378314447861156 142
1425 0.00237895969125561 142.5
1430 0.002379804517100726 143
1435 0.002380844794760741 143.5
1440 0.002382081261177558 144
1445 0.002383518293046675 144.5
1450 0.002385165332826812 145
1455 0.002387032777522751 145.5
1460 0.002389118777786759 146
1465 0.002391411874780609 146.5
1470 0.002393888786548877 147
1475 0.002396515631827033 147.5
1480 0.002399289840861109 148
1485 0.002402165864629662 148.5
1490 0.00240512544111129 149
1495 0.002408164956511209 149.5
1500 0.002411289013950295 150
1505 0.002414514914316516 150.5
1510 0.00241784649730554 151
1515 0.002421279757910841 151.5
1520 0.002424800538107294 152
1525 0.002428379715691601 152.5
1530 0.00243198049387713 153
1535 0.002435561499835464 153.5
1540 0.002439091012274181 154
1545 0.002442547187014811 154.5
1550 0.002445920119624791 155
1555 0.00244920820802294 155.5
1560 0.002452413509609696 156
1565 0.002455542845774982 156.5
1570 0.002458608773408481 157
1575 0.002461603697562537 157.5
1580 0.002464526961493949 158
1585 0.002467382552521511 158.5
1590 0.002470149093805402 159
1595 0.002472805022212453 159.5
1600 0.002475332159286369 160
1605 0.002477713038910006 160.5
1610 0.002479942852756675 161
1615 0.002481980089806575 161.5
1620 0.00248382875670327 162
1625 0.002485457449463007 162.5
1630 0.002486850073546714 163
1635 0.002487999953443745 163.5
1640 0.00248891270527334 164
1645 0.002489597456507767 164.5
1650 0.00249006804939536 165
1655 0.002490334714604921 165.5
1660 0.002490421967926767 166
1665 0.002490329355450624 166.5
1670 0.002490061265784713 167
1675 0.002489638560163947 167.5
1680 0.002489088372104775 168
1685 0.002488417054421619 168.5
1690 0.002487630090680867 169
1695 0.002486729419885977 169.5
1700 0.002485717503544118 170
1705 0.002484593135667883 170.5
1710 0.002483354891881464 171
1715 0.002482002220308204 171.5
1720 0.002480535039397875 172
1725 0.002478957948374601 172.5
1730 0.002477281112877629 173
1735 0.002475511466600211 173.5
1740 0.002473650090824084 174
1745 0.002471677620044646 174.5
1750 0.002469606056202313 175
1755 0.002467437846194694 175.5
1760 0.002465149753644136 176
1765 0.002462710063952192 176.5
1770 0.002460102414439007 177
1775 0.00245733423823538 177.5
1780 0.002454412667660658 178
1785 0.002451348923610761 178.5
1790 0.002448159116536922 179
1795 0.002444870741723474 179.5
1800 0.002441514074515613 180
1805 0.002438118462919579 180.5
1810 0.00243471561602355 181
1815 0.002431338736175952 181.5
1820 0.002428011690837395 182
1825 0.00242476527140018 182.5
1830 0.00242162621774967 183
1835 0.002418615086653911 183.5
1840 0.002415755409342479 184
1845 0.002413066891439053 184.5
1850 0.002410570016639072 185
1855 0.002408282777785023 185.5
1860 0.002406215690758215 186
1865 0.002404374278071992 186.5
1870 0.002402762141063964 187
1875 0.002401381972570939 187.5
1880 0.002400231412881602 188
1885 0.002399308799494434 188.5
1890 0.002398602825203462 189
1895 0.002398115254731379 189.5
1900 0.002397834640839677 190
1905 0.002397746513317011 190.5
1910 0.002397830820636453 191
1915 0.00239806766556074 191.5
1920 0.002398429578565973 192
1925 0.002398905971013001 192.5
1930 0.002399482004223007 193
1935 0.00240013889130795 193.5
1940 0.002400860216539975 194
1945 0.002401625200459602 194.5
1950 0.002402417454542386 195
1955 0.002403223621290583 195.5
1960 0.002404036003713863 196
1965 0.002404847960078171 196.5
1970 0.002405656310772393 197
1975 0.002406459782345 197.5
1980 0.002407257208143969 198
1985 0.002408049222628566 198.5
1990 0.002408840294653049 199
1995 0.002409633487058801 199.5
2000 0.002410436067178305 200
2005 0.002411251152454375 200.5
2010 0.002412089476418344 201
2015 0.002412958215783247 201.5
2020 0.002413864337603866 202
2025 0.002414812794874234 202.5
2030 0.002415807088843556 203
2035 0.002416849995306793 203.5
2040 0.002417940394778125 204
2045 0.002419080329449119 204.5
2050 0.002420269046737658 205
2055 0.002421499571642546 205.5
2060 0.002422762720924243 206
2065 0.002424050093124289 206.5
2070 0.00242535043436687 207
2075 0.002426652992985424 207.5
2080 0.002427943114732661 208
2085 0.00242920915285329 208.5
2090 0.00243043200376693 209
2095 0.002431604094179419 209.5
2100 0.002432724734983452 210
2105 0.002433781927822599 210.5
2110 0.002434760661365587 211
2115 0.002435642031637323 211.5
2120 0.002436404139924868 212
2125 0.002437028446996192 212.5
2130 0.00243749257674677 213
2135 0.002437771210195048 213.5
2140 0.002437844033718236 214
2145 0.002437689601732821 214.5
2150 0.002437289315371319 215
2155 0.00243663730999651 215.5
2160 0.002435726916598754 216
2165 0.002434559022514546 216.5
2170 0.002433132471141071 217
2175 0.002431452935828646 217.5
2180 0.002429511511485835 218
2185 0.002427309284882057 218.5
2190 0.002424858310466128 219
2195 0.002422176924376803 219.5
2200 0.002419279906017614 220
2205 0.002416188839432019 220.5
2210 0.002412920646667516 221
2215 0.002409494952373801 221.5
2220 0.002405933245688332 222
2225 0.002402263175973935 222.5
2230 0.002398519289738797 223
2235 0.002394733317600864 223.5
2240 0.002390933140090633 224
2245 0.002387126400897456 224.5
2250 0.002383338796806289 225
2255 0.002379600994185469 225.5
2260 0.002375931003403334 226
2265 0.002372362361280678 226.5
2270 0.002368913522504972 227
2275 0.002365585958806056 227.5
2280 0.002362410034353194 228
2285 0.002359406375536284 228.5
2290 0.002356590089412984 229
2295 0.002353975604129116 229.5
2300 0.002351568472319746 230
2305 0.002349372792143875 230.5
2310 0.002347391225875476 231
2315 0.002345629099561742 231.5
2320 0.002344106929374488 232
2325 0.002342803787575184 232.5
2330 0.002341702551981696 233
2335 0.002340787619450432 233.5
2340 0.002340058165131023 234
2345 0.002339517663232826 234.5
2350 0.002339160457586379 235
2355 0.00233898045348795 235.5
2360 0.002338975905933178 236
2365 0.00233914144589105 236.5
2370 0.00233947145363664 237
2375 0.002339959556157625 237.5
2380 0.002340591795056703 238
2385 0.002341338619291581 238.5
2390 0.002342225825578912 239
2395 0.002343223899335783 239.5
2400 0.002344304382856653 240
2405 0.002345458183837365 240.5
2410 0.002346673870385316 241
2415 0.002347943603096874 241.5
2420 0.00234926019224394 242
2425 0.002350614204230566 242.5
2430 0.002351995369903861 243
2435 0.002353393126411126 243.5
2440 0.002354796674555414 244
2445 0.002356197758014635 244.5
2450 0.002357585864155013 245
2455 0.002358961276981472 245.5
2460 0.002360323615299891 246
2465 0.002361677114537667 246.5
2470 0.002363021191564941 247
2475 0.002364356932097783 247.5
2480 0.002365689351401639 248
2485 0.002367025430550863 248.5
2490 0.002368371682675256 249
2495 0.002369730608106458 249.5
2500 0.002371112104857263 250
2505 0.002372522282527076 250.5
2510 0.002373969272227856 251
2515 0.002375456797167856 251.5
2520 0.002376986840781037 252
2525 0.002378559755243521 252.5
2530 0.002380174177198712 253
2535 0.002381828077462605 253.5
2540 0.002383522001920072 254
2545 0.002385256421508231 254.5
2550 0.002387030581247137 255
2555 0.002388836970728865 255.5
2560 0.002390666468507482 256
2565 0.002392509081500006 256.5
2570 0.0023943709970866 257
2575 0.002396240946902865 257.5
2580 0.002398108777602158 258
2585 0.00239995429432186 258.5
2590 0.002401789584795424 259
2595 0.002403584425048648 259.5
2600 0.002405335109891533 260
2605 0.002407038683692945 260.5
2610 0.002408686532800903 261
2615 0.002410267791806906 261.5
2620 0.002411772735719901 262
2625 0.002413192173853885 262.5
2630 0.002414516785180011 263
2635 0.002415737748507868 263.5
2640 0.002416840746292696 264
2645 0.002417811314464469 264.5
2650 0.002418622963232899 265
2655 0.002419254157495166 265.5
2660 0.00241967839409967 266
2665 0.002419883183813251 266.5
2670 0.002419876145969309 267
2675 0.002419656106693464 267.5
2680 0.002419218577063029 268
2685 0.002418565939796836 268.5
2690 0.002417705846535485 269
2695 0.002416654081570625 269.5
2700 0.002415421999044844 270
2705 0.002414022599617314 270.5
2710 0.002412466024082212 271
2715 0.002410771494731143 271.5
2720 0.002408959960928552 272
2725 0.002407052128819111 272.5
2730 0.002405069713128889 273
2735 0.002403033647798803 273.5
2740 0.002400950063876287 274
2745 0.002398857224502946 274.5
2750 0.002396743698265125 275
2755 0.002394644726167883 275.5
2760 0.002392589398964131 276
2765 0.002390584184712475 276.5
2770 0.00238864919515801 277
2775 0.002386795488086153 277.5
2780 0.002385033410557412 278
2785 0.002383368939898979 278.5
2790 0.002381802302775971 279
2795 0.002380329744313367 279.5
2800 0.002378947519381936 280
2805 0.002377647731178477 280.5
2810 0.002376421333029147 281
2815 0.002375259164964083 281.5
2820 0.002374153521514212 282
2825 0.002373097508517972 282.5
2830 0.002372086451533256 283
2835 0.002371123053277361 283.5
2840 0.002370216806757512 284
2845 0.002369355811304022 284.5
2850 0.002368562380641791 285
2855 0.002367837977036515 285.5
2860 0.002367180109441118 286
2865 0.00236659483211914 286.5
2870 0.002366098784514518 287
2875 0.002365690087756928 287.5
2880 0.002365342402959498 288
2885 0.002365039910004716 288.5
2890 0.002364778090452136 289
2895 0.002364554887917462 289.5
2900 0.002364365688334232 290
2905 0.002364207689547988 290.5
2910 0.002364074515654745 291
2915 0.002363958927889705 291.5
2920 0.002363855817192728 292
2925 0.002363762557212296 292.5
2930 0.002363675685718671 293
2935 0.002363596115496885 293.5
2940 0.002363525972357538 294
2945 0.00236347094301719 294.5
2950 0.002363441169713226 295
2955 0.002363447247718972 295.5
2960 0.002363502707514196 296
2965 0.002363620377219659 296.5
2970 0.002363813395222554 297
2975 0.002364094861328503 297.5
2980 0.002364468571705166 298
2985 0.002364932426604733 298.5
2990 0.002365484521803959 299
2995 0.002366123023390772 299.5
3000 0.002366849382673353 300
