0 0 0
5 9.071864717263032e-33 0.5
10 1.688044864346393e-31 1
15 4.638516039529123e-31 1.5
20 5.009536502995278e-21 2
25 2.098675049088795e-18 2.5
30 7.642026700846436e-16 3
35 2.579444958501372e-14 3.5
40 2.185492383155687e-13 4
45 1.066597121712718e-12 4.5
50 3.789074881472764e-12 5
55 1.070672915801531e-11 5.5
60 2.535668751127527e-11 6
65 5.245656752066307e-11 6.5
70 9.778030127367703e-11 7
75 1.679694969372297e-10 7.5
80 2.70223472756698e-10 8
85 4.117385075708304e-10 8.5
90 5.987416015449476e-10 9
95 8.35593653993894e-10 9.5
100 1.124603272367008e-09 10
105 1.466357119709134e-09 10.5
110 1.860302345596436e-09 11
115 2.304977670842883e-09 11.5
120 2.798297432554854e-09 12
125 3.337916991166521e-09 12.5
130 3.921450375228767e-09 13
135 4.548784595600491e-09 13.5
140 5.231120659215064e-09 14
145 6.012179117983903e-09 14.5
150 7.017578794578141e-09 15
155 8.553205296447941e-09 15.5
160 1.130221433470453e-08 16
165 1.671010583449832e-08 16.5
170 2.779003647900658e-08 17
175 5.081280328564703e-08 17.5
180 9.876018157259341e-08 18
185 1.994845425557569e-07 18.5
190 4.129544987132012e-07 19
195 8.694842026172355e-07 19.5
200 1.849548356361114e-06 20
205 3.950907403064694e-06 20.5
210 8.384362202759621e-06 21
215 1.745011633013669e-05 21.5
220 3.50834716926657e-05 22
225 6.706554017042184e-05 22.5
230 0.0001204436356667945 23
235 0.0002019659869067418 23.5
240 0.0003160251594956829 24
245 0.0004632829472297213 24.5
250 0.0006405498386850475 25
255 0.000841458183082498 25.5
260 0.001057738425912807 26
265 0.00128070389637671 26.5
270 0.001502337672520632 27
275 0.001715462760747502 27.5
280 0.001914781116120143 28
285 0.002096346051812065 28.5
290 0.002257712241938219 29
295 0.002398660095984383 29.5
300 0.002521128589762662 30
305 0.002627804314584163 30.5
310 0.002721624534022141 31
315 0.002804579254926093 31.5
320 0.002877853060535123 32
325 0.002942122543696226 32.5
330 0.00299801137290207 33
335 0.003046552526130183 33.5
340 0.003089311196942944 34
345 0.003128184865695973 34.5
350 0.003164543744142965 35
355 0.003199388445713178 35.5
360 0.003233832333961791 36
365 0.003269244018692098 36.5
370 0.003306768734129985 37
375 0.003347238513643923 37.5
380 0.003390846188340406 38
385 0.003437659741194612 38.5
390 0.003487682090097973 39
395 0.003540747473469672 39.5
400 0.003596551541470029 40
405 0.003654196056221939 40.5
410 0.003713009686680549 41
415 0.003772504136931835 41.5
420 0.003832426100195422 42
425 0.003892703988398007 42.5
430 0.003953433964055001 43
435 0.004015048445720528 43.5
440 0.004078092580654395 44
445 0.004143216944523558 44.5
450 0.004210985415162431 45
455 0.00428148129013006 45.5
460 0.004354391865868069 46
465 0.004428415836540545 46.5
470 0.004501922110836297 47
475 0.004572862186715126 47.5
480 0.004639287757539314 48
485 0.004699446812493028 48.5
490 0.004751688532946406 49
495 0.004794673086629235 49.5
500 0.004827302895175674 50
505 0.004848642485607384 50.5
510 0.004857967648473762 51
515 0.004854875830262539 51.5
520 0.004839618584268307 52
525 0.004812755785217506 52.5
530 0.004775375907610726 53
535 0.00472913219227067 53.5
540 0.004675951443827034 54
545 0.004617698281025107 54.5
550 0.004555962433446686 55
555 0.00449215974732031 55.5
560 0.004427721485252204 56
565 0.004364280406721336 56.5
570 0.004304135908860085 57
575 0.004249976468678666 57.5
580 0.004204356677078197 58
585 0.004169070416928477 58.5
590 0.004144489918353204 59
595 0.004129854719837332 59.5
600 0.004124043810483068 60
605 0.004126026088826847 60.5
610 0.004135006577824765 61
615 0.004150344425311266 61.5
620 0.004171418044240786 62
625 0.00419760549921162 62.5
630 0.004228117069077742 63
635 0.004262180479471511 63.5
640 0.004299063739653088 64
645 0.004337822144797722 64.5
650 0.004377577773122021 65
655 0.004417712020881425 65.5
660 0.004457748366681343 66
665 0.004497194333898935 66.5
670 0.004535748592814811 67
675 0.004573387851791635 67.5
680 0.004610476221229993 68
685 0.004647677769827806 68.5
690 0.004685904640325903 69
695 0.004725994243990524 69.5
700 0.004768736499313017 70
705 0.004814729293907426 70.5
710 0.004863951043262334 71
715 0.004915743705550228 71.5
720 0.004969291453683766 72
725 0.005023474669597494 72.5
730 0.005077083550936267 73
735 0.005129235629395797 73.5
740 0.005179085162386284 74
745 0.005225936870706794 74.5
750 0.005269271056064798 75
755 0.005308719248445692 75.5
760 0.005344001291738987 76
765 0.00537501513807107 76.5
770 0.005401740941593647 77
775 0.005424309910945689 77.5
780 0.005442946256117536 78
785 0.005457937319034343 78.5
790 0.005469631811333707 79
795 0.005478385155953608 79.5
800 0.005484601713387151 80
805 0.005488700525766366 80.5
810 0.005491063419916785 81
815 0.005492038514025724 81.5
820 0.005491927105879702 82
825 0.005490930975778486 82.5
830 0.005489249302812816 83
835 0.005487048222289443 83.5
840 0.005484491972808704 84
845 0.005481748518146373 84.5
850 0.005478966257628669 85
855 0.005476275902514333 85.5
860 0.00547390655325399 86
865 0.005471953435622495 86.5
870 0.005470457259440727 87
875 0.005469476350469486 87.5
880 0.005469041708539105 88
885 0.005469189952910573 88.5
890 0.005469896700526542 89
895 0.005471156528645774 89.5
900 0.00547293717760401 90
905 0.005475198342867647 90.5
910 0.005477864872166769 91
915 0.005480882481149889 91.5
920 0.005484195491920393 92
925 0.005487786080206605 92.5
930 0.005491633782826966 93
935 0.005495720844174891 93.5
940 0.005500084688104362 94
945 0.005504731391292538 94.5
950 0.00550972490712581 95
955 0.005515108260950071 95.5
960 0.005520907637724058 96
965 0.005527120767749466 96.5
970 0.005533747461618556 97
975 0.005540778906274075 97.5
980 0.005548217589779064 98
985 0.005556084470663685 98.5
990 0.005564401120513021 99
995 0.005573197748817083 99.5
1000 0.005582502717349937 100
1005 0.005592352559766678 100.5
1010 0.005602771362608699 101
1015 0.005613774049268796 101.5
1020 0.005625356120195208 102
1025 0.005637501270123283 102.5
1030 0.005650162935212793 103
1035 0.005663286766440091 103.5
1040 0.005676783273080727 104
1045 0.005690573180751828 104.5
1050 0.005704540436332783 105
1055 0.005718545157258277 105.5
1060 0.005732503843518207 106
1065 0.005746231775483357 106.5
1070 0.005759654439090891 107
1075 0.005772736909809728 107.5
1080 0.005785460118955085 108
1085 0.005797814288505143 108.5
1090 0.005809811435753803 109
1095 0.005821554114060009 109.5
1100 0.005833169240655492 110
1105 0.005844839796218196 110.5
1110 0.005856747748945196 111
1115 0.005869008424863518 111.5
1120 0.005881698687209905 112
1125 0.005894876420451714 112.5
1130 0.005908566434394068 113
1135 0.005922760437377585 113.5
1140 0.00593742516153496 114
1145 0.005952517103894204 114.5
1150 0.005967969780674713 115
1155 0.005983698204208275 115.5
1160 0.005999610787406818 116
1165 0.006015614323885393 116.5
1170 0.006031615117644096 117
1175 0.006047423165563358 117.5
1180 0.006062919649999375 118
1185 0.006077995491553926 118.5
1190 0.006092564563089506 119
1195 0.006106569944608965 119.5
1200 0.006119970234706019 120
1205 0.006132733467673496 120.5
1210 0.00614482863307299 121
1215 0.006156232530538458 121.5
1220 0.006166866773234823 122
1225 0.006176673656983729 122.5
1230 0.006185624002993315 123
1235 0.006193698713294639 123.5
1240 0.006200862870390714 124
1245 0.006207087701020994 124.5
1250 0.006212370372382712 125
1255 0.006216707337707645 125.5
1260 0.00622010294985476 126
1265 0.006222461231566404 126.5
1270 0.00622384071229381 127
1275 0.00622425817483119 127.5
1280 0.006223772337620331 128
1285 0.006222417120873139 128.5
1290 0.006220181227405358 129
1295 0.00621706647807999 129.5
1300 0.006213147656389035 130
1305 0.006208528928445194 130.5
1310 0.006203332723650442 131
1315 0.006197664856587407 131.5
1320 0.006191634773963079 132
1325 0.00618534570430832 132.5
1330 0.006178895481917711 133
1335 0.006172375274148543 133.5
1340 0.006165879374722763 134
1345 0.006159497584093864 134.5
1350 0.006153319963122031 135
1355 0.006147428603095308 135.5
1360 0.006141892932776232 136
1365 0.006136794029082075 136.5
1370 0.006132228672416315 137
1375 0.006128191803518896 137.5
1380 0.00612468034658561 138
1385 0.006121703373969889 138.5
1390 0.006119271747484926 139
1395 0.006117398479562346 139.5
1400 0.006116114087345448 140
1405 0.006115437186573048 140.5
1410 0.006115378309653123 141
1415 0.006115916684276907 141.5
1420 0.00611702489967285 142
1425 0.006118684465721305 142.5
1430 0.006120857357844594 143
1435 0.006123532952047291 143.5
1440 0.00612671314374401 144
1445 0.006130409189795835 144.5
1450 0.006134645376207143 145
1455 0.006139448444074849 145.5
1460 0.006144813636876473 146
1465 0.00615071148247942 146.5
1470 0.006157082099692973 147
1475 0.00616383834590277 147.5
1480 0.006170973611701455 148
1485 0.006178370745003198 148.5
1490 0.00618598277588788 149
1495 0.006193800409675104 149.5
1500 0.006201835485592035 150
1505 0.006210132501523542 150.5
1510 0.00621870133316711 151
1515 0.006227531679645718 151.5
1520 0.006236587126517911 152
1525 0.006245792771475097 152.5
1530 0.006255053973179898 153
1535 0.006264264320715188 153.5
1540 0.006273342226914998 154
1545 0.006282231508551018 154.5
1550 0.006290906691422115 155
1555 0.006299363654975396 155.5
1560 0.006307607690844909 156
1565 0.006315656343645935 156.5
1570 0.006323541909699479 157
1575 0.006331244854799724 157.5
1580 0.006338763489803117 158
1585 0.00634610807009383 158.5
1590 0.006353223614438588 159
1595 0.006360054662457611 159.5
1600 0.006366554459160244 160
1605 0.006372678081692164 160.5
1610 0.006378413163036844 161
1615 0.006383652936848914 161.5
1620 0.006388407708215861 162
1625 0.006392596706089623 162.5
1630 0.006396178535314763 163
1635 0.006399136026477504 163.5
1640 0.006401483624236863 164
1645 0.006403244804452054 164.5
1650 0.0064044551693866 165
1655 0.006405141032321262 165.5
1660 0.006405365447870178 166
1665 0.006405127248576096 166.5
1670 0.006404437721939618 167
1675 0.006403350523058163 167.5
1680 0.006401935439337639 168
1685 0.00640020881021711 168.5
1690 0.006398184739429644 169
1695 0.006395868214092254 169.5
1700 0.006393265565201523 170
1705 0.006390373690957767 170.5
1710 0.006387188927866327 171
1715 0.006383709856500405 171.5
1720 0.00637993626711281 172
1725 0.006375879988908264 172.5
1730 0.006371567167911504 173
1735 0.006367015637581985 173.5
1740 0.006362228178976391 174
1745 0.006357154984015755 174.5
1750 0.006351826921691527 175
1755 0.006346250285424506 175.5
1760 0.00634036531125 176
1765 0.006334090429218939 176.5
1770 0.006327383554517774 177
1775 0.006320263805159359 177.5
1780 0.006312749525469472 178
1785 0.006304869575593082 178.5
1790 0.006296665391611702 179
1795 0.006288207691398256 179.5
1800 0.006279574343142367 180
1805 0.006270840829917803 180.5
1810 0.006262088707501232 181
1815 0.006253403372334749 181.5
1820 0.006244846211528449 182
1825 0.006236496420545141 182.5
1830 0.006228422774371547 183
1835 0.006220678145016291 183.5
1840 0.006213323054803223 184
1845 0.006206408186597607 184.5
1850 0.006199986224465313 185
1855 0.006194103445998279 185.5
1860 0.006188786898043846 186
1865 0.00618405078450666 186.5
1870 0.006179904368027266 187
1875 0.006176354574582092 187.5
1880 0.006173395334993499 188
1885 0.00617102237330748 188.5
1890 0.00616920660738961 189
1895 0.00616795257610676 189.5
1900 0.006167230837160811 190
1905 0.006167004173167334 190.5
1910 0.006167221011597892 191
1915 0.006167830176757079 191.5
1920 0.006168761017027807 192
1925 0.00616998629842956 192.5
1930 0.006171467855879551 193
1935 0.00617315736950063 193.5
1940 0.00617501261803979 194
1945 0.006176980156726027 194.5
1950 0.006179017834273509 195
1955 0.00618109129519725 195.5
1960 0.006183180742837672 196
1965 0.00618526909465439 196.5
1970 0.006187348172687437 197
1975 0.006189414701619401 197.5
1980 0.006191465680821215 198
1985 0.006193502742122146 198.5
1990 0.006195537379415606 199
1995 0.006197577470329816 199.5
2000 0.006199641706444348 200
2005 0.006201738105822303 200.5
2010 0.006203894275106901 201
2015 0.006206128672804487 201.5
2020 0.006208459218180371 202
2025 0.006210898650335498 202.5
2030 0.006213455974483031 203
2035 0.006216138329967767 203.5
2040 0.006218942837472117 204
2045 0.006221874749512908 204.5
2050 0.006224932130448891 205
2055 0.00622809704057658 205.5
2060 0.006231345860603341 206
2065 0.006234656981977519 206.5
2070 0.006238001459729859 207
2075 0.006241351640573331 207.5
2080 0.006244669833783044 208
2085 0.006247926083903709 208.5
2090 0.006251071256525458 209
2095 0.006254085873135262 209.5
2100 0.006256968161349095 210
2105 0.006259687261393513 210.5
2110 0.006262204564123599 211
2115 0.006264471448514304 211.5
2120 0.006266431591074657 212
2125 0.006268037308898793 212.5
2130 0.006269231050644555 213
2135 0.006269947695889902 213.5
2140 0.006270134997995823 214
2145 0.00626973779892026 214.5
2150 0.006268708262374949 215
2155 0.006267031304512623 215.5
2160 0.006264689772640091 216
2165 0.006261685948986871 216.5
2170 0.006258016858770454 217
2175 0.006253697093848191 217.5
2180 0.006248703750324383 218
2185 0.006243039623370041 218.5
2190 0.006236735717028228 219
2195 0.006229839191848897 219.5
2200 0.006222388060458806 220
2205 0.006214437837018993 220.5
2210 0.006206032045036618 221
2215 0.006197221159111855 221.5
2220 0.006188060449307507 222
2225 0.006178621029786386 222.5
2230 0.006168991754169582 223
2235 0.006159254233608316 223.5
2240 0.006149480176828667 224
2245 0.006139689243400092 224.5
2250 0.006129947525455012 225
2255 0.006120333896894592 225.5
2260 0.006110894680387254 226
2265 0.006101716132638053 226.5
2270 0.006092845719104249 227
2275 0.006084287225075076 227.5
2280 0.006076118747195664 228
2285 0.006068393336542048 228.5
2290 0.006061149848467407 229
2295 0.006054425392163643 229.5
2300 0.006048234249008476 230
2305 0.006042586959467094 230.5
2310 0.006037490370908317 231
2315 0.006032958181925832 231.5
2320 0.006029043160114758 232
2325 0.00602569147933036 232.5
2330 0.00602285910131919 233
2335 0.006020505894795009 233.5
2340 0.006018629738242618 234
2345 0.00601723956732869 234.5
2350 0.006016320834385035 235
2355 0.006015857863833296 235.5
2360 0.006015846167522156 236
2365 0.00601627193630353 236.5
2370 0.006017120716244583 237
2375 0.006018376115957242 237.5
2380 0.006020002234442829 238
2385 0.006021923066418826 238.5
2390 0.006024204961041984 239
2395 0.006026772006803312 239.5
2400 0.006029551010482488 240
2405 0.00603251858667269 240.5
2410 0.006035645332545466 241
2415 0.006038911085154215 241.5
2420 0.006042297352517844 242
2425 0.006045779871427023 242.5
2430 0.006049332229619908 243
2435 0.006052927259438741 243.5
2440 0.006056537185348336 244
2445 0.006060140772087795 244.5
2450 0.006063710981162427 245
2455 0.006067248543032912 245.5
2460 0.00607075247726795 246
2465 0.006074233677387055 246.5
2470 0.006077690643580197 247
2475 0.006081126168309168 247.5
2480 0.006084553150836991 248
2485 0.006087989546487317 248.5
2490 0.006091452107030377 249
2495 0.006094947263319291 249.5
2500 0.006098500473043551 250
2505 0.006102127450093187 250.5
2510 0.006105849107688635 251
2515 0.006109675021921735 251.5
2520 0.00611361029418476 252
2525 0.006117655830274707 252.5
2530 0.006121808123638339 253
2535 0.006126061955214273 253.5
2540 0.006130418729018428 254
2545 0.006134879656301107 254.5
2550 0.00613944279525384 255
2555 0.006144088829107008 255.5
2560 0.006148794297501129 256
2565 0.006153533498226191 256.5
2570 0.006158322345224336 257
2575 0.006163131856261667 257.5
2580 0.006167935916930021 258
2585 0.006172682586041557 258.5
2590 0.006177402953247424 259
2595 0.0061820192824842 259.5
2600 0.006186522044002986 260
2605 0.006190903635920337 260.5
2610 0.006195141903922849 261
2615 0.006199208902179221 261.5
2620 0.00620307961801189 262
2625 0.006206730412975916 262.5
2630 0.006210137313384561 263
2635 0.006213277631135566 263.5
2640 0.006216114541502966 264
2645 0.006218610842897807 264.5
2650 0.00622069840357791 265
2655 0.006222321835257555 265.5
2660 0.006223412971829274 266
2665 0.006223939690984639 266.5
2670 0.006223921589649607 267
2675 0.0062233556486192 267.5
2680 0.006222230322384008 268
2685 0.006220551739297006 268.5
2690 0.00621833957937826 269
2695 0.00621563443982683 269.5
2700 0.006212465523498111 270
2705 0.00620886626808826 270.5
2710 0.006204862755720499 271
2715 0.00620050442612996 271.5
2720 0.006195845161083233 272
2725 0.006190938216785628 272.5
2730 0.006185839443513868 273
2735 0.006180602683365229 273.5
2740 0.006175243705394065 274
2745 0.006169860922402834 274.5
2750 0.006164424932794948 275
2755 0.006159026376437484 275.5
2760 0.006153740074748643 276
2765 0.006148582663575534 276.5
2770 0.006143605870327733 277
2775 0.006138838135629973 277.5
2780 0.006134306072122495 278
2785 0.006130025053491183 278.5
2790 0.006125995662718734 279
2795 0.006122208242266374 279.5
2800 0.006118653159661499 280
2805 0.006115310104325815 280.5
2810 0.006112155808213662 281
2815 0.006109166711882018 281.5
2820 0.006106322996863969 282
2825 0.006103606931375578 282.5
2830 0.00610100649275147 283
2835 0.006098528632380689 283.5
2840 0.006096197766278378 284
2845 0.006093983285921398 284.5
2850 0.006091942582211512 285
2855 0.006090079416096168 285.5
2860 0.006088387380602142 286
2865 0.00608688204729562 286.5
2870 0.006085606212827378 287
2875 0.006084555044742838 287.5
2880 0.006083660799423415 288
2885 0.006082882787525938 288.5
2890 0.006082209387621314 289
2895 0.006081635310689015 289.5
2900 0.00608114868934983 290
2905 0.006080742316462324 290.5
2910 0.006080399793201075 291
2915 0.0060801025014626 291.5
2920 0.006079837300743915 292
2925 0.006079597436068764 292.5
2930 0.006079374002582055 293
2935 0.006079169347966943 293.5
2940 0.006078988939808421 294
2945 0.006078847404341813 294.5
2950 0.006078770827402267 295
2955 0.006078786460033403 295.5
2960 0.006078929102629979 296
2965 0.006079231749119346 296.5
2970 0.006079728191434135 297
2975 0.006080452122275178 297.5
2980 0.006081413305385919 298
2985 0.006082606340214866 298.5
2990 0.006084026329099722 299
2995 0.006085668555218529 299.5
3000 0.006087536751336015 300
