0 0 0
5 5.267111452814203e-30 0.5
10 9.5161594851383e-29 1
15 2.242348678670392e-28 1.5
20 6.145311299884573e-18 2
25 7.905758719791963e-16 2.5
30 5.517913125659309e-14 3
35 9.145108715441497e-13 3.5
40 4.118290777843647e-12 4
45 1.245116076215025e-11 4.5
50 5.070751804558959e-11 5
55 1.436225027795501e-10 5.5
60 3.430595529874125e-10 6
65 6.756553094788842e-10 6.5
70 1.131368665419075e-09 7
75 1.674676508578443e-09 7.5
80 2.259859188669111e-09 8
85 2.854889213921297e-09 8.5
90 3.441933849046563e-09 9
95 4.009456766596031e-09 9.5
100 4.866796743385748e-09 10
105 6.272145913754912e-09 10.5
110 7.836860049792449e-09 11
115 9.515433774254234e-09 11.5
120 1.126206328194712e-08 12
125 1.302483632059648e-08 12.5
130 1.474318800376295e-08 13
135 1.635520163745241e-08 13.5
140 1.91462277143728e-08 14
145 2.22226148594018e-08 14.5
150 2.537828791560059e-08 15
155 5.956622928238176e-08 15.5
160 1.322989930940821e-07 16
165 2.801685070608073e-07 16.5
170 5.752785909862723e-07 17
175 1.16551086648542e-06 17.5
180 2.363454086662387e-06 18
185 4.835650543100201e-06 18.5
190 1.010767027764814e-05 19
195 2.103448059642687e-05 19.5
200 4.29842148150783e-05 20
205 8.602527668699622e-05 20.5
210 0.0001659655245020986 21
215 0.0003043870092369616 21.5
220 0.0005228930967859924 22
225 0.0008221092284657061 22.5
230 0.001292915665544569 23
235 0.001945376046933234 23.5
240 0.002610299037769437 24
245 0.003188155125826597 24.5
250 0.003620685543864965 25
255 0.00389497634023428 25.5
260 0.004026689101010561 26
265 0.004471855703741312 26.5
270 0.004949315451085567 27
275 0.005322478245943785 27.5
280 0.005662816110998392 28
285 0.005933873355388641 28.5
290 0.006108012981712818 29
295 0.006228683516383171 29.5
300 0.006280452944338322 30
305 0.006275474093854427 30.5
310 0.006230053026229143 31
315 0.006145413033664227 31.5
320 0.006057537160813808 32
325 0.005942929070442915 32.5
330 0.005834607407450676 33
335 0.005744535941630602 33.5
340 0.005678082350641489 34
345 0.005604790989309549 34.5
350 0.005534016992896795 35
355 0.005437171086668968 35.5
360 0.005363491363823414 36
365 0.005282194353640079 36.5
370 0.005190369207412004 37
375 0.005111233796924353 37.5
380 0.005050254054367542 38
385 0.004992110654711723 38.5
390 0.004971346817910671 39
395 0.005054945591837168 39.5
400 0.00514755304902792 40
405 0.005231024231761694 40.5
410 0.005301402881741524 41
415 0.00536321522668004 41.5
420 0.005419331602752209 42
425 0.005468365736305714 42.5
430 0.005513144191354513 43
435 0.005557851865887642 43.5
440 0.00559765612706542 44
445 0.005629397463053465 44.5
450 0.005678887944668531 45
455 0.005727622658014297 45.5
460 0.005777490790933371 46
465 0.005846121348440647 46.5
470 0.005908661521971226 47
475 0.005963492672890425 47.5
480 0.006009208504110575 48
485 0.00604459922760725 48.5
490 0.006068903021514416 49
495 0.006081445142626762 49.5
500 0.006083976477384567 50
505 0.006083530373871326 50.5
510 0.006073361728340387 51
515 0.006058054976165295 51.5
520 0.006041130051016808 52
525 0.006015149876475334 52.5
530 0.005983058363199234 53
535 0.00600116141140461 53.5
540 0.005987802054733038 54
545 0.005934180691838264 54.5
550 0.005905779078602791 55
555 0.005851071793586016 55.5
560 0.005763271357864141 56
565 0.005680452100932598 56.5
570 0.005639649461954832 57
575 0.005599131807684898 57.5
580 0.005561158526688814 58
585 0.005529905669391155 58.5
590 0.005506808403879404 59
595 0.005491948220878839 59.5
600 0.005485472269356251 60
605 0.005485024303197861 60.5
610 0.005490259733051062 61
615 0.005500682163983583 61.5
620 0.005515574011951685 62
625 0.005534029565751553 62.5
630 0.005555093288421631 63
635 0.005577751435339451 63.5
640 0.005601117387413979 64
645 0.005624295677989721 64.5
650 0.005646410398185253 65
655 0.005666832905262709 65.5
660 0.005685502197593451 66
665 0.00570205319672823 66.5
670 0.005716622807085514 67
675 0.005729388445615768 67.5
680 0.005780507810413837 68
685 0.005890813190490007 68.5
690 0.005993908271193504 69
695 0.00608912855386734 69.5
700 0.006175902206450701 70
705 0.006253754254430532 70.5
710 0.006322297267615795 71
715 0.006381622981280088 71.5
720 0.006431605201214552 72
725 0.006472567562013865 72.5
730 0.006505307275801897 73
735 0.006530613638460636 73.5
740 0.006549396086484194 74
745 0.006562490481883287 74.5
750 0.006570491474121809 75
755 0.006573518272489309 75.5
760 0.006572048179805279 76
765 0.006566536612808704 76.5
770 0.006557756569236517 77
775 0.006550551857799292 77.5
780 0.006546353455632925 78
785 0.006540067959576845 78.5
790 0.00653111981227994 79
795 0.006519122514873743 79.5
800 0.00650582741945982 80
805 0.006491696462035179 80.5
810 0.006481813732534647 81
815 0.006473827175796032 81.5
820 0.006464883219450712 82
825 0.006454295478761196 82.5
830 0.006442794110625982 83
835 0.006431920453906059 83.5
840 0.006422135513275862 84
845 0.006413661874830723 84.5
850 0.006406790111213923 85
855 0.006401786580681801 85.5
860 0.006398590747267008 86
865 0.006397049874067307 86.5
870 0.006397270131856203 87
875 0.006399246864020824 87.5
880 0.006402993574738503 88
885 0.006408461835235357 88.5
890 0.006415413692593575 89
895 0.006423627957701683 89.5
900 0.006432760041207075 90
905 0.006442336365580559 90.5
910 0.006451874040067196 91
915 0.006460694130510092 91.5
920 0.006468347739428282 92
925 0.006474684458225965 92.5
930 0.006479606498032808 93
935 0.006483053788542747 93.5
940 0.006484915036708117 94
945 0.006485089659690857 94.5
950 0.006483581848442554 95
955 0.00648046750575304 95.5
960 0.006475893780589104 96
965 0.006470002233982086 96.5
970 0.006462969351559877 97
975 0.006455009803175926 97.5
980 0.006446413695812225 98
985 0.006437343545258045 98.5
990 0.006427949294447899 99
995 0.006418424658477306 99.5
1000 0.006408905610442162 100
1005 0.006399513687938452 100.5
1010 0.006390376482158899 101
1015 0.006381569430232048 101.5
1020 0.006373140960931778 102
1025 0.00636510131880641 102.5
1030 0.006357407663017511 103
1035 0.006350030191242695 103.5
1040 0.006342895328998566 104
1045 0.006335965357720852 104.5
1050 0.006329172290861607 105
1055 0.006332867313176394 105.5
1060 0.006340120919048786 106
1065 0.006346500478684902 106.5
1070 0.00635183323174715 107
1075 0.006356021389365196 107.5
1080 0.006359022110700607 108
1085 0.006360859610140324 108.5
1090 0.006361601408571005 109
1095 0.006361277308315039 109.5
1100 0.006359907332807779 110
1105 0.006357560399919748 110.5
1110 0.006354393437504768 111
1115 0.0063505326397717 111.5
1120 0.00634615495800972 112
1125 0.00634145550429821 112.5
1130 0.006336575839668512 113
1135 0.006331570912152529 113.5
1140 0.006326449103653431 114
1145 0.006321193650364876 114.5
1150 0.006315764505416155 115
1155 0.006310065742582083 115.5
1160 0.006304059643298388 116
1165 0.006297830492258072 116.5
1170 0.006291445344686508 117
1175 0.006284949369728565 117.5
1180 0.006278396584093571 118
1185 0.006271849386394024 118.5
1190 0.006265407893806696 119
1195 0.006259245332330465 119.5
1200 0.006253498140722513 120
1205 0.006248198915272951 120.5
1210 0.006243502721190453 121
1215 0.006239586044102907 121.5
1220 0.006236619781702757 122
1225 0.006234577856957912 122.5
1230 0.006233443971723318 123
1235 0.006233436055481434 123.5
1240 0.006234635133296251 124
1245 0.006237026304006577 124.5
1250 0.006240570452064276 125
1255 0.006245189812034369 125.5
1260 0.00625106506049633 126
1265 0.006257912144064903 126.5
1270 0.006265109870582819 127
1275 0.0062729362398386 127.5
1280 0.006285175215452909 128
1285 0.006297686602920294 128.5
1290 0.006310388911515474 129
1295 0.00632324768230319 129.5
1300 0.006336279679089785 130
1305 0.006349536124616861 130.5
1310 0.006363027263432741 131
1315 0.006376741919666529 131.5
1320 0.006390669383108616 132
1325 0.006404780317097902 132.5
1330 0.006419051438570023 133
1335 0.006433452013880014 133.5
1340 0.006447948981076479 134
1345 0.00646251393482089 134.5
1350 0.00647713104262948 135
1355 0.00649184687063098 135.5
1360 0.006506573408842087 136
1365 0.006521242205053568 136.5
1370 0.006535835098475218 137
1375 0.006550365127623081 137.5
1380 0.006564832758158445 138
1385 0.006579218897968531 138.5
1390 0.006593470461666584 139
1395 0.006607490126043558 139.5
1400 0.006621161010116339 140
1405 0.006634373217821121 140.5
1410 0.006647027563303709 141
1415 0.006659077014774084 141.5
1420 0.006670546252280474 142
1425 0.006681537255644798 142.5
1430 0.006692197173833847 143
1435 0.006702695041894913 143.5
1440 0.006713163107633591 144
1445 0.006723661441355944 144.5
1450 0.006734156515449286 145
1455 0.006744605023413897 145.5
1460 0.00675479881465435 146
1465 0.006764466874301434 146.5
1470 0.006773404311388731 147
1475 0.006781476084142923 147.5
1480 0.006788598839193583 148
1485 0.006794743705540895 148.5
1490 0.006799926981329918 149
1495 0.006804181728512049 149.5
1500 0.006807551719248295 150
1505 0.006810052786022425 150.5
1510 0.006811678409576416 151
1515 0.00681244907900691 151.5
1520 0.006812373176217079 152
1525 0.006811422295868397 152.5
1530 0.006809545680880547 153
1535 0.006806720513850451 153.5
1540 0.006802905350923538 154
1545 0.006798072718083858 154.5
1550 0.006792218424379826 155
1555 0.00678537879139185 155.5
1560 0.006777617149055004 156
1565 0.006769014988094568 156.5
1570 0.00675966776907444 157
1575 0.006749700289219618 157.5
1580 0.006739239674061537 158
1585 0.006728372070938349 158.5
1590 0.006717143580317497 159
1595 0.006705556530505419 159.5
1600 0.006693577393889427 160
1605 0.006681144237518311 160.5
1610 0.006668196525424719 161
1615 0.006654689554125071 161.5
1620 0.006640614941716194 162
1625 0.006626009941101074 162.5
1630 0.006610949523746967 163
1635 0.006595531478524208 163.5
1640 0.006579868961125612 164
1645 0.006564102601259947 164.5
1650 0.006548411212861538 165
1655 0.006533011794090271 165.5
1660 0.006518170237541199 166
1665 0.006504192017018795 166.5
1670 0.006491399370133877 167
1675 0.006480164360255003 167.5
1680 0.006470855325460434 168
1685 0.006463607307523489 168.5
1690 0.006458469200879335 169
1695 0.006455483846366405 169.5
1700 0.006454663351178169 170
1705 0.006456019822508097 170.5
1710 0.006459562107920647 171
1715 0.006465302314609289 171.5
1720 0.006473247427493334 172
1725 0.006483404897153378 172.5
1730 0.00649574538692832 173
1735 0.006510183215141296 173.5
1740 0.006526554003357887 174
1745 0.006544617936015129 174.5
1750 0.006563632749021053 175
1755 0.006583334878087044 175.5
1760 0.006603688932955265 176
1765 0.006624395959079266 176.5
1770 0.006645124405622482 177
1775 0.006665544584393501 177.5
1780 0.00668536638841033 178
1785 0.006704333703964949 178.5
1790 0.006722163408994675 179
1795 0.006738588213920593 179.5
1800 0.006753392983227968 180
1805 0.006766381673514843 180.5
1810 0.006777387112379074 181
1815 0.006786284502595663 181.5
1820 0.006792991422116756 182
1825 0.00679747574031353 182.5
1830 0.006799741648137569 183
1835 0.006799833849072456 183.5
1840 0.00679784594103694 184
1845 0.006793910171836615 184.5
1850 0.006788183469325304 185
1855 0.00678083673119545 185.5
1860 0.006772072520107031 186
1865 0.006762112956494093 186.5
1870 0.006751172710210085 187
1875 0.006739465054124594 187.5
1880 0.006727180909365416 188
1885 0.006714506540447474 188.5
1890 0.006701608654111624 189
1895 0.006688646506518126 189.5
1900 0.006675761193037033 190
1905 0.006663080304861069 190.5
1910 0.006650715135037899 191
1915 0.006638756021857262 191.5
1920 0.006627284456044436 192
1925 0.006616360973566771 192.5
1930 0.006606017705053091 193
1935 0.006596308201551437 193.5
1940 0.006587278097867966 194
1945 0.006578943692147732 194.5
1950 0.006571304518729448 195
1955 0.006564340554177761 195.5
1960 0.006558016873896122 196
1965 0.006552282255142927 196.5
1970 0.006547075230628252 197
1975 0.00654232781380415 197.5
1980 0.006537959445267916 198
1985 0.00653388723731041 198.5
1990 0.006530022714287043 199
1995 0.00652627507224679 199.5
2000 0.006522553507238626 200
2005 0.006518768146634102 200.5
2010 0.006514835171401501 201
2015 0.006510677747428417 201.5
2020 0.006506228353828192 202
2025 0.006501426454633474 202.5
2030 0.006496227346360683 203
2035 0.006490599829703569 203.5
2040 0.006484529934823513 204
2045 0.006478019058704376 204.5
2050 0.006471088621765375 205
2055 0.006463777739554644 205.5
2060 0.006456134840846062 206
2065 0.006448222789913416 206.5
2070 0.006440115161240101 207
2075 0.006431895308196545 207.5
2080 0.006423650309443474 208
2085 0.006415465846657753 208.5
2090 0.006407427601516247 209
2095 0.006399624515324831 209.5
2100 0.006392145063728094 210
2105 0.006385067477822304 210.5
2110 0.006378472317010164 211
2115 0.006372447591274977 211.5
2120 0.006367006804794073 212
2125 0.006362175568938255 212.5
2130 0.006357972510159016 213
2135 0.006354410666972399 213.5
2140 0.006351498421281576 214
2145 0.006349240429699421 214.5
2150 0.006347627379000187 215
2155 0.006346647161990404 215.5
2160 0.006346280686557293 216
2165 0.006346509326249361 216.5
2170 0.006347308866679668 217
2175 0.006348662544041872 217.5
2180 0.006350557785481215 218
2185 0.006352986674755812 218.5
2190 0.006355939898639917 219
2195 0.006359407212585211 219.5
2200 0.006363370921462774 220
2205 0.00636780634522438 220.5
2210 0.006372675765305758 221
2215 0.006377932615578175 221.5
2220 0.006383528001606464 222
2225 0.006389413494616747 222.5
2230 0.006395513191819191 223
2235 0.006401767022907734 223.5
2240 0.006408156361430883 224
2245 0.006414641160517931 224.5
2250 0.006421176251024008 225
2255 0.006427717860788107 225.5
2260 0.006434230133891106 226
2265 0.006440682336688042 226.5
2270 0.006447054911404848 227
2275 0.006453332956880331 227.5
2280 0.00645950622856617 228
2285 0.006465564947575331 228.5
2290 0.006471509113907814 229
2295 0.006477340124547482 229.5
2300 0.006483059376478195 230
2305 0.006488676182925701 230.5
2310 0.006494198460131884 231
2315 0.006499628536403179 231.5
2320 0.006504975259304047 232
2325 0.006510274484753609 232.5
2330 0.006515552289783955 233
2335 0.006520814262330532 233.5
2340 0.006526054348796606 234
2345 0.006531273014843464 234.5
2350 0.006536480505019426 235
2355 0.006541695911437273 235.5
2360 0.006546936463564634 236
2365 0.006552227772772312 236.5
2370 0.006557588465511799 237
2375 0.006563033442944288 237.5
2380 0.006568579468876123 238
2385 0.006574246101081371 238.5
2390 0.006580047775059938 239
2395 0.006585996598005295 239.5
2400 0.006592099089175463 240
2405 0.006598358042538166 240.5
2410 0.006604765076190233 241
2415 0.006611274089664221 241.5
2420 0.00661783292889595 242
2425 0.006624380126595497 242.5
2430 0.006630848627537489 243
2435 0.006637166254222393 243.5
2440 0.00664325337857008 244
2445 0.006649022456258535 244.5
2450 0.006654390133917332 245
2455 0.006659284699708223 245.5
2460 0.006663629785180092 246
2465 0.006667356006801128 246.5
2470 0.006670401431620121 247
2475 0.006672715302556753 247.5
2480 0.00667425524443388 248
2485 0.006674988195300102 248.5
2490 0.00667490204796195 249
2495 0.006673987954854965 249.5
2500 0.006672268267720938 250
2505 0.006669763009995222 250.5
2510 0.006666506174951792 251
2515 0.006662534549832344 251.5
2520 0.00665791193023324 252
2525 0.00665269186720252 252.5
2530 0.006646938621997833 253
2535 0.006640720646828413 253.5
2540 0.00663410359993577 254
2545 0.006627141498029232 254.5
2550 0.006619894877076149 255
2555 0.006612427532672882 255.5
2560 0.006604787893593311 256
2565 0.006597019731998444 256.5
2570 0.006589158438146114 257
2575 0.006581240799278021 257.5
2580 0.006573299877345562 258
2585 0.00656537339091301 258.5
2590 0.006557500921189785 259
2595 0.006549721118062735 259.5
2600 0.006542063783854246 260
2605 0.00653457548469305 260.5
2610 0.006527303718030453 261
2615 0.006520319730043411 261.5
2620 0.006513669155538082 262
2625 0.006507400888949633 262.5
2630 0.006501561030745506 263
2635 0.006496173795312643 263.5
2640 0.006491259671747684 264
2645 0.006486834958195686 264.5
2650 0.006482893135398626 265
2655 0.006479417905211449 265.5
2660 0.006476373411715031 266
2665 0.006473714485764503 266.5
2670 0.006471381522715092 267
2675 0.006469307467341423 267.5
2680 0.006467425264418125 268
2685 0.006465669255703688 268.5
2690 0.006463973317295313 269
2695 0.006462287623435259 269.5
2700 0.006460572127252817 270
2705 0.006458802614361048 270.5
2710 0.006456965580582619 271
2715 0.006455063354223967 271.5
2720 0.006453111302107573 272
2725 0.006451129447668791 272.5
2730 0.006449145264923573 273
2735 0.006447202991694212 273.5
2740 0.006445351056754589 274
2745 0.006443648599088192 274.5
2750 0.006442164070904255 275
2755 0.006440969649702311 275.5
2760 0.006440144963562489 276
2765 0.006439768243581057 276.5
2770 0.006439909338951111 277
2775 0.0064406325109303 277.5
2780 0.006441992241889238 278
2785 0.006444029044359922 278.5
2790 0.00644677085801959 279
2795 0.006450233981013298 279.5
2800 0.00645441934466362 280
2805 0.006459321826696396 280.5
2810 0.006464935839176178 281
2815 0.006471197586506605 281.5
2820 0.006478029768913984 282
2825 0.00648535368964076 282.5
2830 0.006493085063993931 283
2835 0.006501148920506239 283.5
2840 0.006509467028081417 284
2845 0.006517963483929634 284.5
2850 0.006526571232825518 285
2855 0.006535220425575972 285.5
2860 0.006543849594891071 286
2865 0.006552397273480892 286.5
2870 0.006560806650668383 287
2875 0.006569033022969961 287.5
2880 0.006577027961611748 288
2885 0.006584737449884415 288.5
2890 0.00659210653975606 289
2895 0.006599083542823792 289.5
2900 0.006605606991797686 290
2905 0.006611622404307127 290.5
2910 0.006617065984755754 291
2915 0.006621876265853643 291.5
2920 0.006625995971262455 292
2925 0.006629372481256723 292.5
2930 0.00663195364177227 293
2935 0.006633692421019077 293.5
2940 0.006634543649852276 294
2945 0.006634463090449572 294.5
2950 0.006633426062762737 295
2955 0.00663143303245306 295.5
2960 0.006628500763326883 296
2965 0.006624668836593628 296.5
2970 0.006619993597269058 297
2975 0.006614545825868845 297.5
2980 0.006608398631215096 298
2985 0.006601628847420216 298.5
2990 0.006594327744096518 299
2995 0.006586597766727209 299.5
3000 0.006578557658940554 300
