0 0.06904944777488708 0
10 0.07014221698045731 0.5
20 0.07011350244283676 1
30 0.07001644372940063 1.5
40 0.06998243182897568 2
50 0.06991704553365707 2.5
60 0.06985443830490112 3
70 0.06981783360242844 3.5
80 0.06974464654922485 4
90 0.0697229877114296 4.5
100 0.06966931372880936 5
110 0.06962886452674866 5.5
120 0.06960498541593552 6
130 0.06952611356973648 6.5
140 0.06943587958812714 7
150 0.06933975219726562 7.5
160 0.06927339732646942 8
170 0.06916786730289459 8.5
180 0.06909080594778061 9
190 0.06903211027383804 9.5
200 0.06895066052675247 10
210 0.06890761852264404 10.5
220 0.06883440166711807 11
230 0.06886579841375351 11.5
240 0.06884096562862396 12
250 0.06878960132598877 12.5
260 0.06882639974355698 13
270 0.0688040554523468 13.5
280 0.06889764219522476 14
290 0.06890198588371277 14.5
300 0.06895533949136734 15
310 0.06906821578741074 15.5
320 0.06910988688468933 16
330 0.06923950463533401 16.5
340 0.06938370317220688 17
350 0.06948414444923401 17.5
360 0.06961017847061157 18
370 0.06967604905366898 18.5
380 0.06978729367256165 19
390 0.06990083307027817 19.5
400 0.07003021985292435 20
410 0.07013224065303802 20.5
420 0.07025179266929626 21
430 0.0704614594578743 21.5
440 0.07058948278427124 22
450 0.0707191675901413 22.5
460 0.07092297077178955 23
470 0.07102152705192566 23.5
480 0.07125209271907806 24
490 0.07135195285081863 24.5
500 0.07147318124771118 25
510 0.07162906229496002 25.5
520 0.07173041999340057 26
530 0.07177826762199402 26.5
540 0.0719149261713028 27
550 0.07215059548616409 27.5
560 0.07248636335134506 28
570 0.07266752421855927 28.5
580 0.07282806932926178 29
590 0.07296618819236755 29.5
600 0.07306726276874542 30
610 0.07314036786556244 30.5
620 0.07321795076131821 31
630 0.07328076660633087 31.5
640 0.07341720908880234 32
650 0.07351640611886978 32.5
660 0.07362296432256699 33
670 0.07372089475393295 33.5
680 0.07388728111982346 34
690 0.07393918931484222 34.5
700 0.07408499717712402 35
710 0.07415211945772171 35.5
720 0.07426707446575165 36
730 0.07439503818750381 36.5
740 0.07448479533195496 37
750 0.07464055716991425 37.5
760 0.07472345978021622 38
770 0.07481174916028976 38.5
780 0.07491584867238998 39
790 0.07497764378786087 39.5
800 0.07499977201223373 40
810 0.07508517056703568 40.5
820 0.0751543715596199 41
830 0.07525817304849625 41.5
840 0.07534029334783554 42
850 0.07542479783296585 42.5
860 0.07554049789905548 43
870 0.07563023269176483 43.5
880 0.07569615542888641 44
890 0.07583078742027283 44.5
900 0.07599250227212906 45
910 0.07611916214227676 45.5
920 0.07625733315944672 46
930 0.07640832662582397 46.5
940 0.07654377818107605 47
950 0.07670128345489502 47.5
960 0.07682919502258301 48
970 0.07693560421466827 48.5
980 0.07706695050001144 49
990 0.07715647667646408 49.5
1000 0.07725504785776138 50
1010 0.07733962684869766 50.5
1020 0.07738249748945236 51
1030 0.0774407684803009 51.5
1040 0.07745101302862167 52
1050 0.07746118307113647 52.5
1060 0.07746700197458267 53
1070 0.07747523486614227 53.5
1080 0.07749994844198227 54
1090 0.07751034945249557 54.5
1100 0.07751615345478058 55
1110 0.07755061984062195 55.5
1120 0.07755718380212784 56
1130 0.0775914192199707 56.5
1140 0.07763008773326874 57
1150 0.07765892893075943 57.5
1160 0.0776878222823143 58
1170 0.07775817066431046 58.5
1180 0.07781397551298141 59
1190 0.07778775691986084 59.5
1200 0.0778699666261673 60
1210 0.07790528237819672 60.5
1220 0.07788258045911789 61
1230 0.07795397192239761 61.5
1240 0.07791768014431 62
1250 0.07789069414138794 62.5
1260 0.07787464559078217 63
1270 0.07791519165039062 63.5
1280 0.07787474244832993 64
1290 0.07785533368587494 64.5
1300 0.0778656080365181 65
1310 0.07786226272583008 65.5
1320 0.07781713455915451 66
1330 0.07783348113298416 66.5
1340 0.07774543017148972 67
1350 0.07770084589719772 67.5
1360 0.07763230800628662 68
1370 0.0776003822684288 68.5
1380 0.07756485044956207 69
1390 0.07752442359924316 69.5
1400 0.07748379558324814 70
1410 0.07746738195419312 70.5
1420 0.07744525372982025 71
1430 0.07743901014328003 71.5
1440 0.07739964127540588 72
1450 0.07732169330120087 72.5
1460 0.07733998447656631 73
1470 0.07736207544803619 73.5
1480 0.07739453762769699 74
1490 0.07745450735092163 74.5
1500 0.07753709703683853 75
1510 0.0775919184088707 75.5
1520 0.07767035067081451 76
1530 0.07776777446269989 76.5
1540 0.07785963267087936 77
1550 0.07794304937124252 77.5
1560 0.07799072563648224 78
1570 0.0780794620513916 78.5
1580 0.07814837992191315 79
1590 0.07822585850954056 79.5
1600 0.07829658687114716 80
1610 0.07837264984846115 80.5
1620 0.07841731607913971 81
1630 0.07847750186920166 81.5
1640 0.07852510362863541 82
1650 0.07856974750757217 82.5
1660 0.07860343903303146 83
1670 0.07861920446157455 83.5
1680 0.07862534373998642 84
1690 0.07867494970560074 84.5
1700 0.07863560318946838 85
1710 0.07865885645151138 85.5
1720 0.07865698635578156 86
1730 0.07866934686899185 86.5
1740 0.07866751402616501 87
1750 0.07866536825895309 87.5
1760 0.07863578200340271 88
1770 0.07862580567598343 88.5
1780 0.07862251251935959 89
1790 0.07861613482236862 89.5
1800 0.07860927283763885 90
1810 0.07855620980262756 90.5
1820 0.0785498172044754 91
1830 0.07855333387851715 91.5
1840 0.0785718634724617 92
1850 0.07853475958108902 92.5
1860 0.07856720685958862 93
1870 0.07857556641101837 93.5
1880 0.0786435529589653 94
1890 0.07866808772087097 94.5
1900 0.07879771292209625 95
1910 0.07889754325151443 95.5
1920 0.07892677187919617 96
1930 0.07900253683328629 96.5
1940 0.07909826189279556 97
1950 0.07910621166229248 97.5
1960 0.07907042652368546 98
1970 0.07912374287843704 98.5
1980 0.0791613757610321 99
1990 0.07913210242986679 99.5
2000 0.0791223868727684 100
2010 0.07908514142036438 100.5
2020 0.07898795604705811 101
2030 0.07896003127098083 101.5
2040 0.07902757823467255 102
2050 0.07898157835006714 102.5
2060 0.07894905656576157 103
2070 0.0790180116891861 103.5
2080 0.07902727276086807 104
2090 0.07904592156410217 104.5
2100 0.07909033447504044 105
2110 0.07909300178289413 105.5
2120 0.07913935929536819 106
2130 0.07913194596767426 106.5
2140 0.07917530089616776 107
2150 0.07917144149541855 107.5
2160 0.07917732745409012 108
2170 0.07913927733898163 108.5
2180 0.07909178733825684 109
2190 0.07904653996229172 109.5
2200 0.07899320870637894 110
2210 0.07892679423093796 110.5
2220 0.07886694371700287 111
2230 0.0787958949804306 111.5
2240 0.0787755474448204 112
2250 0.07876555621623993 112.5
2260 0.07880923897027969 113
2270 0.07884278148412704 113.5
2280 0.07887086272239685 114
2290 0.07891949266195297 114.5
2300 0.07893108576536179 115
2310 0.0788932740688324 115.5
2320 0.07886591553688049 116
2330 0.07875951379537582 116.5
2340 0.07874986529350281 117
2350 0.07868164032697678 117.5
2360 0.07856541872024536 118
2370 0.07847245037555695 118.5
2380 0.07833909243345261 119
2390 0.07824602723121643 119.5
2400 0.07813630998134613 120
2410 0.07807602733373642 120.5
2420 0.07805242389440536 121
2430 0.07800217717885971 121.5
2440 0.07804665714502335 122
2450 0.07809820026159286 122.5
2460 0.078115314245224 123
2470 0.07821039855480194 123.5
2480 0.07826776057481766 124
2490 0.07828592509031296 124.5
2500 0.07834328711032867 125
2510 0.07836486399173737 125.5
2520 0.07839517295360565 126
2530 0.07841657847166061 126.5
2540 0.07845935970544815 127
2550 0.07847636938095093 127.5
2560 0.07850778102874756 128
2570 0.0785425528883934 128.5
2580 0.07855343073606491 129
2590 0.07864019274711609 129.5
2600 0.07867076247930527 130
2610 0.07868171483278275 130.5
2620 0.078703872859478 131
2630 0.07869419455528259 131.5
2640 0.07871457189321518 132
2650 0.07870841026306152 132.5
2660 0.07865050435066223 133
2670 0.07860890775918961 133.5
2680 0.07857348769903183 134
2690 0.07852981984615326 134.5
2700 0.07851935178041458 135
2710 0.07849594205617905 135.5
2720 0.07843213528394699 136
2730 0.07846226543188095 136.5
2740 0.07841169089078903 137
2750 0.07848338037729263 137.5
2760 0.07846560329198837 138
2770 0.07853145897388458 138.5
2780 0.07852637767791748 139
2790 0.07857844978570938 139.5
2800 0.07863511145114899 140
2810 0.07867713272571564 140.5
2820 0.0786806046962738 141
2830 0.0786706879734993 141.5
2840 0.07870277017354965 142
2850 0.07866886258125305 142.5
2860 0.07869186252355576 143
2870 0.07873952388763428 143.5
2880 0.07878486812114716 144
2890 0.07879424840211868 144.5
2900 0.07878749072551727 145
2910 0.07882636785507202 145.5
2920 0.07877769321203232 146
2930 0.07880482822656631 146.5
2940 0.07876420021057129 147
2950 0.07873614132404327 147.5
2960 0.0787031278014183 148
2970 0.07866625487804413 148.5
2980 0.07869880646467209 149
2990 0.07868596166372299 149.5
3000 0.07867193967103958 150
