0 0 0
10 4.049568991729821e-59 0.5
20 4.727756273185364e-211 1
30 0 1.5
40 0 2
50 1.411028941426828e-40 2.5
60 2.022567796823364e-37 3
70 1.821001653126322e-32 3.5
80 3.331603644908097e-31 4
90 1.346111423862561e-29 4.5
100 1.77080321148515e-27 5
110 2.76063624145065e-25 5.5
120 7.782988983211656e-24 6
130 9.839584197554577e-23 6.5
140 5.041458431803492e-22 7
150 1.836491931209068e-21 7.5
160 5.94911038428999e-21 8
170 3.28549696920214e-20 8.5
180 1.739601106206197e-19 9
190 5.71784526348573e-19 9.5
200 1.320152529530506e-18 10
210 2.637792786329353e-18 10.5
220 4.924050872521211e-18 11
230 8.684185062420711e-18 11.5
240 1.402572304825533e-17 12
250 2.14401400255157e-17 12.5
260 3.077772154952526e-17 13
270 4.069470595069166e-17 13.5
280 5.035383712076549e-17 14
290 6.155258507810626e-17 14.5
300 7.816388105002657e-17 15
310 1.112398374638335e-16 15.5
320 5.518605448087294e-16 16
330 3.695229440811291e-15 16.5
340 1.28951413356405e-14 17
350 3.151809605646563e-14 17.5
360 6.305839654861406e-14 18
370 1.09450022409946e-13 18.5
380 1.712086694223356e-13 19
390 2.486925289388711e-13 19.5
400 3.444458956507738e-13 20
410 4.671297791457509e-13 20.5
420 6.365967373085058e-13 21
430 8.87929576953745e-13 21.5
440 1.276144188198481e-12 22
450 1.879256535179252e-12 22.5
460 2.801241482925533e-12 23
470 4.170927047332463e-12 23.5
480 6.133023184976198e-12 24
490 8.837471672484378e-12 24.5
500 1.242882760086966e-11 25
510 1.703872333280225e-11 25.5
520 2.281430463651459e-11 26
530 2.996454551988129e-11 26.5
540 3.883170558700875e-11 27
550 5.000037239293556e-11 27.5
560 6.441844974087089e-11 28
570 8.351808043753495e-11 28.5
580 1.094123914749647e-10 29
590 1.451795990903115e-10 29.5
600 1.951745965998024e-10 30
610 2.653382767087694e-10 30.5
620 3.635232827514011e-10 31
630 4.997463083720606e-10 31.5
640 6.862200976226689e-10 32
650 9.370232330913297e-10 32.5
660 1.267277819946032e-09 33
670 1.691912552621017e-09 33.5
680 2.223969246404826e-09 34
690 2.873748766466118e-09 34.5
700 3.6484936962508e-09 35
710 4.552832502355704e-09 35.5
720 5.590598061058244e-09 36
730 6.765479896672669e-09 36.5
740 8.086649623581357e-09 37
750 9.570069514858116e-09 37.5
760 1.123797335749011e-08 38
770 1.311746831556627e-08 38.5
780 1.523923262432968e-08 39
790 1.763517296638181e-08 39.5
800 2.033582933121056e-08 40
810 2.336542145057896e-08 40.5
820 2.674239894082669e-08 41
830 3.047064334113763e-08 41.5
840 3.453276104881425e-08 42
850 3.888815779743082e-08 42.5
860 4.346830169774848e-08 43
870 4.817634168814016e-08 43.5
880 5.28873365998329e-08 44
890 5.747368718526866e-08 44.5
900 6.18188295584114e-08 45
910 6.582624628906977e-08 45.5
920 6.942275202736626e-08 46
930 7.257455640068231e-08 46.5
940 7.528866492596462e-08 47
950 7.759595067882849e-08 47.5
960 7.954285551028194e-08 48
970 8.119762479609654e-08 48.5
980 8.261664681141965e-08 49
990 8.385323454435084e-08 49.5
1000 8.496636817474911e-08 50
1010 8.602572966382299e-08 50.5
1020 8.711336751625847e-08 51
1030 8.828999523052973e-08 51.5
1040 8.960844528821267e-08 52
1050 9.113389490379626e-08 52.5
1060 9.29045017576625e-08 53
1070 9.494380744382443e-08 53.5
1080 9.724119626775439e-08 54
1090 9.977875963065009e-08 54.5
1100 1.025664999862932e-07 55
1110 1.056299355027666e-07 55.5
1120 1.090020792877209e-07 56
1130 1.127421297437287e-07 56.5
1140 1.169087640470243e-07 57
1150 1.215165152720927e-07 57.5
1160 1.265485952855377e-07 58
1170 1.319644301072095e-07 58.5
1180 1.376738477269192e-07 59
1190 1.436126343058789e-07 59.5
1200 1.497399845083832e-07 60
1210 1.560526103242968e-07 60.5
1220 1.626478250943247e-07 61
1230 1.696580939236611e-07 61.5
1240 1.772478710993273e-07 62
1250 1.855970087881853e-07 62.5
1260 1.948002610133771e-07 63
1270 2.048293301899032e-07 63.5
1280 2.155711089848466e-07 64
1290 2.267806869782125e-07 64.5
1300 2.382396299900415e-07 65
1310 2.495861917556729e-07 65.5
1320 2.604253633827256e-07 66
1330 2.704646866877413e-07 66.5
1340 2.794755393304627e-07 67
1350 2.872933795799441e-07 67.5
1360 2.938442439886699e-07 68
1370 2.991570134561077e-07 68.5
1380 3.033128421947633e-07 69
1390 3.064197827421898e-07 69.5
1400 3.086507160895183e-07 70
1410 3.101639844831985e-07 70.5
1420 3.111135977848635e-07 71
1430 3.11656154463383e-07 71.5
1440 3.119427965739071e-07 72
1450 3.121064195318385e-07 72.5
1460 3.122779561505218e-07 73
1470 3.125742296329301e-07 73.5
1480 3.130967362824586e-07 74
1490 3.139383843455233e-07 74.5
1500 3.151782847629876e-07 75
1510 3.16878357801437e-07 75.5
1520 3.190912253622753e-07 76
1530 3.218601017992765e-07 76.5
1540 3.252159218221723e-07 77
1550 3.291626358787491e-07 77.5
1560 3.336911707734166e-07 78
1570 3.387746768278877e-07 78.5
1580 3.44378502321078e-07 79
1590 3.50461957946816e-07 79.5
1600 3.569817029850381e-07 80
1610 3.638920597490837e-07 80.5
1620 3.711485777335869e-07 81
1630 3.787092375132355e-07 81.5
1640 3.865390524847684e-07 82
1650 3.94609124657911e-07 82.5
1660 4.028963870455943e-07 83
1670 4.113829339566968e-07 83.5
1680 4.200623808334924e-07 84
1690 4.289367242272522e-07 84.5
1700 4.380070989381258e-07 85
1710 4.472772541449462e-07 85.5
1720 4.567341760675204e-07 86
1730 4.663512267616217e-07 86.5
1740 4.760862136849095e-07 87
1750 4.858837380434083e-07 87.5
1760 4.956741752192882e-07 88
1770 5.053704047206765e-07 88.5
1780 5.148754311883384e-07 89
1790 5.240745088165546e-07 89.5
1800 5.328587368046025e-07 90
1810 5.411229862639862e-07 90.5
1820 5.48774442471885e-07 91
1830 5.557307899322559e-07 91.5
1840 5.619461965677498e-07 92
1850 5.673944128331499e-07 92.5
1860 5.720731838168118e-07 93
1870 5.760411740897003e-07 93.5
1880 5.794197672864131e-07 94
1890 5.823533222850568e-07 94.5
1900 5.849945689783484e-07 95
1910 5.875455827910545e-07 95.5
1920 5.902591513414581e-07 96
1930 5.934078927213873e-07 96.5
1940 5.972007307782425e-07 97
1950 6.017471017798282e-07 97.5
1960 6.07169098714117e-07 98
1970 6.1346917763795e-07 98.5
1980 6.205510537143093e-07 99
1990 6.283150484273186e-07 99.5
2000 6.365686367593809e-07 100
2010 6.451262632040587e-07 100.5
2020 6.537922614640092e-07 101
2030 6.623562879721041e-07 101.5
2040 6.706595112532617e-07 102
2050 6.784583091279247e-07 102.5
2060 6.85568663775635e-07 103
2070 6.919117368046305e-07 103.5
2080 6.97441973040379e-07 104
2090 7.021680080346603e-07 104.5
2100 7.061382760563463e-07 105
2110 7.094283302535995e-07 105.5
2120 7.121017617851918e-07 106
2130 7.142795505931737e-07 106.5
2140 7.160736350105172e-07 107
2150 7.175591264748115e-07 107.5
2160 7.188173965628733e-07 108
2170 7.199175270928331e-07 108.5
2180 7.208786549609414e-07 109
2190 7.216975361286342e-07 109.5
2200 7.223085480935544e-07 110
2210 7.226011214959469e-07 110.5
2220 7.224551012974149e-07 111
2230 7.217802109873281e-07 111.5
2240 7.204992328534598e-07 112
2250 7.186808313242349e-07 112.5
2260 7.164301425943677e-07 113
2270 7.13902191237571e-07 113.5
2280 7.113909244456843e-07 114
2290 7.091951069388615e-07 114.5
2300 7.075797069224668e-07 115
2310 7.068402222449072e-07 115.5
2320 7.072674572785167e-07 116
2330 7.090520279048768e-07 116.5
2340 7.122713365987155e-07 117
2350 7.168721074260189e-07 117.5
2360 7.226707458812398e-07 118
2370 7.294912131194247e-07 118.5
2380 7.370304811712507e-07 119
2390 7.448974373743349e-07 119.5
2400 7.526811309419212e-07 120
2410 7.599744158808578e-07 120.5
2420 7.664127437070604e-07 121
2430 7.717078509474309e-07 121.5
2440 7.756608538595881e-07 122
2450 7.781380632916583e-07 122.5
2460 7.791483256926811e-07 123
2470 7.788207777806475e-07 123.5
2480 7.773608276741879e-07 124
2490 7.750834451149089e-07 124.5
2500 7.724015184813077e-07 125
2510 7.697565480840682e-07 125.5
2520 7.675740931906825e-07 126
2530 7.661721601866941e-07 126.5
2540 7.657566542827145e-07 127
2550 7.664943658493503e-07 127.5
2560 7.684946393871863e-07 128
2570 7.718234371718652e-07 128.5
2580 7.765196146349368e-07 129
2590 7.825565671509839e-07 129.5
2600 7.899155460480964e-07 130
2610 7.984395162534953e-07 130.5
2620 8.078160507414311e-07 131
2630 8.176829673055009e-07 131.5
2640 8.276219344133132e-07 132
2650 8.372242726544771e-07 132.5
2660 8.46311301205214e-07 133
2670 8.549301749582929e-07 133.5
2680 8.632350518204779e-07 134
2690 8.7139460989349e-07 134.5
2700 8.797717379023054e-07 135
2710 8.886818439997974e-07 135.5
2720 8.984027209109394e-07 136
2730 9.090689076705682e-07 136.5
2740 9.205420507496496e-07 137
2750 9.325011017026476e-07 137.5
2760 9.446859169990321e-07 138
2770 9.564953734280626e-07 138.5
2780 9.672525617919745e-07 139
2790 9.763742681783063e-07 139.5
2800 9.833636650015547e-07 140
2810 9.878297362185124e-07 140.5
2820 9.89476424726489e-07 141
2830 9.880958810717169e-07 141.5
2840 9.836056425010112e-07 142
2850 9.760200638683651e-07 142.5
2860 9.654230707311192e-07 143
2870 9.51976553263882e-07 143.5
2880 9.358695979728558e-07 144
2890 9.173971730402026e-07 144.5
2900 8.968866637782378e-07 145
2910 8.747025903661775e-07 145.5
2920 8.512010585520994e-07 146
2930 8.267708158380746e-07 146.5
2940 8.018627241697297e-07 147
2950 7.769491361730068e-07 147.5
2960 7.525160391831018e-07 148
2970 7.290350204869873e-07 148.5
2980 7.069817976934539e-07 149
2990 6.867499156258823e-07 149.5
3000 6.686921025549102e-07 150
