0 0 0
10 1.041549322347665e-58 0.5
20 1.215979120893484e-210 1
30 0 1.5
40 0 2
50 3.629167056438457e-40 2.5
60 5.202045260830892e-37 3
70 4.683617050804997e-32 3.5
80 8.568886036444032e-31 4
90 3.462199172780613e-29 4.5
100 4.554506636879345e-27 5
110 7.10035762423965e-25 5.5
120 2.001785107960518e-23 6
130 2.530741487322589e-22 6.5
140 1.296663329853742e-21 7
150 4.723458052830175e-21 7.5
160 1.53011145185648e-20 8
170 8.450299646299016e-20 8.5
180 4.474254808411962e-19 9
190 1.470630052638872e-18 9.5
200 3.395432885169109e-18 10
210 6.784404203770133e-18 10.5
220 1.266466100455085e-17 11
230 2.233572779073046e-17 11.5
240 3.607416583389578e-17 12
250 5.514404955248336e-17 12.5
260 7.91603133290979e-17 13
270 1.046668015599727e-16 13.5
280 1.295100911673444e-16 14
290 1.583132758270732e-16 14.5
300 2.010375363550549e-16 15
310 2.861089107634354e-16 15.5
320 1.419385563376751e-15 16
330 9.504131743047791e-15 16.5
340 3.316630917300794e-14 17
350 8.10645568857877e-14 17.5
360 1.621862235898937e-13 18
370 2.815055056595556e-13 18.5
380 4.403487728720152e-13 19
390 6.396372935445719e-13 19.5
400 8.859149947393552e-13 20
410 1.201457996915965e-12 20.5
420 1.637327087664163e-12 21
430 2.283755261503949e-12 21.5
440 3.28224341195449e-12 22
450 4.83344863300445e-12 22.5
460 7.20479432312859e-12 23
470 1.072762619573247e-11 23.5
480 1.577413832262143e-11 24
490 2.272998101906868e-11 24.5
500 3.19669500425823e-11 25
510 4.382360388770371e-11 25.5
520 5.867840153488695e-11 26
530 7.706882422407279e-11 26.5
540 9.987516380718927e-11 27
550 1.286009797322833e-10 27.5
560 1.656842809971014e-10 28
570 2.148085395288803e-10 28.5
580 2.814087188782733e-10 29
590 3.734019925578002e-10 29.5
600 5.019891480875054e-10 30
610 6.824501641120686e-10 30.5
620 9.349820427323682e-10 31
630 1.285347724396529e-09 31.5
640 1.76495839216443e-09 32
650 2.410024166629649e-09 32.5
660 3.259439108919076e-09 33
670 4.351599827667537e-09 33.5
680 5.720049877519258e-09 34
690 7.39128308820753e-09 34.5
700 9.383927387532907e-09 35
710 1.170988719361318e-08 35.5
720 1.437902066591554e-08 36
730 1.7400817262595e-08 36.5
740 2.079886637986709e-08 37
750 2.461422299108108e-08 37.5
760 2.890407240612303e-08 38
770 3.373813426292295e-08 38.5
780 3.919531299598609e-08 39
790 4.53576726069625e-08 39.5
800 5.230376196221446e-08 40
810 6.009587422246288e-08 40.5
820 6.878146180902821e-08 41
830 7.837050804239442e-08 41.5
840 8.881827656879197e-08 42
850 1.000203589171632e-07 42.5
860 1.118004910383174e-07 43
870 1.239095719592564e-07 43.5
880 1.360262529390782e-07 44
890 1.478223486570793e-07 44.5
900 1.589980567472327e-07 45
910 1.693051343367393e-07 45.5
920 1.78555348673604e-07 46
930 1.866617909046264e-07 46.5
940 1.936424792224671e-07 47
950 1.995768191911541e-07 47.5
960 2.045842592718565e-07 48
970 2.088403266010013e-07 48.5
980 2.12490051847008e-07 49
990 2.156705560386596e-07 49.5
1000 2.185335362244311e-07 50
1010 2.212582144391237e-07 50.5
1020 2.240556194727887e-07 51
1030 2.270819064701395e-07 51.5
1040 2.304729605969697e-07 52
1050 2.343964176775414e-07 52.5
1060 2.389504192825388e-07 53
1070 2.441955144020922e-07 53.5
1080 2.501043994652189e-07 54
1090 2.566310135479421e-07 54.5
1100 2.638010829657768e-07 55
1110 2.716802404582279e-07 55.5
1120 2.803533957526577e-07 56
1130 2.899728071664561e-07 56.5
1140 3.006893924226425e-07 57
1150 3.125405305951682e-07 57.5
1160 3.254830425975728e-07 58
1170 3.394125721351092e-07 58.5
1180 3.540971967580083e-07 59
1190 3.69371758444734e-07 59.5
1200 3.851313058539486e-07 60
1210 4.013673822221418e-07 60.5
1220 4.183302775043026e-07 61
1230 4.363606920091099e-07 61.5
1240 4.558816022349364e-07 62
1250 4.773555880338616e-07 62.5
1260 5.0102635679498e-07 63
1270 5.268211271172572e-07 63.5
1280 5.544489868908047e-07 64
1290 5.832800264079418e-07 64.5
1300 6.127524328619748e-07 65
1310 6.419357947014805e-07 65.5
1320 6.698141488819443e-07 66
1330 6.956352928271956e-07 66.5
1340 7.188112097777849e-07 67
1350 7.389186983295269e-07 67.5
1360 7.5576752446296e-07 68
1370 7.694319698641864e-07 68.5
1380 7.801207632033776e-07 69
1390 7.881118156545282e-07 69.5
1400 7.938497772026784e-07 70
1410 7.977419041751703e-07 70.5
1420 8.001843100036952e-07 71
1430 8.01579766018894e-07 71.5
1440 8.023170096529261e-07 72
1450 8.027378479725154e-07 72.5
1460 8.031790402310304e-07 73
1470 8.039410557577744e-07 73.5
1480 8.052849430896116e-07 74
1490 8.074496622770869e-07 74.5
1500 8.10638686694811e-07 75
1510 8.150112752956097e-07 75.5
1520 8.207027716329809e-07 76
1530 8.27824323043792e-07 76.5
1540 8.364554936150453e-07 77
1550 8.466064439001808e-07 77.5
1560 8.582538376361593e-07 78
1570 8.713286174386462e-07 78.5
1580 8.85741659065809e-07 79
1590 9.01388309604322e-07 79.5
1600 9.181570967031658e-07 80
1610 9.359305373322087e-07 80.5
1620 9.545943047721468e-07 81
1630 9.740403250426411e-07 81.5
1640 9.941786125847533e-07 82
1650 1.014934841754819e-06 82.5
1660 1.036249684251975e-06 83
1670 1.058077086630801e-06 83.5
1680 1.080400627806025e-06 84
1690 1.103225442908391e-06 84.5
1700 1.126554450644383e-06 85
1710 1.150397293903604e-06 85.5
1720 1.174720501237687e-06 86
1730 1.199455559842395e-06 86.5
1740 1.224493950480314e-06 87
1750 1.249693187429035e-06 87.5
1760 1.274874196140951e-06 88
1770 1.29981290267274e-06 88.5
1780 1.324259834917895e-06 89
1790 1.34791986661376e-06 89.5
1800 1.370512904853098e-06 90
1810 1.39176855808857e-06 90.5
1820 1.411448106812361e-06 91
1830 1.429339835532531e-06 91.5
1840 1.445325864126029e-06 92
1850 1.459338678751042e-06 92.5
1860 1.47137247977383e-06 93
1870 1.481578152496655e-06 93.5
1880 1.490267895680957e-06 94
1890 1.497813000424565e-06 94.5
1900 1.504606288078558e-06 95
1910 1.511167496724094e-06 95.5
1920 1.51814679622631e-06 96
1930 1.526245360436998e-06 96.5
1940 1.536000541583336e-06 97
1950 1.547693809794134e-06 97.5
1960 1.561639188288025e-06 98
1970 1.577842994044281e-06 98.5
1980 1.596057582419849e-06 99
1990 1.61602658022816e-06 99.5
2000 1.637254813039485e-06 100
2010 1.659265032009853e-06 100.5
2020 1.68155398333665e-06 101
2030 1.703580663272935e-06 101.5
2040 1.72493655719511e-06 102
2050 1.744995068750465e-06 102.5
2060 1.763282904024042e-06 103
2070 1.77959729063764e-06 103.5
2080 1.793821060662375e-06 104
2090 1.805976424741214e-06 104.5
2100 1.816187955834944e-06 105
2110 1.82464997667379e-06 105.5
2120 1.831526043746013e-06 106
2130 1.837127317515647e-06 106.5
2140 1.841741703424209e-06 107
2150 1.845562388122133e-06 107.5
2160 1.848798659340693e-06 108
2170 1.851628195546432e-06 108.5
2180 1.854100216844901e-06 109
2190 1.856206379567491e-06 109.5
2200 1.857777902609347e-06 110
2210 1.858530401528667e-06 110.5
2220 1.858154837513977e-06 111
2230 1.856419019340325e-06 111.5
2240 1.853124343017987e-06 112
2250 1.848447413486997e-06 112.5
2260 1.84265864108629e-06 113
2270 1.836156749087471e-06 113.5
2280 1.82969776979692e-06 114
2290 1.824050126205958e-06 114.5
2300 1.819895316655034e-06 115
2310 1.817993361739902e-06 115.5
2320 1.819092210433795e-06 116
2330 1.823682126867773e-06 116.5
2340 1.831962190240797e-06 117
2350 1.843795374827209e-06 117.5
2360 1.858709475478188e-06 118
2370 1.876251720207278e-06 118.5
2380 1.895642720944427e-06 119
2390 1.915876535750385e-06 119.5
2400 1.935896199021311e-06 120
2410 1.954654531084183e-06 120.5
2420 1.971213913077991e-06 121
2430 1.984832931223451e-06 121.5
2440 1.995000056447899e-06 122
2450 2.001371440194059e-06 122.5
2460 2.003969835532742e-06 123
2470 2.00312738215928e-06 123.5
2480 1.999372389844913e-06 124
2490 1.993514960903246e-06 124.5
2500 1.986617044424929e-06 125
2510 1.979814179402749e-06 125.5
2520 1.974200904459409e-06 126
2530 1.970595132158053e-06 126.5
2540 1.969526450790715e-06 127
2550 1.971423845263773e-06 127.5
2560 1.976568549680707e-06 128
2570 1.98513021904341e-06 128.5
2580 1.997208789538877e-06 129
2590 2.012735834058862e-06 129.5
2600 2.031663131010986e-06 130
2610 2.053586786119162e-06 130.5
2620 2.077703236936085e-06 131
2630 2.10308095066798e-06 131.5
2640 2.128643978429993e-06 132
2650 2.153341196599291e-06 132.5
2660 2.176713038018718e-06 133
2670 2.198880785093166e-06 133.5
2680 2.220240932026469e-06 134
2690 2.24122731897026e-06 134.5
2700 2.262773295884397e-06 135
2710 2.285690092676453e-06 135.5
2720 2.310692192356943e-06 136
2730 2.338125629382496e-06 136.5
2740 2.367634558415732e-06 137
2750 2.398393242713874e-06 137.5
2760 2.42973259300226e-06 138
2770 2.460106520119123e-06 138.5
2780 2.487774013310819e-06 139
2790 2.511235046138611e-06 139.5
2800 2.529211777834602e-06 140
2810 2.540698514964105e-06 140.5
2820 2.544933798529105e-06 141
2830 2.541383039643318e-06 141.5
2840 2.529834144069372e-06 142
2850 2.510324032498035e-06 142.5
2860 2.48306856149961e-06 143
2870 2.448484112674219e-06 143.5
2880 2.407057016598777e-06 144
2890 2.35954593156722e-06 144.5
2900 2.306792892746465e-06 145
2910 2.249735446197388e-06 145.5
2920 2.189289496060287e-06 146
2930 2.126454901081051e-06 146.5
2940 2.062391278381648e-06 147
2950 1.998313519123245e-06 147.5
2960 1.935471582945193e-06 148
2970 1.875078392556495e-06 148.5
2980 1.81835749385568e-06 149
2990 1.766321084301152e-06 149.5
3000 1.71987638115975e-06 150
