0 0 0
5 3.200418942733601e-33 0.5
10 7.759030212713729e-38 1
15 1.962998587509465e-36 1.5
20 4.094768931650474e-35 2
25 1.890942902196619e-33 2.5
30 2.434296657036173e-32 3
35 1.960294198701054e-31 3.5
40 1.310158157312867e-30 4
45 8.586775099212532e-30 4.5
50 1.842907281183054e-17 5
55 1.18761209017333e-15 5.5
60 2.227381509709325e-14 6
65 1.446113400065664e-13 6.5
70 5.664170294097238e-13 7
75 1.864928463179225e-12 7.5
80 5.443532588407094e-12 8
85 1.456880434974905e-11 8.5
90 3.601734286180756e-11 9
95 8.172189451140859e-11 9.5
100 1.691902148350502e-10 10
105 3.194150007898947e-10 10.5
110 5.535843512044751e-10 11
115 8.900824136393345e-10 11.5
120 1.343687419724251e-09 12
125 1.930006438267069e-09 12.5
130 2.675026533208206e-09 13
135 3.632397432160081e-09 13.5
140 4.910719750197964e-09 14
145 6.718428257463614e-09 14.5
150 9.450752198351249e-09 15
155 1.386767822741779e-08 15.5
160 2.142691882213253e-08 16
165 3.502532628926872e-08 16.5
170 6.111887044963412e-08 17
175 1.162694250226474e-07 17.5
180 2.481440360351926e-07 18
185 6.030424452870078e-07 18.5
190 1.640409497933626e-06 19
195 4.707430490983813e-06 19.5
200 1.307655033847454e-05 20
205 3.280097471648166e-05 20.5
210 7.099225149071001e-05 21
215 0.0001313665580326739 21.5
220 0.0002103654282293315 22
225 0.0002974741797867408 22.5
230 0.0003791621536710504 23
235 0.0004467266833464609 23.5
240 0.0005007627311671673 24
245 0.0005475772687471856 24.5
250 0.0005939234892269634 25
255 0.0006453487128636571 25.5
260 0.0007048464729420743 26
265 0.0007722242587905871 26.5
270 0.0008463690363673134 27
275 0.0009264566862228846 27.5
280 0.001011313988777892 28
285 0.001096308118407037 28.5
290 0.001174628022562953 29
295 0.001239192764939826 29.5
300 0.0012830229859121 30
305 0.001302338163133321 30.5
310 0.001297567280683152 31
315 0.001273400299283057 31.5
320 0.001237935664507658 32
325 0.001200319266704326 32.5
330 0.001168113948233403 33
335 0.001144944674734603 33.5
340 0.001131233763248437 34
345 0.001125202411855367 34.5
350 0.001124059920751863 35
355 0.001124914361251148 35.5
360 0.001125538075694777 36
365 0.00112479403843952 36.5
370 0.001122841016073278 37
375 0.001120730532182225 37.5
380 0.001120115995933245 38
385 0.001122388195066123 38.5
390 0.001128820697765824 39
395 0.00114058412478215 39.5
400 0.001159110354717562 40
405 0.001185597888828106 40.5
410 0.001221367228734942 41
415 0.001267868336267878 41.5
420 0.001325924608569276 42
425 0.001395923114135263 42.5
430 0.00147724436680152 43
435 0.001568432056546577 43.5
440 0.001666827394987941 44
445 0.001768845243234734 44.5
450 0.001870023890626009 45
455 0.001965618830875292 45.5
460 0.002051500699913166 46
465 0.002124788094388353 46.5
470 0.002183959156090975 47
475 0.00222865590155817 47.5
480 0.002258743002527847 48
485 0.002274320958285425 48.5
490 0.002276145064930235 49
495 0.0022651851967193 49.5
500 0.002242730450367594 50
505 0.002210060047484818 50.5
510 0.002168463427106764 51
515 0.002119520474803211 51.5
520 0.00206430471004828 52
525 0.002003603718380682 52.5
530 0.001938328485091871 53
535 0.001869254124474785 53.5
540 0.001797379861231627 54
545 0.001724101841593655 54.5
550 0.001650797789497058 55
555 0.001578691260879402 55.5
560 0.001509121374459533 56
565 0.001443375170289226 56.5
570 0.001382431964759537 57
575 0.001326563824919652 57.5
580 0.001276030161297048 58
585 0.001230918705705056 58.5
590 0.001190926612906027 59
595 0.001155740708827766 59.5
600 0.001124727079737084 60
605 0.001097142596941563 60.5
610 0.001072157263464391 61
615 0.001048891224952137 61.5
620 0.001026269827591662 62
625 0.001003360400803141 62.5
630 0.0009793986811666472 63
635 0.0009538206367998089 63.5
640 0.0009262802521541715 64
645 0.0008966905438702406 64.5
650 0.0008651925774558938 65
655 0.0008321467613428036 65.5
660 0.0007980868450751737 66
665 0.0007636641465226936 66.5
670 0.0007295854848486004 67
675 0.0006965035442545996 67.5
680 0.0006650004989924953 68
685 0.0006355465161568604 68.5
690 0.0006084975997578111 69
695 0.0005840409077724612 69.5
700 0.0005622476993452742 70
705 0.0005430437837318552 70.5
710 0.000526255165092159 71
715 0.000511617391260292 71.5
720 0.0004988055759662384 72
725 0.0004874810882981547 72.5
730 0.0004773260702492654 73
735 0.000468063274629798 73.5
740 0.0004594657514657676 74
745 0.0004513328403156197 74.5
750 0.000443513837721117 75
755 0.0004359114387710994 75.5
760 0.0004284827882610618 76
765 0.0004212258058682092 76.5
770 0.0004141583858048955 77
775 0.0004073226237339452 77.5
780 0.0004007811363973901 78
785 0.0003946063741298551 78.5
790 0.0003888818348050993 79
795 0.0003836816422032 79.5
800 0.0003790641272133948 80
805 0.0003750751557601037 80.5
810 0.0003717367242066266 81
815 0.0003690536243432928 81.5
820 0.0003669987577772164 82
825 0.0003655033126487566 82.5
830 0.0003644833676525581 83
835 0.0003638439619537254 83.5
840 0.0003634763302184721 84
845 0.0003632752545710118 84.5
850 0.0003631411052794535 85
855 0.0003629899527998405 85.5
860 0.0003627600204352359 86
865 0.0003624041053777293 86.5
870 0.0003618840115957992 87
875 0.0003611665330120657 87.5
880 0.0003602225066217471 88
885 0.0003590391718224664 88.5
890 0.0003576214049572536 89
895 0.0003559825317506852 89.5
900 0.0003541413773831954 90
905 0.0003521238857532168 90.5
910 0.000349959453474428 91
915 0.0003476756856745468 91.5
920 0.0003452926335723757 92
925 0.0003428329364325263 92.5
930 0.0003403263468533901 93
935 0.0003377873186146817 93.5
940 0.0003352231356117555 94
945 0.0003326335043425734 94.5
950 0.0003300194174175541 95
955 0.0003273781604144861 95.5
960 0.0003247042801924111 96
965 0.0003219905917344028 96.5
970 0.0003192269746906408 97
975 0.0003164054662674243 97.5
980 0.0003135266524545735 98
985 0.0003105925104542059 98.5
990 0.0003076204276582143 99
995 0.0003046285237301866 99.5
1000 0.0003016355432397775 100
1005 0.0002986732390687259 100.5
1010 0.0002957702776946983 101
1015 0.0002929612055330943 101.5
1020 0.0002902735593444165 102
1025 0.0002877280086163033 102.5
1030 0.00028534071249547 103
1035 0.0002831255428080902 103.5
1040 0.0002810872686245712 104
1045 0.0002792240072941336 104.5
1050 0.0002775264511812001 105
1055 0.0002759815311641281 105.5
1060 0.0002745723761482396 106
1065 0.0002732816478001361 106.5
1070 0.0002720909320810287 107
1075 0.0002709795372510015 107.5
1080 0.0002699284021340206 108
1085 0.0002689183536780396 108.5
1090 0.0002679340159298673 109
1095 0.0002669643515740649 109.5
1100 0.0002660050601053383 110
1105 0.000265054270287787 110.5
1110 0.0002641128707026087 111
1115 0.0002631848997183508 111.5
1120 0.0002622839035699299 112
1125 0.0002614294716031073 112.5
1130 0.0002606438680998727 113
1135 0.0002599513065785006 113.5
1140 0.0002593716202606403 114
1145 0.0002589187548802474 114.5
1150 0.0002586069056457928 115
1155 0.0002584505631888342 115.5
1160 0.0002584608022131021 116
1165 0.0002586472090256649 116.5
1170 0.0002590162755221922 117
1175 0.0002595725813727415 117.5
1180 0.0002603238638735008 118
1185 0.0002612814721828898 118.5
1190 0.0002624588546684273 119
1195 0.0002638708354367095 119.5
1200 0.0002655317412840165 120
1205 0.0002674510374987335 120.5
1210 0.0002696361694215717 121
1215 0.0002720960151245391 121.5
1220 0.0002748438275030626 122
1225 0.0002778915605679337 122.5
1230 0.000281237699286364 123
1235 0.0002848891896647062 123.5
1240 0.0002888522668998769 124
1245 0.0002931283897162449 124.5
1250 0.0002977165856829996 125
1255 0.0003026146976144755 125.5
1260 0.0003078166073648542 126
1265 0.0003133176592062362 126.5
1270 0.0003191196168156603 127
1275 0.0003252274705557243 127.5
1280 0.0003316421282260886 128
1285 0.0003383607219274912 128.5
1290 0.0003453774785193425 129
1295 0.0003526833718130694 129.5
1300 0.0003602681482873477 130
1305 0.0003681188508357854 130.5
1310 0.000376214028806477 131
1315 0.0003845295687323809 131.5
1320 0.0003930427616446564 132
1325 0.00040173190972696 132.5
1330 0.0004105741017483607 133
1335 0.0004195472045492795 133.5
1340 0.000428626158243956 134
1345 0.0004377860542156212 134.5
1350 0.0004470086366408288 135
1355 0.0004562789840785767 135.5
1360 0.00046558085916644 136
1365 0.0004748953173819088 136.5
1370 0.0004842061959732493 137
1375 0.0004935054001758716 137.5
1380 0.0005027874087810427 138
1385 0.0005120455217462801 138.5
1390 0.0005212817795003836 139
1395 0.0005304985090281154 139.5
1400 0.0005396898905934638 140
1405 0.0005488444482006246 140.5
1410 0.0005579455464491576 141
1415 0.000566982372484213 141.5
1420 0.000575943964107109 142
1425 0.0005848178559899782 142.5
1430 0.0005935841438412215 143
1435 0.0006022190414460822 143.5
1440 0.0006106967344507881 144
1445 0.0006189922832232872 144.5
1450 0.0006270857672967366 145
1455 0.0006349633905331781 145.5
1460 0.0006426155234645669 146
1465 0.0006500338077767814 146.5
1470 0.0006572106920434116 147
1475 0.0006641413845233563 147.5
1480 0.000670823334854688 148
1485 0.0006772462663601679 148.5
1490 0.0006834104766132258 149
1495 0.0006893243424167082 149.5
1500 0.0006950020393693434 150
1505 0.0007004550163927482 150.5
1510 0.0007056912218436268 151
1515 0.0007107269465623624 151.5
1520 0.0007155620680969815 152
1525 0.0007202244919823174 152.5
1530 0.0007247309589434248 153
1535 0.0007290866824516561 153.5
1540 0.0007333024175375936 154
1545 0.0007373948963039185 154.5
1550 0.0007413710196370416 155
1555 0.0007452347241937298 155.5
1560 0.0007489960446727332 156
1565 0.0007526769766414096 156.5
1570 0.0007563081815838932 157
1575 0.0007599260271983682 157.5
1580 0.0007635658670507819 158
1585 0.0007672707290241784 158.5
1590 0.000771082036174071 159
1595 0.0007750407361910901 159.5
1600 0.0007791962014900251 160
1605 0.0007836036983358668 160.5
1610 0.0007883168240696176 161
1615 0.0007933741439726272 161.5
1620 0.0007988124869089951 162
1625 0.0008046487868363566 162.5
1630 0.0008109081347569514 163
1635 0.000817603234010924 163.5
1640 0.000824734268571812 164
1645 0.0008323013231874575 164.5
1650 0.0008403009484050644 165
1655 0.0008487193382103595 165.5
1660 0.0008575363258715383 166
1665 0.0008667205687265415 166.5
1670 0.0008762420001427563 167
1675 0.0008860861017701318 167.5
1680 0.0008962196936540763 168
1685 0.0009066128545564952 168.5
1690 0.0009172372766727203 169
1695 0.0009280598699977313 169.5
1700 0.0009390529813271977 170
1705 0.0009501864487793039 170.5
1710 0.000961419353887268 171
1715 0.000972709222551003 171.5
1720 0.000984009590387855 172
1725 0.0009952798801381604 172.5
1730 0.00100649073286404 173
1735 0.001017608926433752 173.5
1740 0.00102858786545318 174
1745 0.001039381875166414 174.5
1750 0.001049959933139891 175
1755 0.001060306256944362 175.5
1760 0.001070401630787524 176
1765 0.001080200776752955 176.5
1770 0.001089657172303858 177
1775 0.00109869760611158 177.5
1780 0.001107260160161535 178
1785 0.001115286847857008 178.5
1790 0.001122721215619549 179
1795 0.001129516512565532 179.5
1800 0.001135637546146506 180
1805 0.001141024377679061 180.5
1810 0.001145666659152509 181
1815 0.001149575336156786 181.5
1820 0.001152771925663638 182
1825 0.001155312464877043 182.5
1830 0.001157240313055502 183
1835 0.001158587765069716 183.5
1840 0.001159399116849286 184
1845 0.001159733562654097 184.5
1850 0.00115965074044843 185
1855 0.001159206136333606 185.5
1860 0.001158451803182983 186
1865 0.001157438634489134 186.5
1870 0.001156217243678226 187
1875 0.001154840621590126 187.5
1880 0.001153355096893116 188
1885 0.001151810608378141 188.5
1890 0.001150233227887356 189
1895 0.001148649491154318 189.5
1900 0.001147082652644699 190
1905 0.001145554629984288 190.5
1910 0.001144077301682116 191
1915 0.001142659779911252 191.5
1920 0.001141306181684372 192
1925 0.001140016637086705 192.5
1930 0.001138782829233184 193
1935 0.001137600658183272 193.5
1940 0.00113646505759922 194
1945 0.00113537459117535 194.5
1950 0.001134334208078606 195
1955 0.001133362139795219 195.5
1960 0.001132472175891931 196
1965 0.001131669097036785 196.5
1970 0.001130960627362075 197
1975 0.001130358587731614 197.5
1980 0.001129875310052264 198
1985 0.001129520551411748 198.5
1990 0.00112930410231262 199
1995 0.00112923703341263 199.5
2000 0.001129326571717012 200
2005 0.00112957512013822 200.5
2010 0.001129979159514572 201
2015 0.001130539837825916 201.5
2020 0.001131253783676673 202
2025 0.001132106704945227 202.5
2030 0.001133079994756945 203
2035 0.001134154215748909 203.5
2040 0.001135307765369726 204
2045 0.001136501858252396 204.5
2050 0.001137705194204401 205
2055 0.001138879724216838 205.5
2060 0.0011399904687148 206
2065 0.001141006929827754 206.5
2070 0.001141902311704321 207
2075 0.001142649876848469 207.5
2080 0.001143229183683234 208
2085 0.001143622204168109 208.5
2090 0.001143819762295434 209
2095 0.001143823412501444 209.5
2100 0.001143639601234714 210
2105 0.00114327131918472 210.5
2110 0.001142732307994254 211
2115 0.001142042080187429 211.5
2120 0.001141226454834538 212
2125 0.001140309824895095 212.5
2130 0.001139322486091143 213
2135 0.001138291518694565 213.5
2140 0.001137246213269115 214
2145 0.001136214448235855 214.5
2150 0.001135216800275861 215
2155 0.001134281114399862 215.5
2160 0.001133429716723435 216
2165 0.001132686219735408 216.5
2170 0.001132063559865911 217
2175 0.001131575531667464 217.5
2180 0.001131236012944311 218
2185 0.001131053769486626 218.5
2190 0.001131030187116294 219
2195 0.001131163703349842 219.5
2200 0.001131446555488325 220
2205 0.001131869814177756 220.5
2210 0.001132422075740749 221
2215 0.001133086920465204 221.5
2220 0.001133849545796387 222
2225 0.001134691438727456 222.5
2230 0.001135592454552992 223
2235 0.001136535254633492 223.5
2240 0.001137501632667311 224
2245 0.00113846814994538 224.5
2250 0.001139414630558013 225
2255 0.001140320264497244 225.5
2260 0.001141164411366416 226
2265 0.001141928623755721 226.5
2270 0.001142597749791355 227
2275 0.001143156824202744 227.5
2280 0.001143596037168564 228
2285 0.001143904183206115 228.5
2290 0.001144078063336037 229
2295 0.001144115681064265 229.5
2300 0.00114401729923992 230
2305 0.001143786160549882 230.5
2310 0.001143425509001647 231
2315 0.001142946050558486 231.5
2320 0.001142358479974183 232
2325 0.001141673586082989 232.5
2330 0.001140903091204379 233
2335 0.001140061766389073 233.5
2340 0.001139161229625753 234
2345 0.001138216078525729 234.5
2350 0.001137238348720248 235
2355 0.001136239484765419 235.5
2360 0.001135230037637489 236
2365 0.001134217998538132 236.5
2370 0.001133207343976168 237
2375 0.001132203494106506 237.5
2380 0.001131209370287193 238
2385 0.001130226242390573 238.5
2390 0.001129252836092154 239
2395 0.001128284292023143 239.5
2400 0.001127320477320438 240
2405 0.001126357782511751 240.5
2410 0.001125392231792746 241
2415 0.001124417798849732 241.5
2420 0.001123437531473755 242
2425 0.001122449080467972 242.5
2430 0.0011214550180087 243
2435 0.001120452323566635 243.5
2440 0.001119443579224218 244
2445 0.001118435309627395 244.5
2450 0.001117431666150373 245
2455 0.001116440087546757 245.5
2460 0.001115463176232065 246
2465 0.001114512786830123 246.5
2470 0.001113594258165132 247
2475 0.001112713709570923 247.5
2480 0.001111878237790296 248
2485 0.001111090372243468 248.5
2490 0.001110358028237704 249
2495 0.001109684964832986 249.5
2500 0.0011090727919598 250
2505 0.001108524287031243 250.5
2510 0.001108045310730753 251
2515 0.001107629527674453 251.5
2520 0.001107284462228013 252
2525 0.001107005970619336 252.5
2530 0.001106794068470068 253
2535 0.001106647476528004 253.5
2540 0.001106565438117158 254
2545 0.001106551769540854 254.5
2550 0.001106603543839409 255
2555 0.001106723751742904 255.5
2560 0.001106911445307336 256
2565 0.001107169945609529 256.5
2570 0.00110750340235916 257
2575 0.001107915542902837 257.5
2580 0.001108410201993316 258
2585 0.001108991918880369 258.5
2590 0.001109666349523011 259
2595 0.001110441858108023 259.5
2600 0.001111318485572621 260
2605 0.001112301968303915 260.5
2610 0.001113393023891625 261
2615 0.00111459618544501 261.5
2620 0.001115909043548504 262
2625 0.001117333225585319 262.5
2630 0.00111886774465282 263
2635 0.001120511378017846 263.5
2640 0.001122260711433697 264
2645 0.00112411387994603 264.5
2650 0.001126072867012563 265
2655 0.001128132377399835 265.5
2660 0.001130294786426627 266
2665 0.001132558805063496 266.5
2670 0.001134922703553501 267
2675 0.001137384359537444 267.5
2680 0.001139945330244788 268
2685 0.001142601320921899 268.5
2690 0.001145349759730025 269
2695 0.001148187063967494 269.5
2700 0.00115110580420247 270
2705 0.0011541004518533 270.5
2710 0.001157156761771461 271
2715 0.001160260158862571 271.5
2720 0.001163397189500831 272
2725 0.001166552021335372 272.5
2730 0.001169698649568872 273
2735 0.001172817408429016 273.5
2740 0.001175880953225102 274
2745 0.001178866062789113 274.5
2750 0.00118174489044294 275
2755 0.001184492319008 275.5
2760 0.001187087818207166 276
2765 0.001189507554146955 276.5
2770 0.001191730709259114 277
2775 0.00119374542653509 277.5
2780 0.001195540262454976 278
2785 0.00119710800836885 278.5
2790 0.001198446410027964 279
2795 0.001199560806372448 279.5
2800 0.001200456857903827 280
2805 0.001201142340767749 280.5
2810 0.001201628616885434 281
2815 0.001201927435273099 281.5
2820 0.001202053116640835 282
2825 0.001202023539064109 282.5
2830 0.001201848804738181 283
2835 0.001201547732386661 283.5
2840 0.001201132041299494 284
2845 0.001200609972140475 284.5
2850 0.001199994395857685 285
2855 0.001199295524698526 285.5
2860 0.001198518092442262 286
2865 0.001197665994797514 286.5
2870 0.001196745747869027 287
2875 0.001195762414367523 287.5
2880 0.001194721216598648 288
2885 0.001193622322907419 288.5
2890 0.001192471031838415 289
2895 0.001191277267810801 289.5
2900 0.001190043944980398 290
2905 0.00118877961692721 290.5
2910 0.001187488680871537 291
2915 0.001186183807231256 291.5
2920 0.001184871232863854 292
2925 0.001183563544870416 292.5
2930 0.001182269167037066 293
2935 0.001180998822602007 293.5
2940 0.001179761544511776 294
2945 0.001178568246967546 294.5
2950 0.001177430047031714 295
2955 0.001176352278708051 295.5
2960 0.00117534315217464 296
2965 0.001174412248652499 296.5
2970 0.001173561911491196 297
2975 0.001172798643027762 297.5
2980 0.001172121995828153 298
2985 0.001171532877229201 298.5
2990 0.001171028833686811 299
2995 0.001170608548902713 299.5
3000 0.001170271680302725 300
