0 0.1058838441967964 0
5 0.1073938980698586 0.5
10 0.1073097810149193 1
15 0.1072068959474564 1.5
20 0.1071441397070885 2
25 0.1070685014128685 2.5
30 0.1070051491260529 3
35 0.1069883108139038 3.5
40 0.1069874241948128 4
45 0.1069806590676308 4.5
50 0.107003353536129 5
55 0.1070254296064377 5.5
60 0.1070524081587791 6
65 0.10714440792799 6.5
70 0.1072173863649368 7
75 0.107282318174839 7.5
80 0.1073842644691467 8
85 0.1074764803051949 8.5
90 0.1076875403523445 9
95 0.107890710234642 9.5
100 0.1080531030893326 10
105 0.1082610264420509 10.5
110 0.1084203794598579 11
115 0.1086217612028122 11.5
120 0.1087641417980194 12
125 0.1089129075407982 12.5
130 0.1090927422046661 13
135 0.1092195734381676 13.5
140 0.10939621925354 14
145 0.1095859408378601 14.5
150 0.1098227873444557 15
155 0.1101033911108971 15.5
160 0.1104752793908119 16
165 0.1108944192528725 16.5
170 0.1114330068230629 17
175 0.1119881942868233 17.5
180 0.1125596016645432 18
185 0.1130877062678337 18.5
190 0.1135032027959824 19
195 0.1138138398528099 19.5
200 0.1139253824949265 20
205 0.113862045109272 20.5
210 0.1137888804078102 21
215 0.1136345714330673 21.5
220 0.1136031448841095 22
225 0.1137233078479767 22.5
230 0.1140049025416374 23
235 0.1144951283931732 23.5
240 0.1150710731744766 24
245 0.1158039346337318 24.5
250 0.1164931431412697 25
255 0.1171872615814209 25.5
260 0.1178701370954514 26
265 0.1184424683451653 26.5
270 0.1189745143055916 27
275 0.1193961277604103 27.5
280 0.1197554245591164 28
285 0.1200287863612175 28.5
290 0.1202591061592102 29
295 0.1204239428043365 29.5
300 0.1206071153283119 30
305 0.1207264363765717 30.5
310 0.1208563297986984 31
315 0.1209680810570717 31.5
320 0.1210538595914841 32
325 0.1210994347929955 32.5
330 0.1210825592279434 33
335 0.1210697293281555 33.5
340 0.1209859475493431 34
345 0.1208733022212982 34.5
350 0.1207401230931282 35
355 0.1206000670790672 35.5
360 0.1204496845602989 36
365 0.1203198060393333 36.5
370 0.1202192008495331 37
375 0.1202312335371971 37.5
380 0.1202557682991028 38
385 0.1203377917408943 38.5
390 0.1204569116234779 39
395 0.1205678358674049 39.5
400 0.1206899508833885 40
405 0.1208303719758987 40.5
410 0.1209315657615662 41
415 0.1210276335477829 41.5
420 0.121077336370945 42
425 0.1211084127426147 42.5
430 0.1210507974028587 43
435 0.120968796312809 43.5
440 0.1207849457859993 44
445 0.1205500140786171 44.5
450 0.120263010263443 45
455 0.11993607878685 45.5
460 0.1195927783846855 46
465 0.1192109733819962 46.5
470 0.1188141703605652 47
475 0.1184539720416069 47.5
480 0.1181105002760887 48
485 0.1177685782313347 48.5
490 0.1175042986869812 49
495 0.1173982620239258 49.5
500 0.1173235028982162 50
505 0.1172658130526543 50.5
510 0.117251455783844 51
515 0.1172543317079544 51.5
520 0.1172763109207153 52
525 0.1173142641782761 52.5
530 0.11734639108181 53
535 0.1173816472291946 53.5
540 0.1174349710345268 54
545 0.1174748465418816 54.5
550 0.1175116524100304 55
555 0.117537796497345 55.5
560 0.1175586581230164 56
565 0.1175864040851593 56.5
570 0.1175981089472771 57
575 0.1176130324602127 57.5
580 0.1176381856203079 58
585 0.1176225990056992 58.5
590 0.117624007165432 59
595 0.1176442056894302 59.5
600 0.1176284477114677 60
605 0.1176048591732979 60.5
610 0.117604061961174 61
615 0.1176005750894547 61.5
620 0.1175986379384995 62
625 0.117607481777668 62.5
630 0.1176253259181976 63
635 0.1176543533802032 63.5
640 0.1176881864666939 64
645 0.1177170947194099 64.5
650 0.1177709996700287 65
655 0.1178371906280518 65.5
660 0.1178882271051407 66
665 0.1179500445723534 66.5
670 0.1180131882429123 67
675 0.1180574372410774 67.5
680 0.1181098371744156 68
685 0.1181600689888 68.5
690 0.118199348449707 69
695 0.1182142719626427 69.5
700 0.1182457655668259 70
705 0.1182389706373215 70.5
710 0.1182506233453751 71
715 0.1182523965835571 71.5
720 0.118233285844326 72
725 0.1182284280657768 72.5
730 0.1181965097784996 73
735 0.1181773394346237 73.5
740 0.1181360706686974 74
745 0.1181403324007988 74.5
750 0.1181020066142082 75
755 0.118072085082531 75.5
760 0.1180319264531136 76
765 0.1180010363459587 76.5
770 0.1179598271846771 77
775 0.1179230734705925 77.5
780 0.1178828105330467 78
785 0.1178442984819412 78.5
790 0.1178196743130684 79
795 0.1177642494440079 79.5
800 0.1177223175764084 80
805 0.1176997274160385 80.5
810 0.1176528185606003 81
815 0.1176122799515724 81.5
820 0.1175765320658684 82
825 0.1175506561994553 82.5
830 0.1175103858113289 83
835 0.1174818351864815 83.5
840 0.1174413934350014 84
845 0.11742103099823 84.5
850 0.1173984408378601 85
855 0.1173714771866798 85.5
860 0.1173720955848694 86
865 0.1173572987318039 86.5
870 0.117381364107132 87
875 0.1173743903636932 87.5
880 0.1173756122589111 88
885 0.1174093261361122 88.5
890 0.1174376085400581 89
895 0.1174688413739204 89.5
900 0.1174862086772919 90
905 0.1175485998392105 90.5
910 0.1175511628389359 91
915 0.1176021099090576 91.5
920 0.1176437959074974 92
925 0.1176980063319206 92.5
930 0.1177138984203339 93
935 0.1177535429596901 93.5
940 0.1177947893738747 94
945 0.1178175732493401 94.5
950 0.1178598552942276 95
955 0.1178962737321854 95.5
960 0.1179163381457329 96
965 0.1179566085338593 96.5
970 0.1179943084716797 97
975 0.1180251613259315 97.5
980 0.1180542483925819 98
985 0.1180683597922325 98.5
990 0.1180941313505173 99
995 0.1181114539504051 99.5
1000 0.1181423887610435 100
1005 0.1181574761867523 100.5
1010 0.1181613728404045 101
1015 0.1182033717632294 101.5
1020 0.1182056665420532 102
1025 0.1182205900549889 102.5
1030 0.1182265728712082 103
1035 0.1182382851839066 103.5
1040 0.1182657182216644 104
1045 0.1183005422353745 104.5
1050 0.1183213740587234 105
1055 0.1183348149061203 105.5
1060 0.1183517500758171 106
1065 0.1183686852455139 106.5
1070 0.1184050515294075 107
1075 0.1184199750423431 107.5
1080 0.118445985019207 108
1085 0.1184763163328171 108.5
1090 0.1184795573353767 109
1095 0.1185204833745956 109.5
1100 0.1185586303472519 110
1105 0.1185804232954979 110.5
1110 0.1185910478234291 111
1115 0.1186298877000809 111.5
1120 0.1186718121170998 112
1125 0.1187058612704277 112.5
1130 0.1187234297394753 113
1135 0.1187782883644104 113.5
1140 0.1187747344374657 114
1145 0.1188208609819412 114.5
1150 0.1188328489661217 115
1155 0.1188466772437096 115.5
1160 0.1188742220401764 116
1165 0.118918664753437 116.5
1170 0.1189210414886475 117
1175 0.1189471781253815 117.5
1180 0.1189637407660484 118
1185 0.1189727857708931 118.5
1190 0.1189901605248451 119
1195 0.1190129071474075 119.5
1200 0.1189997792243958 120
1205 0.1190346777439117 120.5
1210 0.1190709173679352 121
1215 0.1190632656216621 121.5
1220 0.119049534201622 122
1225 0.1190540716052055 122.5
1230 0.1190395951271057 123
1235 0.1190319284796715 123.5
1240 0.119025781750679 124
1245 0.1190102398395538 124.5
1250 0.1190047636628151 125
1255 0.1189733147621155 125.5
1260 0.1189346462488174 126
1265 0.1189135909080505 126.5
1270 0.1188791841268539 127
1275 0.1188605651259422 127.5
1280 0.1188142225146294 128
1285 0.1187848746776581 128.5
1290 0.1187455728650093 129
1295 0.1187111139297485 129.5
1300 0.1186768859624863 130
1305 0.118642657995224 130.5
1310 0.1186039224267006 131
1315 0.1185614466667175 131.5
1320 0.1185512021183968 132
1325 0.1185106486082077 132.5
1330 0.1184791401028633 133
1335 0.1184690818190575 133.5
1340 0.1184503436088562 134
1345 0.1184377744793892 134.5
1350 0.1184258535504341 135
1355 0.1184238344430923 135.5
1360 0.1184185966849327 136
1365 0.1184214428067207 136.5
1370 0.1184221804141998 137
1375 0.118409238755703 137.5
1380 0.1184342354536057 138
1385 0.1184444278478622 138.5
1390 0.1184435933828354 139
1395 0.118431992828846 139.5
1400 0.1184590980410576 140
1405 0.1184860467910767 140.5
1410 0.1184910237789154 141
1415 0.1184970960021019 141.5
1420 0.1185158118605614 142
1425 0.1185390278697014 142.5
1430 0.1185647249221802 143
1435 0.1185753643512726 143.5
1440 0.1185867637395859 144
1445 0.1186193749308586 144.5
1450 0.1186266243457794 145
1455 0.1186417415738106 145.5
1460 0.1186632588505745 146
1465 0.1186894103884697 146.5
1470 0.1187022402882576 147
1475 0.1186897307634354 147.5
1480 0.1187220066785812 148
1485 0.1187252700328827 148.5
1490 0.1187495514750481 149
1495 0.1187385842204094 149.5
1500 0.118755429983139 150
1505 0.1187819391489029 150.5
1510 0.1187789216637611 151
1515 0.1188095584511757 151.5
1520 0.1188252791762352 152
1525 0.118867889046669 152.5
1530 0.1188982799649239 153
1535 0.1189314499497414 153.5
1540 0.1189738363027573 154
1545 0.1190153807401657 154.5
1550 0.1190226003527641 155
1555 0.1190477386116982 155.5
1560 0.119056299328804 156
1565 0.119102954864502 156.5
1570 0.1190977990627289 157
1575 0.1191400811076164 157.5
1580 0.1191348657011986 158
1585 0.1191664412617683 158.5
1590 0.1191977709531784 159
1595 0.119230180978775 159.5
1600 0.1192654892802238 160
1605 0.1192948147654533 160.5
1610 0.1193262040615082 161
1615 0.1193607896566391 161.5
1620 0.1193843334913254 162
1625 0.1194083467125893 162.5
1630 0.1194282546639442 163
1635 0.1194285228848457 163.5
1640 0.1194564327597618 164
1645 0.1194463893771172 164.5
1650 0.1194511875510216 165
1655 0.1194634959101677 165.5
1660 0.1194769591093063 166
1665 0.1194565445184708 166.5
1670 0.119489848613739 167
1675 0.1194877102971077 167.5
1680 0.119496189057827 168
1685 0.1194948107004166 168.5
1690 0.1195062100887299 169
1695 0.119490809738636 169.5
1700 0.1194808632135391 170
1705 0.1194759830832481 170.5
1710 0.119464173913002 171
1715 0.1194326430559158 171.5
1720 0.1194192245602608 172
1725 0.119395837187767 172.5
1730 0.1193563863635063 173
1735 0.1193365827202797 173.5
1740 0.11930001527071 174
1745 0.1192548871040344 174.5
1750 0.1192410215735435 175
1755 0.1192217320203781 175.5
1760 0.1191912963986397 176
1765 0.1191663816571236 176.5
1770 0.119151346385479 177
1775 0.1191294714808464 177.5
1780 0.1191119775176048 178
1785 0.1190974935889244 178.5
1790 0.119084507226944 179
1795 0.1190596669912338 179.5
1800 0.1190576702356339 180
1805 0.1190342530608177 180.5
1810 0.1190249919891357 181
1815 0.1190127283334732 181.5
1820 0.1190067753195763 182
1825 0.1190022081136703 182.5
1830 0.1189848184585571 183
1835 0.1189931109547615 183.5
1840 0.118999071419239 184
1845 0.1189988628029823 184.5
1850 0.1189922764897346 185
1855 0.1189922168850899 185.5
1860 0.1190052703022957 186
1865 0.1190222427248955 186.5
1870 0.119022861123085 187
1875 0.1190247684717178 187.5
1880 0.1190303862094879 188
1885 0.1190483793616295 188.5
1890 0.1190488412976265 189
1895 0.1190453544259071 189.5
1900 0.1190591976046562 190
1905 0.1190602630376816 190.5
1910 0.1190709248185158 191
1915 0.1190647482872009 191.5
1920 0.1190714910626411 192
1925 0.1190923228859901 192.5
1930 0.119074635207653 193
1935 0.1190741062164307 193.5
1940 0.1190760731697083 194
1945 0.1190813481807709 194.5
1950 0.1190803721547127 195
1955 0.1190805807709694 195.5
1960 0.1190976351499557 196
1965 0.1190596595406532 196.5
1970 0.1190880462527275 197
1975 0.1190858483314514 197.5
1980 0.1190871149301529 198
1985 0.1190817356109619 198.5
1990 0.1191109046339989 199
1995 0.1191129758954048 199.5
2000 0.1191097870469093 200
2005 0.1191169545054436 200.5
2010 0.1191217377781868 201
2015 0.1191402152180672 201.5
2020 0.1191492825746536 202
2025 0.1191441640257835 202.5
2030 0.1191692352294922 203
2035 0.1191719546914101 203.5
2040 0.1192033961415291 204
2045 0.1192027255892754 204.5
2050 0.1192130446434021 205
2055 0.1192263886332512 205.5
2060 0.119238518178463 206
2065 0.1192656010389328 206.5
2070 0.1192648485302925 207
2075 0.1192882657051086 207.5
2080 0.1192927658557892 208
2085 0.1193057969212532 208.5
2090 0.119325689971447 209
2095 0.1193249076604843 209.5
2100 0.1193291246891022 210
2105 0.1193143352866173 210.5
2110 0.1193316951394081 211
2115 0.1193548440933228 211.5
2120 0.1193727403879166 212
2125 0.1193842440843582 212.5
2130 0.1193897873163223 213
2135 0.1193910166621208 213.5
2140 0.1193971410393715 214
2145 0.119412362575531 214.5
2150 0.1194349154829979 215
2155 0.1194443330168724 215.5
2160 0.1194321066141129 216
2165 0.1194522827863693 216.5
2170 0.1194542944431305 217
2175 0.1194605678319931 217.5
2180 0.1194628775119781 218
2185 0.11945641040802 218.5
2190 0.1194733753800392 219
2195 0.1194620355963707 219.5
2200 0.1194778606295586 220
2205 0.119479238986969 220.5
2210 0.1194772273302078 221
2215 0.1194770559668541 221.5
2220 0.1194736212491989 222
2225 0.1194774433970451 222.5
2230 0.1194732636213303 223
2235 0.1194829717278481 223.5
2240 0.1194863393902779 224
2245 0.1194859221577644 224.5
2250 0.1195049285888672 225
2255 0.1195211261510849 225.5
2260 0.1195237413048744 226
2265 0.119520902633667 226.5
2270 0.1195315942168236 227
2275 0.1195583045482635 227.5
2280 0.1195758655667305 228
2285 0.1195654943585396 228.5
2290 0.119603805243969 229
2295 0.1196077391505241 229.5
2300 0.11964450776577 230
2305 0.1196583062410355 230.5
2310 0.1196535676717758 231
2315 0.1196758076548576 231.5
2320 0.1196829825639725 232
2325 0.1197136044502258 232.5
2330 0.1197200864553452 233
2335 0.1197295114398003 233.5
2340 0.119746208190918 234
2345 0.1197511479258537 234.5
2350 0.1197502613067627 235
2355 0.1197431832551956 235.5
2360 0.1197714507579803 236
2365 0.119767040014267 236.5
2370 0.1197632998228073 237
2375 0.1197625920176506 237.5
2380 0.1197513937950134 238
2385 0.1197477877140045 238.5
2390 0.1197301372885704 239
2395 0.1197250634431839 239.5
2400 0.1196785643696785 240
2405 0.1196682378649712 240.5
2410 0.1196417361497879 241
2415 0.119629293680191 241.5
2420 0.1196034103631973 242
2425 0.1195861324667931 242.5
2430 0.1195636540651321 243
2435 0.1195372641086578 243.5
2440 0.1194905638694763 244
2445 0.1194837689399719 244.5
2450 0.1194647997617722 245
2455 0.1194339767098427 245.5
2460 0.1194256842136383 246
2465 0.1194233670830727 246.5
2470 0.1194003820419312 247
2475 0.119378387928009 247.5
2480 0.1193526461720467 248
2485 0.1193431168794632 248.5
2490 0.1193557754158974 249
2495 0.1193456575274467 249.5
2500 0.1193217784166336 250
2505 0.1193136125802994 250.5
2510 0.1193249076604843 251
2515 0.1193077266216278 251.5
2520 0.1193165108561516 252
2525 0.1193026676774025 252.5
2530 0.1193087324500084 253
2535 0.1192993521690369 253.5
2540 0.1193208917975426 254
2545 0.119315542280674 254.5
2550 0.1193162277340889 255
2555 0.1193078011274338 255.5
2560 0.1193197891116142 256
2565 0.1193271279335022 256.5
2570 0.1193038076162338 257
2575 0.1193160340189934 257.5
2580 0.1193298101425171 258
2585 0.1193356588482857 258.5
2590 0.1193363070487976 259
2595 0.1193384900689125 259.5
2600 0.1193525642156601 260
2605 0.119350403547287 260.5
2610 0.1193470656871796 261
2615 0.1193724647164345 261.5
2620 0.119363471865654 262
2625 0.1193549409508705 262.5
2630 0.119383193552494 263
2635 0.1193698570132256 263.5
2640 0.1193571612238884 264
2645 0.1193781048059464 264.5
2650 0.1193879246711731 265
2655 0.1193876266479492 265.5
2660 0.119395449757576 266
2665 0.1193953007459641 266.5
2670 0.1194144412875175 267
2675 0.1194041669368744 267.5
2680 0.1193779855966568 268
2685 0.1194394007325172 268.5
2690 0.1194285154342651 269
2695 0.1194490641355515 269.5
2700 0.1194690093398094 270
2705 0.1194837018847466 270.5
2710 0.1194897666573524 271
2715 0.1195227727293968 271.5
2720 0.1195397302508354 272
2725 0.1195349022746086 272.5
2730 0.119562029838562 273
2735 0.1195886731147766 273.5
2740 0.1196089833974838 274
2745 0.1196172013878822 274.5
2750 0.1196554601192474 275
2755 0.1196635290980339 275.5
2760 0.1196786612272263 276
2765 0.1197111010551453 276.5
2770 0.1197200044989586 277
2775 0.1197458431124687 277.5
2780 0.1197461560368538 278
2785 0.1197633296251297 278.5
2790 0.1197877004742622 279
2795 0.1198078542947769 279.5
2800 0.1198154911398888 280
2805 0.1198274195194244 280.5
2810 0.1198137849569321 281
2815 0.119830384850502 281.5
2820 0.1198485493659973 282
2825 0.1198591738939285 282.5
2830 0.1198594942688942 283
2835 0.1198718324303627 283.5
2840 0.1198643296957016 284
2845 0.1198557391762733 284.5
2850 0.1198504418134689 285
2855 0.1198756471276283 285.5
2860 0.1198533475399017 286
2865 0.1198446527123451 286.5
2870 0.1198253855109215 287
2875 0.1198105439543724 287.5
2880 0.1197948083281517 288
2885 0.1197771802544594 288.5
2890 0.1197740137577057 289
2895 0.1197539269924164 289.5
2900 0.119727797806263 290
2905 0.1197112128138542 290.5
2910 0.1196955516934395 291
2915 0.119683526456356 291.5
2920 0.1196734830737114 292
2925 0.1196534410119057 292.5
2930 0.1196244284510612 293
2935 0.1196200251579285 293.5
2940 0.1195953637361526 294
2945 0.1195872873067856 294.5
2950 0.1195729449391365 295
2955 0.119574174284935 295.5
2960 0.1195631623268127 296
2965 0.1195650547742844 296.5
2970 0.1195579692721367 297
2975 0.1195207834243774 297.5
2980 0.1195290610194206 298
2985 0.1195341944694519 298.5
2990 0.1195033639669418 299
2995 0.1195101514458656 299.5
3000 0.1195043921470642 300
