0 0 0
5 1.244330636385613e-33 0.5
10 3.016729739161816e-38 1
15 7.63218605228407e-37 1.5
20 1.592056078202257e-35 2
25 7.352031802590895e-34 2.5
30 9.464604361496329e-33 3
35 7.621671323096364e-32 3.5
40 5.093926647810816e-31 4
45 3.338558955840004e-30 4.5
50 7.165268144661992e-18 5
55 4.617464570692724e-16 5.5
60 8.660113257181327e-15 6
65 5.622523924485013e-14 6.5
70 2.202243129029365e-13 7
75 7.250887033618618e-13 7.5
80 2.116458654670025e-12 8
85 5.66438641699094e-12 8.5
90 1.400363013908156e-11 9
95 3.177367051738621e-11 9.5
100 6.578156530847675e-11 10
105 1.241893259338468e-10 10.5
110 2.152349365358444e-10 11
115 3.460661982126216e-10 11.5
120 5.224289232148798e-10 12
125 7.503911776956053e-10 12.5
130 1.040056795055795e-09 13
135 1.412284919331403e-09 13.5
140 1.909299732695609e-09 14
145 2.612141178610894e-09 14.5
150 3.67447534454742e-09 15
155 5.391786882493168e-09 15.5
160 8.330837934284267e-09 16
165 1.361793169300313e-08 16.5
170 2.376316486141156e-08 17
175 4.520583405466456e-08 17.5
180 9.647900221813788e-08 18
185 2.34464363303195e-07 18.5
190 6.37795185886906e-07 19
195 1.830260376344268e-06 19.5
200 5.084194443151361e-06 20
205 1.275309841409892e-05 20.5
210 2.760195932362215e-05 21
215 5.107563593438932e-05 21.5
220 8.179058800300473e-05 22
225 0.0001156586815869046 22.5
230 0.0001474191636823185 23
235 0.0001736884164621713 23.5
240 0.0001946977627307795 24
245 0.0002128993683272288 24.5
250 0.0002309188911008353 25
255 0.0002509131426032537 25.5
260 0.0002740460158259885 26
265 0.0003002426621536478 26.5
270 0.0003290703312549668 27
275 0.0003602086034920045 27.5
280 0.0003932013282507358 28
285 0.0004262472517072879 28.5
290 0.0004566982201347997 29
295 0.0004818011483474623 29.5
300 0.0004988424444187724 30
305 0.0005063522321039601 30.5
310 0.0005044973014522033 31
315 0.0004951011205511447 31.5
320 0.0004813123846547239 32
325 0.0004666870380814486 32.5
330 0.0004541655322583091 33
335 0.000445157262605734 33.5
340 0.0004398264270119304 34
345 0.0004374814229823035 34.5
350 0.0004370372196741348 35
355 0.0004373694282097214 35.5
360 0.0004376119298960477 36
365 0.0004373226464091371 36.5
370 0.0004365633065829001 37
375 0.0004357427453344429 37.5
380 0.0004355038121524259 38
385 0.0004363872486785804 38.5
390 0.0004388882213078183 39
395 0.0004434618702229189 39.5
400 0.000450664913292545 40
405 0.0004609633307078311 40.5
410 0.0004748705366973536 41
415 0.0004929502799323663 41.5
420 0.0005155226992160963 42
425 0.0005427382877173223 42.5
430 0.0005743561877149546 43
435 0.0006098101823454462 43.5
440 0.0006480665282460685 44
445 0.000687731314732801 44.5
450 0.0007270698178943542 45
455 0.0007642373621952994 45.5
460 0.0007976284408840803 46
465 0.0008261227573589295 46.5
470 0.0008491286094618882 47
475 0.0008665068123555553 47.5
480 0.0008782047500838636 48
485 0.0008842614970123947 48.5
490 0.0008849707140939037 49
495 0.0008807094907885678 49.5
500 0.0008719790310213755 50
505 0.0008592766992524676 50.5
510 0.0008431038325019965 51
515 0.0008240746941059921 51.5
520 0.0008026066710360699 52
525 0.000779005978457221 52.5
530 0.0007536268096571798 53
535 0.0007267705309503761 53.5
540 0.0006988256433211596 54
545 0.0006703349718057259 54.5
550 0.0006418341788073276 55
555 0.0006137989858379573 55.5
560 0.0005867500454988622 56
565 0.0005611877620793986 56.5
570 0.0005374928961643239 57
575 0.0005157712280813119 57.5
580 0.0004961236172717398 58
585 0.000478584174077119 58.5
590 0.0004630351515355564 59
595 0.0004493547868092722 59.5
600 0.0004372966127034555 60
605 0.0004265716989826283 60.5
610 0.000416857340811944 61
615 0.0004078114486877721 61.5
620 0.0003990161946047398 62
625 0.0003901089539824726 62.5
630 0.0003807925793522484 63
635 0.0003708477737521097 63.5
640 0.0003601400054987635 64
645 0.0003486354552513639 64.5
650 0.0003363889696210358 65
655 0.0003235406762789268 65.5
660 0.0003102980983405709 66
665 0.0002969144697712023 66.5
670 0.0002836646035734118 67
675 0.0002708022649456309 67.5
680 0.0002585538046469937 68
685 0.0002471020247826201 68.5
690 0.000236585340573889 69
695 0.0002270765194956011 69.5
700 0.0002186032672757141 70
705 0.0002111367383731165 70.5
710 0.0002046092827837788 71
715 0.0001989180808650956 71.5
720 0.0001939368160484063 72
725 0.0001895338278150185 72.5
730 0.000185585532202042 73
735 0.0001819841348305976 73.5
740 0.0001786413970011245 74
745 0.0001754793014479444 74.5
750 0.0001724392543014893 75
755 0.0001694834231766264 75.5
760 0.0001665951458660484 76
765 0.0001637736135352141 76.5
770 0.0001610257834972266 77
775 0.0001583680226477483 77.5
780 0.0001558246765277395 78
785 0.000153423914002778 78.5
790 0.0001511981992484141 79
795 0.0001491763517698706 79.5
800 0.0001473810507581609 80
805 0.0001458301289957874 80.5
810 0.0001445321387220766 81
815 0.0001434889429967143 81.5
820 0.0001426900058989138 82
825 0.0001421085732109837 82.5
830 0.0001417120161261434 83
835 0.0001414634136417894 83.5
840 0.0001413204775327147 84
845 0.0001412422988339747 84.5
850 0.0001411901412645057 85
855 0.0001411313728143391 85.5
860 0.0001410419745540821 86
865 0.0001409035939176932 86.5
870 0.0001407013801956058 87
875 0.0001404224227845091 87.5
880 0.0001400553830375106 88
885 0.0001395952996015 88.5
890 0.0001390440684104579 89
895 0.0001384068705383747 89.5
900 0.0001376910252609981 90
905 0.0001369066196288749 90.5
910 0.0001360650831166024 91
915 0.0001351771486646972 91.5
920 0.000134250612235594 92
925 0.0001332942760302063 92.5
930 0.0001323197079308499 93
935 0.000131332527602085 93.5
940 0.0001303355670400672 94
945 0.000129328712130493 94.5
950 0.0001283123488026975 95
955 0.0001272854216827504 95.5
960 0.0001262458105762396 96
965 0.0001251907219311819 96.5
970 0.0001241162209310556 97
975 0.0001230192116223838 97.5
980 0.0001218999218394278 98
985 0.0001207591203231599 98.5
990 0.0001196035673336603 99
995 0.0001184403078400181 99.5
1000 0.0001172766297763145 100
1005 0.0001161248787398755 100.5
1010 0.0001149962003266484 101
1015 0.0001139040262666123 101.5
1020 0.0001128590629189449 102
1025 0.0001118693466305019 102.5
1030 0.0001109411601166638 103
1035 0.0001100798967770446 103.5
1040 0.0001092874108377693 104
1045 0.0001085629703196552 104.5
1050 0.0001079029563914466 105
1055 0.0001073022877469953 105.5
1060 0.0001067544048638285 106
1065 0.0001062525665559272 106.5
1070 0.0001057896134004114 107
1075 0.000105357500398686 107.5
1080 0.0001049488165193427 108
1085 0.0001045561072333085 108.5
1090 0.000104173394332742 109
1095 0.000103796386482668 109.5
1100 0.0001034234116362124 110
1105 0.0001030537422523247 110.5
1110 0.000102687723813527 111
1115 0.0001023269264472914 111.5
1120 0.0001019766169625625 112
1125 0.000101644411744418 112.5
1130 0.0001013389671996198 113
1135 0.0001010696976027185 113.5
1140 0.0001008443141583276 114
1145 0.0001006682390015858 114.5
1150 0.0001005469912639275 115
1155 0.0001004862049379988 115.5
1160 0.0001004901858954332 116
1165 0.000100562661315637 116.5
1170 0.0001007061552633701 117
1175 0.0001009224483254426 117.5
1180 0.0001012145487813526 118
1185 0.0001015868692113811 118.5
1190 0.0001020446383733918 119
1195 0.0001025936199159332 119.5
1200 0.0001032393841320989 120
1205 0.000103985611148938 120.5
1210 0.0001048351957329517 121
1215 0.0001057915897000394 121.5
1220 0.0001068599458080419 122
1225 0.0001080449118053077 122.5
1230 0.0001093458986434191 123
1235 0.0001107656069464694 123.5
1240 0.0001123064609741216 124
1245 0.0001139690278819432 124.5
1250 0.0001157529295864798 125
1255 0.00011765732736872 125.5
1260 0.0001196798424787514 126
1265 0.0001218186647582903 126.5
1270 0.0001240744799292412 127
1275 0.0001264492282566687 127.5
1280 0.0001289432626952796 128
1285 0.0001315554681988947 128.5
1290 0.0001342836001564701 129
1295 0.0001371241491640271 129.5
1300 0.0001400731286276407 130
1305 0.0001431255007929635 130.5
1310 0.0001462729255945807 131
1315 0.0001495060276581037 131.5
1320 0.0001528159776814457 132
1325 0.00015619433950106 132.5
1330 0.0001596322051748695 133
1335 0.0001631209692768229 133.5
1340 0.0001666508884626414 134
1345 0.0001702122782017962 134.5
1350 0.0001737980405859156 135
1355 0.0001774023741225981 135.5
1360 0.0001810189656860058 136
1365 0.0001846404495999029 136.5
1370 0.0001882605417472691 137
1375 0.0001918760948640262 137.5
1380 0.0001954849622908463 138
1385 0.0001990845390349846 138.5
1390 0.0002026756184201005 139
1395 0.0002062591051835055 139.5
1400 0.0002098327365977429 140
1405 0.0002133920507678488 140.5
1410 0.0002169305798098411 141
1415 0.0002204441196595652 141.5
1420 0.0002239284081876232 142
1425 0.000227378598844349 142.5
1430 0.0002307869527929605 143
1435 0.0002341442218955498 143.5
1440 0.0002374403694688476 144
1445 0.0002406656989235079 144.5
1450 0.0002438124651337748 145
1455 0.0002468753041277956 145.5
1460 0.0002498504719450719 146
1465 0.0002527347188528292 146.5
1470 0.0002555251088381896 147
1475 0.0002582197788606075 147.5
1480 0.0002608177373331884 148
1485 0.0002633149886589316 148.5
1490 0.0002657116485351073 149
1495 0.0002680109738829509 149.5
1500 0.0002702184762095816 150
1505 0.0002723386068834532 150.5
1510 0.0002743744562449035 151
1515 0.00027633235821213 151.5
1520 0.0002782122651755088 152
1525 0.0002800250268745706 152.5
1530 0.000281777152143763 153
1535 0.0002834706679933748 153.5
1540 0.0002851097560053453 154
1545 0.0002867009216617221 154.5
1550 0.000288246848043856 155
1555 0.0002897490657334324 155.5
1560 0.0002912114762456296 156
1565 0.0002926426315103097 156.5
1570 0.0002940544527867667 157
1575 0.0002954610799241374 157.5
1580 0.0002968762584744891 158
1585 0.0002983167177829631 158.5
1590 0.0002997985632338703 159
1595 0.0003013377153885034 159.5
1600 0.0003029533703613132 160
1605 0.0003046670158099835 160.5
1610 0.0003064994905105096 161
1615 0.0003084657887376855 161.5
1620 0.0003105802296430733 162
1625 0.0003128493971904158 162.5
1630 0.0003152830468221543 163
1635 0.0003178861176277047 163.5
1640 0.0003206586811364242 164
1645 0.0003236007702984788 164.5
1650 0.0003267110439582669 165
1655 0.0003299841343040008 165.5
1660 0.0003334122004615107 166
1665 0.0003369830563278757 166.5
1670 0.0003406850119235143 167
1675 0.0003445124224787632 167.5
1680 0.0003484523875469147 168
1685 0.0003524932736781281 168.5
1690 0.0003566240747293866 169
1695 0.0003608319252265941 169.5
1700 0.0003651060735369303 170
1705 0.000369434792647693 170.5
1710 0.0003738021733598923 171
1715 0.0003781917016405417 171.5
1720 0.0003825853120251282 172
1725 0.0003869672279768159 172.5
1730 0.0003913260346694495 173
1735 0.0003956488152577441 173.5
1740 0.0003999174533396118 174
1745 0.0004041141904593302 174.5
1750 0.000408226965019594 175
1755 0.0004122496407736854 175.5
1760 0.000416174746575016 176
1765 0.000419984678260018 176.5
1770 0.0004236613477537057 177
1775 0.0004271762903141806 177.5
1780 0.0004305054320674055 178
1785 0.0004336262276841334 178.5
1790 0.000436516727876332 179
1795 0.0004391587557872161 179.5
1800 0.0004415386284687112 180
1805 0.0004436330416155356 180.5
1810 0.0004454379718960702 181
1815 0.0004469576749821927 181.5
1820 0.0004482005167246329 182
1825 0.0004491882845240192 182.5
1830 0.000449937836565074 183
1835 0.0004504617291717444 183.5
1840 0.0004507771847087444 184
1845 0.0004509072180476865 184.5
1850 0.0004508750165735271 185
1855 0.0004507021534168472 185.5
1860 0.0004504088668608816 186
1865 0.0004500149444188069 186.5
1870 0.0004495400647133038 187
1875 0.000449004830711256 187.5
1880 0.0004484272551111011 188
1885 0.0004478267542357103 188.5
1890 0.0004472134648804597 189
1895 0.0004465977042028263 189.5
1900 0.000445988513595386 190
1905 0.0004453944146841299 190.5
1910 0.0004448200258621395 191
1915 0.0004442688899643742 191.5
1920 0.000443742607695333 192
1925 0.0004432412296324683 192.5
1930 0.000442761522150723 193
1935 0.0004423018911832855 193.5
1940 0.0004418603669257687 194
1945 0.000441436390939046 194.5
1950 0.0004410318874712124 195
1955 0.000440653944968271 195.5
1960 0.00044030792484717 196
1965 0.0004399956858432231 196.5
1970 0.0004397202311177744 197
1975 0.0004394861566513044 197.5
1980 0.0004392982571190693 198
1985 0.0004391603261004071 198.5
1990 0.0004390761701664241 199
1995 0.0004390500936156663 199.5
2000 0.0004390849063252726 200
2005 0.0004391815425534253 200.5
2010 0.0004393386340415392 201
2015 0.0004395566271269589 201.5
2020 0.0004398342110029182 202
2025 0.0004401658288579168 202.5
2030 0.0004405442462940315 203
2035 0.0004409619060174826 203.5
2040 0.0004414104089039663 204
2045 0.0004418746751088552 204.5
2050 0.0004423425350414878 205
2055 0.0004427991951550483 205.5
2060 0.0004432310553060917 206
2065 0.0004436262578486882 206.5
2070 0.0004439743844909228 207
2075 0.0004442650396295785 207.5
2080 0.0004444902755300229 208
2085 0.0004446430828464425 208.5
2090 0.0004447198939248345 209
2095 0.0004447213131337719 209.5
2100 0.0004446498468680742 210
2105 0.0004445066579150534 210.5
2110 0.000444297089058709 211
2115 0.0004440287268156758 211.5
2120 0.0004437116097030182 212
2125 0.0004433552217624746 212.5
2130 0.0004429713420441525 213
2135 0.0004425704994233479 213.5
2140 0.0004421640821421918 214
2145 0.0004417629293983135 214.5
2150 0.0004413750414551531 215
2155 0.0004410112445203233 215.5
2160 0.0004406802190416337 216
2165 0.0004403911456119305 216.5
2170 0.000440149053946581 217
2175 0.0004399593074010148 217.5
2180 0.0004398273016991348 218
2185 0.0004397564450013913 218.5
2190 0.0004397472761186895 219
2195 0.0004397991875536706 219.5
2200 0.000439909161150184 220
2205 0.0004400737251537722 220.5
2210 0.0004402884457870474 221
2215 0.0004405469390261769 221.5
2220 0.000440843449602028 222
2225 0.000441170779612702 222.5
2230 0.0004415210967479407 223
2235 0.0004418876597027115 223.5
2240 0.0004422633898228389 224
2245 0.0004426391740814677 224.5
2250 0.0004430071680360465 225
2255 0.0004433592807050748 225.5
2260 0.0004436874870523421 226
2265 0.0004439846146802351 226.5
2270 0.0004442447725035204 227
2275 0.0004444621419887529 227.5
2280 0.0004446329090536425 228
2285 0.0004447527169793757 228.5
2290 0.0004448203219950288 229
2295 0.0004448349478588745 229.5
2300 0.0004447966967672872 230
2305 0.0004447068294847798 230.5
2310 0.0004445666072893242 231
2315 0.0004443801926853692 231.5
2320 0.0004441517438190898 232
2325 0.0004438854554153728 232.5
2330 0.0004435858851404218 233
2335 0.0004432587760145327 233.5
2340 0.0004429086451398435 234
2345 0.0004425411681029878 234.5
2350 0.0004421610243865441 235
2355 0.000441772663661647 235.5
2360 0.0004413801881734152 236
2365 0.000440986704920415 236.5
2370 0.0004405937599789067 237
2375 0.0004402034607182467 237.5
2380 0.0004398169429695184 238
2385 0.0004394347004621658 238.5
2390 0.0004390562377357395 239
2395 0.0004386796654558835 239.5
2400 0.0004383049319651016 240
2405 0.0004379306338918263 240.5
2410 0.0004375552254337025 241
2415 0.0004371763635453711 241.5
2420 0.0004367952332153725 242
2425 0.0004364109210702847 242.5
2430 0.0004360244271784892 243
2435 0.0004356345771508769 243.5
2440 0.0004352423749073552 244
2445 0.0004348503572460702 244.5
2450 0.0004344601382313679 245
2455 0.0004340746100686677 245.5
2460 0.0004336947845834251 246
2465 0.000433325270882096 246.5
2470 0.0004329681447124608 247
2475 0.0004326257852863339 247.5
2480 0.0004323009518345041 248
2485 0.0004319946278016778 248.5
2490 0.0004317098906784916 249
2495 0.0004314482019965702 249.5
2500 0.0004312101877007858 250
2505 0.0004309969276560777 250.5
2510 0.0004308107005103611 251
2515 0.0004306490430510404 251.5
2520 0.0004305148807697121 252
2525 0.0004304066025577487 252.5
2530 0.0004303242144888838 253
2535 0.000430267219186762 253.5
2540 0.0004302353224539272 254
2545 0.0004302300080783547 254.5
2550 0.0004302501380510307 255
2555 0.0004302968751750547 255.5
2560 0.0004303698508875017 256
2565 0.0004304703564310851 256.5
2570 0.0004306000052229775 257
2575 0.0004307602464645683 257.5
2580 0.0004309525711170163 258
2585 0.0004311787440516272 258.5
2590 0.0004314409643189654 259
2595 0.0004317424839351083 259.5
2600 0.0004320833188165459 260
2605 0.0004324656992844792 260.5
2610 0.0004328899043395296 261
2615 0.0004333576964655568 261.5
2620 0.0004338681388759523 262
2625 0.0004344218643012509 262.5
2630 0.000435018489031318 263
2635 0.0004356575376645383 263.5
2640 0.0004363376827335265 264
2645 0.0004370581991395169 264.5
2650 0.0004378198580556734 265
2655 0.0004386206006824022 265.5
2660 0.0004394613505493979 266
2665 0.0004403416064788915 266.5
2670 0.0004412606959371942 267
2675 0.0004422177937459097 267.5
2680 0.0004432135053596249 268
2685 0.0004442461609677252 268.5
2690 0.0004453147606330743 269
2695 0.0004464179113925852 269.5
2700 0.0004475527246651656 270
2705 0.0004487170509248786 270.5
2710 0.000449905351623477 271
2715 0.0004511119599289631 271.5
2720 0.0004523316450390422 272
2725 0.0004535582512973501 272.5
2730 0.0004547816679757041 273
2735 0.0004559942489741971 273.5
2740 0.0004571853626108555 274
2745 0.0004583459804393121 274.5
2750 0.000459465275603673 275
2755 0.0004605334824840714 275.5
2760 0.0004615426188590353 276
2765 0.000462483418053053 276.5
2770 0.0004633477861451672 277
2775 0.0004641311131017349 277.5
2780 0.0004648289496544991 278
2785 0.0004654384930629118 278.5
2790 0.0004659588668695991 279
2795 0.0004663921468674152 279.5
2800 0.0004667405338730622 280
2805 0.0004670070512708022 280.5
2810 0.0004671961166031243 281
2815 0.0004673122979159902 281.5
2820 0.0004673611631361675 282
2825 0.0004673496633026993 282.5
2830 0.0004672817261735699 283
2835 0.0004671646685140985 283.5
2840 0.0004670030468125992 284
2845 0.0004668000650591154 284.5
2850 0.0004665607275094338 285
2855 0.0004662890047100791 285.5
2860 0.0004659867371658938 286
2865 0.0004656554395378259 286.5
2870 0.0004652976453031815 287
2875 0.0004649153228561518 287.5
2880 0.0004645105026418206 288
2885 0.0004640832501131377 288.5
2890 0.0004636356253570691 289
2895 0.0004631714870118227 289.5
2900 0.0004626919681082402 290
2905 0.0004622003942989439 290.5
2910 0.0004616984752338366 291
2915 0.0004611911372020766 291.5
2920 0.000460680805108961 292
2925 0.0004601723728498773 292.5
2930 0.0004596691156132731 293
2935 0.0004591752026201336 293.5
2940 0.00045869414590195 294
2945 0.0004582301889265735 294.5
2950 0.0004577876540347889 295
2955 0.0004573686151001818 295.5
2960 0.0004569762642598754 296
2965 0.0004566143267158085 296.5
2970 0.0004562837135679675 297
2975 0.0004559869529407397 297.5
2980 0.0004557238708706846 298
2985 0.0004554948201325602 298.5
2990 0.0004552988467824797 299
2995 0.0004551354390404878 299.5
3000 0.000455004463712913 300
