0 0 0
10 3.218665026345768e-13 0.5
20 3.043723606488413e-11 1
30 8.729534317630794e-10 1.5
40 1.547027927983891e-08 2
50 2.244551495778069e-07 2.5
60 1.874403437795991e-06 3
70 1.039601102093002e-05 3.5
80 3.997226667706855e-05 4
90 0.0001105686678783968 4.5
100 0.0002306824462721124 5
110 0.0003760224208235741 5.5
120 0.0005017640069127083 6
130 0.0005710668046958745 6.5
140 0.0006258033099584281 7
150 0.0007388759986497462 7.5
160 0.000835514918435365 8
170 0.0009141648770309985 8.5
180 0.0009776393417268991 9
190 0.001029005390591919 9.5
200 0.001097923959605396 10
210 0.001264586811885238 10.5
220 0.001807141816243529 11
230 0.002435502829030156 11.5
240 0.003081838600337505 12
250 0.003711152588948607 12.5
260 0.004393672570586205 13
270 0.005029385443776846 13.5
280 0.005574933718889952 14
290 0.006041103508323431 14.5
300 0.006448761560022831 15
310 0.006811296101659536 15.5
320 0.007142067421227694 16
330 0.007452074438333511 16.5
340 0.007748156320303679 17
350 0.008030385710299015 17.5
360 0.008324608206748962 18
370 0.008562354370951653 18.5
380 0.008741524070501328 19
390 0.008879926055669785 19.5
400 0.00900612398982048 20
410 0.009074469096958637 20.5
420 0.009114711545407772 21
430 0.009166020900011063 21.5
440 0.009199822321534157 22
450 0.009286234155297279 22.5
460 0.009382291696965694 23
470 0.009486734867095947 23.5
480 0.009597869589924812 24
490 0.009712530300021172 24.5
500 0.009825935587286949 25
510 0.009936099871993065 25.5
520 0.01004194933921099 26
530 0.01013992354273796 26.5
540 0.01022610906511545 27
550 0.0103016709908843 27.5
560 0.01036560628563166 28
570 0.01041578780859709 28.5
580 0.0104530667886138 29
590 0.01048406213521957 29.5
600 0.01050494145601988 30
610 0.01051873154938221 30.5
620 0.01053364854305983 31
630 0.01054784655570984 31.5
640 0.01056156773120165 32
650 0.01057469006627798 32.5
660 0.0105837881565094 33
670 0.01060281228274107 33.5
680 0.01063377317041159 34
690 0.01066065207123756 34.5
700 0.01068373955786228 35
710 0.01070351246744394 35.5
720 0.01072052866220474 36
730 0.01073586009442806 36.5
740 0.01075007393956184 37
750 0.01076353620737791 37.5
760 0.01077642291784286 38
770 0.0107885617762804 38.5
780 0.01079972740262747 39
790 0.01080999337136745 39.5
800 0.01081906538456678 40
810 0.01082307007163763 40.5
820 0.01082464214414358 41
830 0.0108296237885952 41.5
840 0.01084980927407742 42
850 0.01086946204304695 42.5
860 0.01088901609182358 43
870 0.01090883649885654 43.5
880 0.01092919614166021 44
890 0.01095024403184652 44.5
900 0.01097206119447947 45
910 0.01099456567317247 45.5
920 0.01101758703589439 46
930 0.01104106474667788 46.5
940 0.01106469612568617 47
950 0.01108795776963234 47.5
960 0.0111103467643261 48
970 0.01113142445683479 48.5
980 0.01115058083087206 49
990 0.01116667222231627 49.5
1000 0.01117967255413532 50
1010 0.01118967868387699 50.5
1020 0.01119677815586329 51
1030 0.01120495982468128 51.5
1040 0.01121321227401495 52
1050 0.01121823769062757 52.5
1060 0.01122015155851841 53
1070 0.01121874153614044 53.5
1080 0.01121429540216923 54
1090 0.01120714657008648 54.5
1100 0.01119795721024275 55
1110 0.01118707563728094 55.5
1120 0.01117486506700516 56
1130 0.01116175763309002 56.5
1140 0.0111481724306941 57
1150 0.01113447081297636 57.5
1160 0.0111208688467741 58
1170 0.01111350674182177 58.5
1180 0.01118797156959772 59
1190 0.01125958189368248 59.5
1200 0.01132804807275534 60
1210 0.01139267068356276 60.5
1220 0.01145261898636818 61
1230 0.01150709763169289 61.5
1240 0.01155637949705124 62
1250 0.01160592213273048 62.5
1260 0.01165991369634867 63
1270 0.01170931104570627 63.5
1280 0.01175298821181059 64
1290 0.0117929819971323 64.5
1300 0.01182932686060667 65
1310 0.01186132617294788 65.5
1320 0.01188796106725931 66
1330 0.01190862432122231 66.5
1340 0.01192371640354395 67
1350 0.01193365734070539 67.5
1360 0.01193927880376577 68
1370 0.01194268371909857 68.5
1380 0.01194319594651461 69
1390 0.01194027438759804 69.5
1400 0.01193432416766882 70
1410 0.01192907057702541 70.5
1420 0.01195959094911814 71
1430 0.01198649033904076 71.5
1440 0.01200678665190935 72
1450 0.01202040910720825 72.5
1460 0.01202850230038166 73
1470 0.01203213352710009 73.5
1480 0.01203230582177639 74
1490 0.01202991884201765 74.5
1500 0.01202577166259289 75
1510 0.01202053111046553 75.5
1520 0.01201464235782623 76
1530 0.01200848072767258 76.5
1540 0.01200237032026052 77
1550 0.01199652533978224 77.5
1560 0.01199108827859163 78
1570 0.01198626682162285 78.5
1580 0.01198234036564827 79
1590 0.01197941042482853 79.5
1600 0.01197754126042128 80
1610 0.01197674218565226 80.5
1620 0.01197697874158621 81
1630 0.01197815127670765 81.5
1640 0.01198025699704885 82
1650 0.01198328286409378 82.5
1660 0.01198712922632694 83
1670 0.01199174486100674 83.5
1680 0.01199700310826302 84
1690 0.01200278475880623 84.5
1700 0.01200900506228209 85
1710 0.01201567798852921 85.5
1720 0.01202644780278206 86
1730 0.01203712448477745 86.5
1740 0.01204749941825867 87
1750 0.01205723453313112 87.5
1760 0.01206562854349613 88
1770 0.012072978541255 88.5
1780 0.01207989454269409 89
1790 0.01208689995110035 89.5
1800 0.01209433749318123 90
1810 0.01210251729935408 90.5
1820 0.01231025345623493 91
1830 0.01244545634835958 91.5
1840 0.01236397866159678 92
1850 0.01227091066539288 92.5
1860 0.01221129577606916 93
1870 0.01220997888594866 93.5
1880 0.01223661191761494 94
1890 0.01226468570530415 94.5
1900 0.01229323726147413 95
1910 0.01232657581567764 95.5
1920 0.01235939189791679 96
1930 0.01239136699587107 96.5
1940 0.01242215279489756 97
1950 0.01245140191167593 97.5
1960 0.01247875485569239 98
1970 0.01250398531556129 98.5
1980 0.01252685394138098 99
1990 0.01254729181528091 99.5
2000 0.01256561558693647 100
2010 0.01258214469999075 100.5
2020 0.01259710732847452 101
2030 0.01261064410209656 101.5
2040 0.01262281369417906 102
2050 0.01263392250984907 102.5
2060 0.01264430023729801 103
2070 0.01265423838049173 103.5
2080 0.01266387943178415 104
2090 0.0126732736825943 104.5
2100 0.01268647518008947 105
2110 0.01270222198218107 105.5
2120 0.01271545328199863 106
2130 0.0127273490652442 106.5
2140 0.01273838803172112 107
2150 0.01274875644594431 107.5
2160 0.01275864150375128 108
2170 0.01276817359030247 108.5
2180 0.01277759205549955 109
2190 0.01278724893927574 109.5
2200 0.0127974608913064 110
2210 0.01280581019818783 110.5
2220 0.01281236484646797 111
2230 0.01281817443668842 111.5
2240 0.01282339729368687 112
2250 0.012828572653234 112.5
2260 0.01283431239426136 113
2270 0.0128409443423152 113.5
2280 0.01284862402826548 114
2290 0.01285733189433813 114.5
2300 0.0128670921549201 115
2310 0.01287746150046587 115.5
2320 0.01288747135549784 116
2330 0.01289659552276134 116.5
2340 0.0129047492519021 117
2350 0.012912024743855 117.5
2360 0.01291856076568365 118
2370 0.01292443182319403 118.5
2380 0.01292953640222549 119
2390 0.01293357834219933 119.5
2400 0.01293653529137373 120
2410 0.01293876860290766 120.5
2420 0.01294094137847424 121
2430 0.01294338889420033 121.5
2440 0.01294611673802137 122
2450 0.0129490252584219 122.5
2460 0.01295170374214649 123
2470 0.01295390911400318 123.5
2480 0.01295571401715279 124
2490 0.01295723579823971 124.5
2500 0.01295862998813391 125
2510 0.0129598593339324 125.5
2520 0.01296083070337772 126
2530 0.01296135596930981 126.5
2540 0.01296154130250216 127
2550 0.01296147424727678 127.5
2560 0.01296114549040794 128
2570 0.01296044420450926 128.5
2580 0.01295940019190311 129
2590 0.01295891590416431 129.5
2600 0.01295965723693371 130
2610 0.01296063605695963 130.5
2620 0.01296138856559992 131
2630 0.01296176761388779 131.5
2640 0.01296176295727491 132
2650 0.01296142023056746 132.5
2660 0.01296045444905758 133
2670 0.01295872684568167 133.5
2680 0.01295654568821192 134
2690 0.01295396871864796 134.5
2700 0.01295111421495676 135
2710 0.01294796820729971 135.5
2720 0.01294417772442102 136
2730 0.01293957699090242 136.5
2740 0.01293458696454763 137
2750 0.01292953919619322 137.5
2760 0.01292457152158022 138
2770 0.0129197146743536 138.5
2780 0.01291495189070702 139
2790 0.01291026175022125 139.5
2800 0.01290560327470303 140
2810 0.01290095783770084 140.5
2820 0.01289656944572926 141
2830 0.01289234030991793 141.5
2840 0.01288855727761984 142
2850 0.01288541592657566 142.5
2860 0.01288084965199232 143
2870 0.01287120766937733 143.5
2880 0.01285930443555117 144
2890 0.01284780167043209 144.5
2900 0.0128371873870492 145
2910 0.01282710302621126 145.5
2920 0.0128178782761097 146
2930 0.01280937995761633 146.5
2940 0.01280119828879833 147
2950 0.01279343664646149 147.5
2960 0.01278631016612053 148
2970 0.0127800228074193 148.5
2980 0.01277462393045425 149
2990 0.0127700911834836 149.5
3000 0.01276653446257114 150
3010 0.01276331767439842 150.5
3020 0.01276000868529081 151
3030 0.01275750249624252 151.5
3040 0.01275604125112295 152
3050 0.01275517791509628 152.5
3060 0.01275455951690674 153
3070 0.01275412738323212 153.5
3080 0.01275396253913641 154
3090 0.01275412831455469 154.5
3100 0.01275490876287222 155
3110 0.01275626104325056 155.5
3120 0.01275798119604588 156
3130 0.01275992579758167 156.5
3140 0.01276217401027679 157
3150 0.01276442687958479 157.5
3160 0.01276609022170305 158
3170 0.01276704203337431 158.5
3180 0.01276744995266199 159
3190 0.01276750490069389 159.5
3200 0.01276733633130789 160
3210 0.0127670131623745 160.5
3220 0.01276657357811928 161
3230 0.01276606321334839 161.5
3240 0.01276554819196463 162
3250 0.01276509091258049 162.5
3260 0.01276473328471184 163
3270 0.01276432629674673 163.5
3280 0.01276372652500868 164
3290 0.01276299171149731 164.5
3300 0.01276219356805086 165
3310 0.01276134233921766 165.5
3320 0.01276041567325592 166
3330 0.01275933627039194 166.5
3340 0.01275804080069065 167
3350 0.01275651063770056 167.5
3360 0.01275476440787315 168
3370 0.01275278348475695 168.5
3380 0.01275013107806444 169
3390 0.01274657156318426 169.5
3400 0.01274232380092144 170
3410 0.01273767650127411 170.5
3420 0.01273280661553144 171
3430 0.01272779982537031 171.5
3440 0.01272283121943474 172
3450 0.01271813362836838 172.5
3460 0.0127135869115591 173
3470 0.01270917989313602 173.5
3480 0.01270552445203066 174
3490 0.01270189322531223 174.5
3500 0.01269740797579288 175
3510 0.01269325334578753 175.5
3520 0.01269183680415154 176
3530 0.01269410643726587 176.5
3540 0.01270163618028164 177
3550 0.0127148712053895 177.5
3560 0.01272873301059008 178
3570 0.01274310611188412 178.5
3580 0.01275796443223953 179
3590 0.01277327910065651 179.5
3600 0.01278901658952236 180
3610 0.01280494965612888 180.5
3620 0.01282083056867123 181
3630 0.0128367068246007 181.5
3640 0.01285270694643259 182
3650 0.01286896411329508 182.5
3660 0.01288563292473555 183
3670 0.01290258299559355 183.5
3680 0.01291961502283812 184
3690 0.01293668989092112 184.5
3700 0.01295384392142296 185
3710 0.01297108177095652 185.5
3720 0.01298828516155481 186
3730 0.01300552021712065 186.5
3740 0.01302884798496962 187
3750 0.01308312825858593 187.5
3760 0.01313556730747223 188
3770 0.01318172831088305 188.5
3780 0.0132139977067709 189
3790 0.01323979906737804 189.5
3800 0.01326270960271358 190
3810 0.01328421849757433 190.5
3820 0.01330499071627855 191
3830 0.01332554407417774 191.5
3840 0.01334580220282078 192
3850 0.01336566731333733 192.5
3860 0.01338507328182459 193
3870 0.01340395305305719 193.5
3880 0.01342224422842264 194
3890 0.01343992911279202 194.5
3900 0.01345702726393938 195
3910 0.01347356382757425 195.5
3920 0.01348954066634178 196
3930 0.01350495032966137 196.5
3940 0.01351978629827499 197
3950 0.01353404205292463 197.5
3960 0.01354770828038454 198
3970 0.01356077753007412 198.5
3980 0.01357323210686445 199
3990 0.01358506362885237 199.5
4000 0.01359627954661846 200
4010 0.0136068994179368 200.5
4020 0.01361693628132343 201
4030 0.0136264031752944 201.5
4040 0.01363531406968832 202
4050 0.01364368665963411 202.5
4060 0.01365153770893812 203
4070 0.01365883648395538 203.5
4080 0.01366561744362116 204
4090 0.01367193181067705 204.5
4100 0.0136778149753809 205
4110 0.01368329115211964 205.5
4120 0.01368837710469961 206
4130 0.01369308587163687 206.5
4140 0.01369743421673775 207
4150 0.01370143797248602 207.5
4160 0.01370511390268803 208
4170 0.01370847318321466 208.5
4180 0.01371151674538851 209
4190 0.01371427159756422 209.5
4200 0.01371675543487072 210
4210 0.01371896825730801 210.5
4220 0.01372089982032776 211
4230 0.0137225491926074 211.5
4240 0.01372392196208239 212
4250 0.01372502464801073 212.5
4260 0.01372586283832788 213
4270 0.01372643560171127 213.5
4280 0.01372672710567713 214
4290 0.01372671592980623 214.5
4300 0.01372637413442135 215
4310 0.01372567657381296 215.5
4320 0.01372461393475533 216
4330 0.01372318435460329 216.5
4340 0.01372137479484081 217
4350 0.01371919456869364 217.5
4360 0.01371665392071009 218
4370 0.01371376682072878 218.5
4380 0.01371061056852341 219
4390 0.01370738726109266 219.5
4400 0.01370398979634047 220
4410 0.01370036136358976 220.5
4420 0.01369648613035679 221
4430 0.01369235664606094 221.5
4440 0.01368796173483133 222
4450 0.01368329674005508 222.5
4460 0.01367834769189358 223
4470 0.01367311552166939 223.5
4480 0.01366761885583401 224
4490 0.01366187818348408 224.5
4500 0.01365591399371624 225
4510 0.01364973746240139 225.5
4520 0.01364336628466845 226
4530 0.01363682746887207 226.5
4540 0.01363013498485088 227
4550 0.01362329535186291 227.5
4560 0.01361631136387587 228
4570 0.01360918767750263 228.5
4580 0.01360193733125925 229
4590 0.01359457802027464 229.5
4600 0.01358712743967772 230
4610 0.01357958279550076 230.5
4620 0.01357193943113089 231
4630 0.01356419362127781 231.5
4640 0.01355634350329638 232
4650 0.01354838348925114 232.5
4660 0.01354031171649694 233
4670 0.01353212911635637 233.5
4680 0.013523836620152 234
4690 0.01351543609052896 234.5
4700 0.01350692566484213 235
4710 0.01349831093102694 235.5
4720 0.01348960213363171 236
4730 0.01348082069307566 236.5
4740 0.01347196474671364 237
4750 0.01346304267644882 237.5
4760 0.01345406472682953 238
4770 0.0134450476616621 238.5
4780 0.01343601010739803 239
4790 0.01342696603387594 239.5
4800 0.01341792475432158 240
4810 0.01340889558196068 240.5
4820 0.01339988317340612 241
4830 0.01339089125394821 241.5
4840 0.01337753888219595 242
4850 0.01335638947784901 242.5
4860 0.01333193387836218 243
4870 0.01330992765724659 243.5
4880 0.01330345589667559 244
4890 0.01329694222658873 244.5
4900 0.01329045370221138 245
4910 0.01328402943909168 245.5
4920 0.0132776852697134 246
4930 0.01327143516391516 246.5
4940 0.0132652847096324 247
4950 0.01325923763215542 247.5
4960 0.01325325481593609 248
4970 0.01324726920574903 248.5
4980 0.01324134971946478 249
4990 0.01323552057147026 249.5
5000 0.0132297882810235 250
5010 0.01322415843605995 250.5
5020 0.01321863103657961 251
5030 0.01321320421993732 251.5
5040 0.01320787612348795 252
5050 0.01320264395326376 252.5
5060 0.01319750491529703 253
5070 0.01319245807826519 253.5
5080 0.01318749971687794 254
5090 0.01318262983113527 254.5
5100 0.01317784748971462 255
5110 0.01317315176129341 255.5
5120 0.01316853798925877 256
5130 0.01316400803625584 256.5
5140 0.01315957307815552 257
5150 0.01315524149686098 257.5
5160 0.0131510142236948 258
5170 0.01314688753336668 258.5
5180 0.01314285304397345 259
5190 0.0131389033049345 259.5
5200 0.01313502993434668 260
5210 0.01313122641295195 260.5
5220 0.01312748808413744 261
5230 0.01312381215393543 261.5
5240 0.01312019396573305 262
5250 0.01311663258820772 262.5
5260 0.01311312895268202 263
5270 0.01310968585312366 263.5
5280 0.01310630608350039 264
5290 0.0131029887124896 264.5
5300 0.01309973560273647 265
5310 0.01309654116630554 265.5
5320 0.01309340540319681 266
5330 0.01309032365679741 266.5
5340 0.01308729872107506 267
5350 0.01308432966470718 267.5
5360 0.01308142021298409 268
5370 0.01307857315987349 268.5
5380 0.01307579409331083 269
5390 0.01307308673858643 269.5
5400 0.01307045295834541 270
5410 0.01306789740920067 270.5
5420 0.01306541915982962 271
5430 0.01306302193552256 271.5
5440 0.01306070480495691 272
5450 0.01305847056210041 272.5
5460 0.01305631827563047 273
5470 0.01305424887686968 273.5
5480 0.0130522632971406 274
5490 0.01305036153644323 274.5
5500 0.01304854545742273 275
5510 0.01304681412875652 275.5
5520 0.01304516848176718 276
5530 0.0130436085164547 276.5
5540 0.01304213330149651 277
5550 0.0130407428368926 277.5
5560 0.01303943525999784 278
5570 0.01303820963948965 278.5
5580 0.01303706504404545 279
5590 0.01303599867969751 279.5
5600 0.01303500775247812 280
5610 0.01303408853709698 280.5
5620 0.01303323730826378 281
5630 0.01303245220333338 281.5
5640 0.01303172763437033 282
5650 0.0130310608074069 282.5
5660 0.01303045079112053 283
5670 0.01302989292889833 283.5
5680 0.01302938349545002 284
5690 0.01302891876548529 284.5
5700 0.01302849501371384 285
5710 0.0130281075835228 285.5
5720 0.01302775181829929 286
5730 0.01302742399275303 286.5
5740 0.01302712224423885 287
5750 0.01302684284746647 287.5
5760 0.01302658300846815 288
5770 0.01302633993327618 288.5
5780 0.0130261117592454 289
5790 0.01302589662373066 289.5
5800 0.01302569173276424 290
5810 0.01302549615502357 290.5
5820 0.0130253080278635 291
5830 0.0130251282826066 291.5
5840 0.01302495412528515 292
5850 0.01302478648722172 292.5
5860 0.01302462536841631 293
5870 0.01302447076886892 293.5
5880 0.01302432268857956 294
5890 0.01302418112754822 294.5
5900 0.01302404887974262 295
5910 0.0130239250138402 295.5
5920 0.0130238113924861 296
5930 0.01302370801568031 296.5
5940 0.01302361767739058 297
5950 0.01302353944629431 297.5
5960 0.01302347518503666 298
5970 0.0130234258249402 298.5
5980 0.01302339322865009 299
5990 0.01302337646484375 299.5
6000 0.0130233783274889 300
