0 0 0
10 1.113622553910046e-14 0.5
20 1.978989043202335e-12 1
30 1.044375555723406e-10 1.5
40 2.149819104061249e-09 2
50 2.607496175175442e-08 2.5
60 1.883612464881033e-07 3
70 9.870420993755149e-07 3.5
80 3.954393782629269e-06 4
90 1.176161453611003e-05 4.5
100 2.690377747428074e-05 5
110 4.997841143636105e-05 5.5
120 7.97897584719012e-05 6
130 0.0001145562324447816 6.5
140 0.0001530239175222774 7
150 0.0001939788542232619 7.5
160 0.0002367124177153453 8
170 0.0002814984868072768 8.5
180 0.000329888804346404 9
190 0.0003853529728806606 9.5
200 0.0004534498854881271 10
210 0.0005401444837011594 10.5
220 0.0006506026962880644 11
230 0.0007878174075645722 11.5
240 0.0009525120584834362 12
250 0.001144312173438328 12.5
260 0.001361755348561054 13
270 0.001602867612103179 13.5
280 0.001866041387169031 14
290 0.002149110777814124 14.5
300 0.002450171704456984 15
310 0.002766848224954015 15.5
320 0.003095639499945264 16
330 0.003432113834562006 16.5
340 0.003771258602157497 17
350 0.004107981769731434 17.5
360 0.004437799665221275 18
370 0.004756297175261453 18.5
380 0.005053980745696953 19
390 0.005325254286164897 19.5
400 0.005571108180495063 20
410 0.005794747945429756 20.5
420 0.005998196676073449 21
430 0.006182440892170107 21.5
440 0.006350059710312935 22
450 0.006503701977874149 22.5
460 0.006645931314623773 23
470 0.006779474111408882 23.5
480 0.006906678957830183 24
490 0.00702970577586392 24.5
500 0.007149608830205553 25
510 0.007267250695964377 25.5
520 0.007383364995096042 26
530 0.007497409907175547 26.5
540 0.007608160909078511 27
550 0.007715585670980256 27.5
560 0.007819944440290633 28
570 0.007920561445595527 28.5
580 0.008015811298882375 29
590 0.008104966878349154 29.5
600 0.008188342936279413 30
610 0.00826774936810442 30.5
620 0.008342764564083623 31
630 0.008414214822931395 31.5
640 0.008483103453234532 32
650 0.008550791211999928 32.5
660 0.008618367064316618 33
670 0.008684848838350578 33.5
680 0.00874846812587815 34
690 0.008808955211945562 34.5
700 0.008865983375675573 35
710 0.008918435523929596 35.5
720 0.008965828205359015 36
730 0.009008183120894735 36.5
740 0.009045837086302886 37
750 0.009078842231787076 37.5
760 0.009106513017771321 38
770 0.009128306236239824 38.5
780 0.00914430417607438 39
790 0.00915525990474777 39.5
800 0.009162476180482923 40
810 0.009167008816613217 40.5
820 0.009169377028846563 41
830 0.009170186965600183 41.5
840 0.009170287843395769 42
850 0.009170479125951878 42.5
860 0.009171643615878883 43
870 0.009174129507833069 43.5
880 0.009177609500940173 44
890 0.009181575618205979 44.5
900 0.009184938124569202 45
910 0.009188341523807162 45.5
920 0.009192160797735953 46
930 0.009196767305547448 46.5
940 0.009202339376255836 47
950 0.009208751801292407 47.5
960 0.009215861268225154 48
970 0.009223240537409158 48.5
980 0.009230774728850501 49
990 0.009238823371910395 49.5
1000 0.009247850340217361 50
1010 0.009258172935706528 50.5
1020 0.009269846924933243 51
1030 0.009282783575841653 51.5
1040 0.009296593682530382 52
1050 0.009311118321429558 52.5
1060 0.00932633658647777 53
1070 0.009342016537334361 53.5
1080 0.009358061263677961 54
1090 0.009374488664560728 54.5
1100 0.009391361780631291 55
1110 0.009408553332810255 55.5
1120 0.009425922932717604 56
1130 0.009443373168995411 56.5
1140 0.009460923642626975 57
1150 0.009478785058660446 57.5
1160 0.009497370032900644 58
1170 0.009517069471441344 58.5
1180 0.009538171927839342 59
1190 0.009560727622311985 59.5
1200 0.009584743018549818 60
1210 0.009610141543946848 60.5
1220 0.009636766098649359 61
1230 0.009664139892853574 61.5
1240 0.009691883747303539 62
1250 0.009719626615961286 62.5
1260 0.009747078188714627 63
1270 0.009773946386244861 63.5
1280 0.009799856201879465 64
1290 0.00982441960619502 64.5
1300 0.009847377170406414 65
1310 0.009868610404451075 65.5
1320 0.009888150028514616 66
1330 0.009906021600047162 66.5
1340 0.009922169778048058 67
1350 0.009936693615103487 67.5
1360 0.009949807950581799 68
1370 0.009961731828658549 68.5
1380 0.009972677928364905 69
1390 0.00998289501475081 69.5
1400 0.009992365887487427 70
1410 0.01000071082862227 70.5
1420 0.01000809225661833 71
1430 0.01001489696079176 71.5
1440 0.01002128325375441 72
1450 0.01002743306850695 72.5
1460 0.01003334747023098 73
1470 0.01003910801683187 73.5
1480 0.01004484838545647 74
1490 0.01005067701258751 74.5
1500 0.01005674127437215 75
1510 0.01006321111987012 75.5
1520 0.01007030404877254 76
1530 0.01007824877085895 76.5
1540 0.01008710170005291 77
1550 0.01009697383907352 77.5
1560 0.01010797741324968 78
1570 0.01012020102422609 78.5
1580 0.01013359542766756 79
1590 0.01014864248393818 79.5
1600 0.01016476863051757 80
1610 0.01018189875142916 80.5
1620 0.01020037680137542 81
1630 0.01022004935277368 81.5
1640 0.01024077951459936 82
1650 0.01026249478916102 82.5
1660 0.01028526386262758 83
1670 0.01030920462771339 83.5
1680 0.01033467450713813 84
1690 0.01036228299323724 84.5
1700 0.01039202257134815 85
1710 0.01042218823112277 85.5
1720 0.01045106105717357 86
1730 0.01047813895994354 86.5
1740 0.01050335815205987 87
1750 0.01052688243162456 87.5
1760 0.01054879119814229 88
1770 0.01056935585253977 88.5
1780 0.01058866457573545 89
1790 0.01060734965902854 89.5
1800 0.01062695747666278 90
1810 0.01064823443802252 90.5
1820 0.01066904912910904 91
1830 0.01068811984508229 91.5
1840 0.01070509738007616 92
1850 0.01072117199653565 92.5
1860 0.01073713685603337 93
1870 0.01075351884536676 93.5
1880 0.01077081451478457 94
1890 0.01078909831915425 94.5
1900 0.01080827604526171 95
1910 0.010828238951844 95.5
1920 0.01084877262452405 96
1930 0.01086925996843071 96.5
1940 0.01088913212730283 97
1950 0.01090815384571849 97.5
1960 0.01092670679829797 98
1970 0.01094471533770283 98.5
1980 0.01096171341024426 99
1990 0.01097726008373934 99.5
2000 0.01099100669739351 100
2010 0.01100289595692538 100.5
2020 0.01101310901779646 101
2030 0.0110219161319652 101.5
2040 0.01102880161128302 102
2050 0.01103382632597363 102.5
2060 0.01103765651081678 103
2070 0.01104036886135651 103.5
2080 0.01104221956847112 104
2090 0.01104353999441435 104.5
2100 0.01104457608929309 105
2110 0.01104537127951294 105.5
2120 0.01104565378108885 106
2130 0.01104516869556739 106.5
2140 0.01104378747778343 107
2150 0.01104138532332416 107.5
2160 0.01103819292804395 108
2170 0.01103457709722609 108.5
2180 0.01103083870563749 109
2190 0.01102734590700793 109.5
2200 0.01102437528836837 110
2210 0.01102204447695682 110.5
2220 0.01102024511736597 111
2230 0.01101859362964017 111.5
2240 0.01101682650561957 112
2250 0.01101487225391089 112.5
2260 0.01101278832996105 113
2270 0.0110107799499247 113.5
2280 0.01100916214992672 114
2290 0.01100823982482653 114.5
2300 0.01100821860726408 115
2310 0.01100907432541232 115.5
2320 0.01101066961168503 116
2330 0.01101297830248091 116.5
2340 0.01101586356962694 117
2350 0.01101903568892981 117.5
2360 0.0110221910679966 118
2370 0.01102533267525506 118.5
2380 0.01102880417110377 119
2390 0.01103280084664791 119.5
2400 0.01103726588494766 120
2410 0.01104203528169159 120.5
2420 0.01104709355770517 121
2430 0.01105250479198213 121.5
2440 0.01105838746586956 122
2450 0.01106492402295707 122.5
2460 0.01107215439618856 123
2470 0.01107997645183881 123.5
2480 0.01108825048040636 124
2490 0.0110967553954455 124.5
2500 0.01110537283510892 125
2510 0.01111404799489359 125.5
2520 0.01112284660183088 126
2530 0.01113191486662263 126.5
2540 0.01114138470219014 127
2550 0.01115138375547684 127.5
2560 0.01116188512277676 128
2570 0.01117268443944195 128.5
2580 0.01118330227372739 129
2590 0.01119360873583437 129.5
2600 0.01120363557071469 130
2610 0.01121344091731577 130.5
2620 0.01122311686078103 131
2630 0.01123280515728275 131.5
2640 0.01124270599821566 132
2650 0.01125313222751398 132.5
2660 0.01126422809859288 133
2670 0.01127604022809464 133.5
2680 0.01128864548429859 134
2690 0.01130210130389651 134.5
2700 0.01131647248063625 135
2710 0.01133183917061643 135.5
2720 0.01134828477462341 136
2730 0.01136567320000306 136.5
2740 0.01138369471701958 137
2750 0.0114019860642333 137.5
2760 0.0114203243173701 138
2770 0.01143858528948165 138.5
2780 0.01145677790620709 139
2790 0.01147505228167873 139.5
2800 0.01149338460619171 140
2810 0.01151190138663826 140.5
2820 0.01153084358267681 141
2830 0.01154976109209556 141.5
2840 0.01156838052164088 142
2850 0.01158742491200428 142.5
2860 0.0116065266705508 143
2870 0.01162575665388318 143.5
2880 0.01164496109787515 144
2890 0.01166524761034217 144.5
2900 0.011685727216315 145
2910 0.01170668673839178 145.5
2920 0.0117282260472654 146
2930 0.01175034980772262 146.5
2940 0.0117724046151683 147
2950 0.01179475464282232 147.5
2960 0.01181659177871374 148
2970 0.01183834838522456 148.5
2980 0.01186002710935225 149
2990 0.01188279213262471 149.5
3000 0.01190778307777873 150
3010 0.01193344623096961 150.5
3020 0.01195915615996966 151
3030 0.01198479407547966 151.5
3040 0.01201038708202145 152
3050 0.01203605955339038 152.5
3060 0.01206200827976377 153
3070 0.01208822577412913 153.5
3080 0.01211451095753505 154
3090 0.01214054056634019 154.5
3100 0.01216620273507509 155
3110 0.01219124907279692 155.5
3120 0.01221540051536912 156
3130 0.0122386235189642 156.5
3140 0.01226111446630009 157
3150 0.01228312770660603 157.5
3160 0.0123045374808896 158
3170 0.01232567412006804 158.5
3180 0.01234688189899494 159
3190 0.01236853128084166 159.5
3200 0.0123909603712477 160
3210 0.0124143411706171 160.5
3220 0.01243875687916976 161
3230 0.01246428051895852 161.5
3240 0.01249109055100583 162
3250 0.0125194094915114 162.5
3260 0.01254939568436233 163
3270 0.01258114055203593 163.5
3280 0.01261478655083608 164
3290 0.01265054836780769 164.5
3300 0.01268869098412352 165
3310 0.01272956731460032 165.5
3320 0.01277358996572395 166
3330 0.01282104521512726 166.5
3340 0.01287216488977482 167
3350 0.01292706268270037 167.5
3360 0.0129857475274388 168
3370 0.01304810151731496 168.5
3380 0.01311401779312832 169
3390 0.01318340136800213 169.5
3400 0.01325611739483692 170
3410 0.01333202024538 170.5
3420 0.01341090145721756 171
3430 0.01349252280862536 171.5
3440 0.01357667260319874 172
3450 0.01366313376788792 172.5
3460 0.01375146925137389 173
3470 0.0138411214210266 173.5
3480 0.01393167492532157 174
3490 0.014022796493027 174.5
3500 0.01411384906501994 175
3510 0.01420416438504805 175.5
3520 0.01429313257277149 176
3530 0.01438045646415668 176.5
3540 0.01446590640472418 177
3550 0.01454895572172628 177.5
3560 0.01462909123473723 178
3570 0.01470593852753165 178.5
3580 0.0147795964077075 179
3590 0.01485048119687363 179.5
3600 0.01491927080206162 180
3610 0.01498662125007004 180.5
3620 0.01505203067099516 181
3630 0.01511482578047678 181.5
3640 0.01517488885628268 182
3650 0.01523229919390347 182.5
3660 0.01528709576263682 183
3670 0.01533936636017754 183.5
3680 0.01538926187546103 184
3690 0.01543696597314956 184.5
3700 0.01548267061228431 185
3710 0.01552657987327155 185.5
3720 0.01556888721745569 186
3730 0.01560979891154994 186.5
3740 0.01564944468699901 187
3750 0.0156879409384235 187.5
3760 0.01572531664060418 188
3770 0.01576162110239901 188.5
3780 0.01579694423569112 189
3790 0.01583132278568054 189.5
3800 0.01586476820599194 190
3810 0.01589722929612516 190.5
3820 0.01592865032435678 191
3830 0.01595900709336956 191.5
3840 0.01598826917045462 192
3850 0.0160164053691814 192.5
3860 0.01604335793868202 193
3870 0.016069059083808 193.5
3880 0.01609342835681787 194
3890 0.01611640976401053 194.5
3900 0.01613794641148548 195
3910 0.01615800843362739 195.5
3920 0.01617659589501861 196
3930 0.01619375756284584 196.5
3940 0.01620956917980091 197
3950 0.01622411661453992 197.5
3960 0.01623748594722333 198
3970 0.0162497870352196 198.5
3980 0.01626116984454615 199
3990 0.0162717072301524 199.5
4000 0.01628141510459069 200
4010 0.01629039511984239 200.5
4020 0.0162987051679362 201
4030 0.01630637723753822 201.5
4040 0.01631341176932695 202
4050 0.01631992020887565 202.5
4060 0.01632601461073709 203
4070 0.01633172285784124 203.5
4080 0.0163370769210651 204
4090 0.01634208781875438 204.5
4100 0.01634673398059897 205
4110 0.01635094705032214 205.5
4120 0.01635467270531732 206
4130 0.01635774404764807 206.5
4140 0.01636000049773743 207
4150 0.01636146104964482 207.5
4160 0.01636226637472702 208
4170 0.01636255632895623 208.5
4180 0.01636247218739515 209
4190 0.01636207978603524 209.5
4200 0.01636127587789439 210
4210 0.0163598761474658 210.5
4220 0.01635772264794612 211
4230 0.01635479732550496 211.5
4240 0.01635109367358869 212
4250 0.016346558457061 212.5
4260 0.01634114974753418 213
4270 0.01633485767116641 213.5
4280 0.01632771014269649 214
4290 0.01631978541212777 214.5
4300 0.01631121155229912 215
4310 0.01630218028620316 215.5
4320 0.0162928889135634 216
4330 0.01628346738284245 216.5
4340 0.01627402116903095 217
4350 0.01626456369629199 217.5
4360 0.01625508808610295 218
4370 0.01624558553808756 218.5
4380 0.01623606908233645 219
4390 0.01622650889189562 219.5
4400 0.01621687918204176 220
4410 0.01620711689175046 220.5
4420 0.01619716476149868 221
4430 0.01618699981937752 221.5
4440 0.0161766848019363 222
4450 0.01616628281139592 222.5
4460 0.01615589312650122 223
4470 0.01614566568947563 223.5
4480 0.016135561596683 224
4490 0.01612551095137226 224.5
4500 0.01611549682155363 225
4510 0.01610551208679917 225.5
4520 0.01609555323627055 226
4530 0.01608562778820685 226.5
4540 0.01607573737421934 227
4550 0.01606587924289093 227.5
4560 0.0160560628008543 228
4570 0.01604631076030128 228.5
4580 0.01603663597257791 229
4590 0.01602704461753185 229.5
4600 0.01601755304877459 230
4610 0.01600815628755541 230.5
4620 0.01599885087987993 231
4630 0.01598964920869777 231.5
4640 0.01598056642108059 232
4650 0.0159715447072616 232.5
4660 0.01596261357395228 233
4670 0.01595382783018593 233.5
4680 0.01594522116080017 234
4690 0.01593680411428961 234.5
4700 0.01592859859793024 235
4710 0.01592062067614611 235.5
4720 0.01591286704821007 236
4730 0.0159053111142961 236.5
4740 0.01589791906514104 237
4750 0.01589066440666598 237.5
4760 0.0158835304716039 238
4770 0.01587649798151622 238.5
4780 0.01586954736685964 239
4790 0.01586266017790649 239.5
4800 0.01585581670807319 240
4810 0.01584901754743184 240.5
4820 0.015842279604222 241
4830 0.01583561453569746 241.5
4840 0.01582901734154369 242
4850 0.01582248667178189 242.5
4860 0.01581600160588389 243
4870 0.01580953288628101 243.5
4880 0.01580305366228076 244
4890 0.01579654815228345 244.5
4900 0.01579000634594058 245
4910 0.01578341019274383 245.5
4920 0.01577674556107714 246
4930 0.01577001019875804 246.5
4940 0.01576318939163519 247
4950 0.01575626508774621 247.5
4960 0.01574922858905208 248
4970 0.01574208349619254 248.5
4980 0.01573484075629915 249
4990 0.01572751133999751 249.5
5000 0.01572010800787623 250
5010 0.01571264475651845 250.5
5020 0.01570513404944073 251
5030 0.01569758781013172 251.5
5040 0.01569001786567612 252
5050 0.01568243130795362 252.5
5060 0.01567483771549896 253
5070 0.01566724700674218 253.5
5080 0.01565966782801933 254
5090 0.01565210380499639 254.5
5100 0.0156445552764579 255
5110 0.01563702307271307 255.5
5120 0.01562950141880336 256
5130 0.01562198754863993 256.5
5140 0.01561448337994041 257
5150 0.0156069947507531 257.5
5160 0.01559952705520333 258
5170 0.01559209039238261 258.5
5180 0.01558469194244737 259
5190 0.01557733403321717 259.5
5200 0.01557001327539474 260
5210 0.01556272581871368 260.5
5220 0.01555546640388294 261
5230 0.01554823245976635 261.5
5240 0.01554102402377911 262
5250 0.01553384399819832 262.5
5260 0.01552669457394298 263
5270 0.01551957884254595 263.5
5280 0.01551249506858066 264
5290 0.0155054396523631 264.5
5300 0.01549840995175367 265
5310 0.01549140494253331 265.5
5320 0.01548442333790775 266
5330 0.01547746054202852 266.5
5340 0.015470519162184 267
5350 0.01546359882015687 267.5
5360 0.01545670088900031 268
5370 0.01544982790215219 268.5
5380 0.01544298410304521 269
5390 0.01543616969801742 269.5
5400 0.0154293861146732 270
5410 0.01542263133413859 270.5
5420 0.0154159017357094 271
5430 0.01540919400253701 271.5
5440 0.01540250835892819 272
5450 0.01539584954396115 272.5
5460 0.01538922257674801 273
5470 0.01538263733941067 273.5
5480 0.01537610521186487 274
5490 0.01536963102106289 274.5
5500 0.01536322811158298 275
5510 0.01535691672935619 275.5
5520 0.01535071924660017 276
5530 0.01534465459762723 276.5
5540 0.01533873784301582 277
5550 0.01533298260857958 277.5
5560 0.01532739846799253 278
5570 0.01532198911753696 278.5
5580 0.01531677038231566 279
5590 0.01531175791858653 279.5
5600 0.01530695912348313 280
5610 0.01530237600128448 280.5
5620 0.01529801106636917 281
5630 0.01529387030836926 281.5
5640 0.01528996224856327 282
5650 0.0152862984867299 282.5
5660 0.01528289053919437 283
5670 0.01527974752076642 283.5
5680 0.01527687526509638 284
5690 0.01527427311232892 284.5
5700 0.01527193533354044 285
5710 0.01526985479946704 285.5
5720 0.01526802586026449 286
5730 0.01526644141734679 286.5
5740 0.01526509713709836 287
5750 0.01526398948099984 287.5
5760 0.01526311140276205 288
5770 0.01526245419347189 288.5
5780 0.01526201652857152 289
5790 0.01526179472905023 289.5
5800 0.01526178304670321 290
5810 0.01526197695910322 290.5
5820 0.01526237244902329 291
5830 0.01526296172901153 291.5
5840 0.01526373620317576 292
5850 0.01526469375148373 292.5
5860 0.01526583194195021 293
5870 0.01526714343100709 293.5
5880 0.01526861915434162 294
5890 0.01527024772422555 294.5
5900 0.01527201933809864 295
5910 0.01527392594861577 295.5
5920 0.01527596104133549 296
5930 0.01527811871735531 296.5
5940 0.01528039079040222 297
5950 0.01528276954208762 297.5
5960 0.01528525100968472 298
5970 0.01528783245144359 298.5
5980 0.01529051104657055 299
5990 0.01529328240182148 299.5
6000 0.01529614061224028 300
