0 0 0
10 4.329792101336631e-15 0.5
20 7.694358468049975e-13 1
30 4.060558055441035e-11 1.5
40 8.358549980318439e-10 2
50 1.013800978069277e-08 2.5
60 7.323531966720472e-08 3
70 3.837644155605024e-07 3.5
80 1.537478107415011e-06 4
90 4.57294489399582e-06 4.5
100 1.046025538861962e-05 5
110 1.943173028551898e-05 5.5
120 3.102245592873482e-05 6
130 4.453974721118691e-05 6.5
140 5.9496078548088e-05 7
150 7.541945948322198e-05 7.5
160 9.203437492475457e-05 8
170 0.0001094473096325968 8.5
180 0.000128261585073269 9
190 0.0001498261913201201 9.5
200 0.000176302439784915 10
210 0.0002100095145252189 10.5
220 0.0002529559414548208 11
230 0.0003063053614163887 11.5
240 0.0003703390500460904 12
250 0.0004449114102996912 12.5
260 0.0005294538559272772 13
270 0.0006231989018186894 13.5
280 0.0007255215180909807 14
290 0.0008355795990307007 14.5
300 0.000952632833775499 15
310 0.001075757450128911 15.5
320 0.001203592313067625 16
330 0.001334414368638506 16.5
340 0.001466274695172735 17
350 0.001597193497614343 17.5
360 0.001725427513148365 18
370 0.001849260134751208 18.5
380 0.001965000245028593 19
390 0.002070472070172196 19.5
400 0.002166060673870643 20
410 0.002253012368981267 20.5
420 0.002332113739896855 21
430 0.002403748347939887 21.5
440 0.002468918960036598 22
450 0.002528655454612993 22.5
460 0.002583954573392032 23
470 0.002635876343895008 23.5
480 0.002685333903581895 24
490 0.002733167035472476 24.5
500 0.002779785640294346 25
510 0.002825525089388711 25.5
520 0.00287067061679091 26
530 0.002915011561376283 26.5
540 0.002958071825517926 27
550 0.002999838839299843 27.5
560 0.003040413787560255 28
570 0.003079533928697812 28.5
580 0.003116567307823158 29
590 0.003151231218176803 29.5
600 0.003183648036227004 30
610 0.003214521453804986 30.5
620 0.003243687547998262 31
630 0.003271467585795748 31.5
640 0.003298251656063646 32
650 0.003324568824500167 32.5
660 0.003350842483431964 33
670 0.003376690762014722 33.5
680 0.003401426098746398 34
690 0.003424943627784221 34.5
700 0.003447116319241033 35
710 0.00346750984453477 35.5
720 0.003485936236582397 36
730 0.003502403932759656 36.5
740 0.003517043887871537 37
750 0.003529876370270457 37.5
760 0.003540634840469512 38
770 0.0035491080978453 38.5
780 0.003555328136519096 39
790 0.003559587750991512 39.5
800 0.003562393456889747 40
810 0.003564155757055658 40.5
820 0.003565076523843851 41
830 0.003565391429261858 41.5
840 0.003565430650798903 42
850 0.003565505021930994 42.5
860 0.00356595777850191 43
870 0.003566924299457346 43.5
880 0.003568277329405864 44
890 0.003569819365632605 44.5
900 0.0035711267164438 45
910 0.003572449966506082 45.5
920 0.003573934909679302 46
930 0.003575725931338025 46.5
940 0.003577892366245127 47
950 0.003580385532998645 47.5
960 0.003583149711369677 48
970 0.00358601878952496 48.5
980 0.003588948101838019 49
990 0.003592077434215928 49.5
1000 0.00359558714187561 50
1010 0.003599600592596175 50.5
1020 0.003604139468552616 51
1030 0.003609169270501608 51.5
1040 0.00361453867422368 52
1050 0.003620185889840821 52.5
1060 0.003626102789024521 53
1070 0.003632199192795245 53.5
1080 0.003638437422179762 54
1090 0.003644824436373931 54.5
1100 0.003651384745738244 55
1110 0.00365806886385105 55.5
1120 0.003664822207362113 56
1130 0.003671606902493944 56.5
1140 0.003678430570157449 57
1150 0.003685375132997782 57.5
1160 0.003692601017062919 58
1170 0.003700260207611351 58.5
1180 0.003708464894981416 59
1190 0.003717234604918137 59.5
1200 0.003726571850520424 60
1210 0.003736446860169208 60.5
1220 0.003746798553051845 61
1230 0.003757441552110447 61.5
1240 0.003768228431510142 62
1250 0.00377901492763138 62.5
1260 0.00378968816718273 63
1270 0.003800134589000886 63.5
1280 0.003810208389561759 64
1290 0.003819758702063423 64.5
1300 0.003828684659950987 65
1310 0.003836940193994331 65.5
1320 0.003844537248277792 66
1330 0.003851485759601346 66.5
1340 0.003857764211246723 67
1350 0.003863411115105028 67.5
1360 0.003868510001255358 68
1370 0.00387314603461628 68.5
1380 0.003877401905322437 69
1390 0.00388137433384205 69.5
1400 0.003885056632644619 70
1410 0.003888301166448724 70.5
1420 0.003891171083955487 71
1430 0.003893816769810054 71.5
1440 0.003896299776348437 72
1450 0.003898690839572396 72.5
1460 0.003900990373627173 73
1470 0.003903230088428597 73.5
1480 0.003905461957982806 74
1490 0.003907728142663157 74.5
1500 0.003910085942681066 75
1510 0.003912601434652349 75.5
1520 0.003915359182996185 76
1530 0.003918448110641938 76.5
1540 0.003921890151462961 77
1550 0.003925728463591665 77.5
1560 0.003930006680514189 78
1570 0.003934759250769669 78.5
1580 0.00393996702803849 79
1590 0.00394581736082496 79.5
1600 0.003952087246599028 80
1610 0.003958747480082766 80.5
1620 0.003965931791717303 81
1630 0.00397358052847809 81.5
1640 0.003981640466795351 82
1650 0.003990083419386901 82.5
1660 0.003998936091605522 83
1670 0.004008244320430856 83.5
1680 0.004018147072702532 84
1690 0.004028881320551776 84.5
1700 0.004040444142259149 85
1710 0.004052172625573822 85.5
1720 0.004063398451931151 86
1730 0.004073926407666471 86.5
1740 0.00408373169209107 87
1750 0.004092877990313139 87.5
1760 0.004101396173056964 88
1770 0.004109391761675771 88.5
1780 0.0041168990411293 89
1790 0.004124163847842419 89.5
1800 0.004131787415955251 90
1810 0.004140059951287117 90.5
1820 0.004148152754790578 91
1830 0.0041555674964459 91.5
1840 0.004162168404146496 92
1850 0.004168418254882181 92.5
1860 0.004174625431838996 93
1870 0.004180994789910167 93.5
1880 0.004187719389063593 94
1890 0.004194828177536336 94.5
1900 0.004202284524997163 95
1910 0.00421004615257342 95.5
1920 0.004218029695423676 96
1930 0.004225995225531966 96.5
1940 0.004233721570173508 97
1950 0.004241117261456952 97.5
1960 0.004248330695421003 98
1970 0.00425533246019292 98.5
1980 0.004261941352942928 99
1990 0.004267985938145043 99.5
2000 0.00427333065561785 100
2010 0.004277953229202689 100.5
2020 0.004281924092592156 101
2030 0.004285348320417774 101.5
2040 0.004288025411848756 102
2050 0.004289979033379005 102.5
2060 0.00429146821874278 103
2070 0.00429252278735777 103.5
2080 0.004293242346872669 104
2090 0.004293755731753329 104.5
2100 0.00429415856801113 105
2110 0.004294467739940243 105.5
2120 0.004294577577253407 106
2130 0.004294388974799918 106.5
2140 0.004293851953900853 107
2150 0.004292917990291062 107.5
2160 0.004291676779090725 108
2170 0.004290270935103464 108.5
2180 0.004288817439184653 109
2190 0.004287459430417254 109.5
2200 0.004286304446524686 110
2210 0.004285398221268743 110.5
2220 0.004284698625798397 111
2230 0.004284056523275821 111.5
2240 0.004283369461075111 112
2250 0.004282609643165305 112.5
2260 0.004281799408366619 113
2270 0.004281018545228804 113.5
2280 0.00428038954057833 114
2290 0.004280030938292518 114.5
2300 0.004280022688851626 115
2310 0.004280355394189377 115.5
2320 0.004280975645447639 116
2330 0.004281873270153369 116.5
2340 0.004282995069173624 117
2350 0.004284228397023696 117.5
2360 0.004285455216228476 118
2370 0.004286676680920026 118.5
2380 0.004288026407113414 119
2390 0.004289580324474538 119.5
2400 0.004291316342436331 120
2410 0.004293170695715859 120.5
2420 0.004295137365971691 121
2430 0.004297241267275464 121.5
2440 0.004299528465468704 122
2450 0.004302069895071405 122.5
2460 0.004304881082111172 123
2470 0.004307922316742398 123.5
2480 0.004311139279564518 124
2490 0.004314446011619261 124.5
2500 0.004317796493526928 125
2510 0.004321169417160846 125.5
2520 0.004324590337353786 126
2530 0.004328116101189146 126.5
2540 0.004331797996737792 127
2550 0.004335685653447834 127.5
2560 0.004339768611091675 128
2570 0.004343967412187486 128.5
2580 0.004348095652484074 129
2590 0.004352102830505645 129.5
2600 0.004356001288768165 130
2610 0.00435981363183855 130.5
2620 0.004363575662648878 131
2630 0.00436734249635041 131.5
2640 0.004371191967853783 132
2650 0.004375245711656304 132.5
2660 0.004379559813843459 133
2670 0.00438415239908135 133.5
2680 0.004389053353947568 134
2690 0.004394285009970298 134.5
2700 0.004399872559119347 135
2710 0.004405847166284607 135.5
2720 0.004412241257898603 136
2730 0.004419001920799972 136.5
2740 0.00442600873129948 137
2750 0.004433120452448686 137.5
2760 0.00444025041073709 138
2770 0.00444735032197126 138.5
2780 0.004454423656461828 139
2790 0.004461528778955635 139.5
2800 0.004468656432180396 140
2810 0.00447585580232948 140.5
2820 0.00448322057511553 141
2830 0.004490575749682591 141.5
2840 0.004497815030055789 142
2850 0.004505219536248727 142.5
2860 0.004512646347333505 143
2870 0.00452012301253295 143.5
2880 0.004527589747973522 144
2890 0.004535477194320129 144.5
2900 0.004543439715900562 145
2910 0.004551588830052137 145.5
2920 0.004559963366747881 146
2930 0.004568565139668444 146.5
2940 0.004577140103487155 147
2950 0.004585829849654853 147.5
2960 0.004594320182233567 148
2970 0.004602779204789429 148.5
2980 0.004611207946481627 149
2990 0.004620059043974735 149.5
3000 0.004629775585414461 150
3010 0.004639753483005627 150.5
3020 0.004649749567147378 151
3030 0.004659717652265642 151.5
3040 0.004669668276665715 152
3050 0.004679649797187609 152.5
3060 0.0046897387263402 153
3070 0.004699932153154466 153.5
3080 0.004710151897635533 154
3090 0.00472027227407813 154.5
3100 0.004730249788910369 155
3110 0.004739987867117803 155.5
3120 0.004749378007872214 156
3130 0.004758407169250296 156.5
3140 0.004767151705339713 157
3150 0.004775710507751428 157.5
3160 0.004784034681077386 158
3170 0.004792252658797239 158.5
3180 0.004800498295827686 159
3190 0.004808915629168286 159.5
3200 0.004817636115130005 160
3210 0.004826726627896392 160.5
3220 0.00483621951591924 161
3230 0.004846143170353744 161.5
3240 0.004856566977287918 162
3250 0.004867577451571934 162.5
3260 0.004879236157701694 163
3270 0.004891578640963059 163.5
3280 0.00490466028872019 164
3290 0.004918564571828451 164.5
3300 0.004933394515624826 165
3310 0.004949287334265097 165.5
3320 0.004966403450174006 166
3330 0.004984854168805013 166.5
3340 0.005004729625056754 167
3350 0.005026074023062641 167.5
3360 0.005048890836203185 168
3370 0.005073134222070749 168.5
3380 0.00509876263354321 169
3390 0.005125739139487375 169.5
3400 0.005154011311016627 170
3410 0.005183522527505236 170.5
3420 0.005214191738249839 171
3430 0.005245926322053399 171.5
3440 0.005278643970828888 172
3450 0.005312260286036331 172.5
3460 0.005346605341039246 173
3470 0.005381462326888453 173.5
3480 0.005416669753881387 174
3490 0.005452098045336792 174.5
3500 0.005487499511088112 175
3510 0.005522614331447521 175.5
3520 0.005557205383426728 176
3530 0.00559115712891267 176.5
3540 0.005624380277674322 177
3550 0.005656670058041515 177.5
3560 0.005687826944192315 178
3570 0.005717705362169942 178.5
3580 0.005746343728613475 179
3590 0.005773903910396684 179.5
3600 0.005800649479454283 180
3610 0.00582683550063215 180.5
3620 0.005852266845667342 181
3630 0.005876681739931239 181.5
3640 0.005900034412728078 182
3650 0.005922355694341206 182.5
3660 0.005943660736130179 183
3670 0.005963983674056441 183.5
3680 0.005983383174112184 184
3690 0.006001930645573498 184.5
3700 0.006019700722591535 185
3710 0.006036772752134273 185.5
3720 0.006053221952452083 186
3730 0.006069128520554501 186.5
3740 0.006084542896348889 187
3750 0.006099510334352333 187.5
3760 0.00611404210003143 188
3770 0.006128157364792424 188.5
3780 0.006141891086598401 189
3790 0.006155257552074246 189.5
3800 0.006168261214417626 190
3810 0.00618088216674713 190.5
3820 0.00619309874043051 191
3830 0.006204901527490823 191.5
3840 0.006216278695615405 192
3850 0.006227218119442724 192.5
3860 0.006237697345292161 193
3870 0.006247690014241893 193.5
3880 0.006257164848010571 194
3890 0.006266100076108366 194.5
3900 0.006274473578045705 195
3910 0.006282273741997296 195.5
3920 0.006289500593072918 196
3930 0.006296173092075674 196.5
3940 0.006302320687951946 197
3950 0.006307976766648135 197.5
3960 0.006313174796344061 198
3970 0.006317957489856966 198.5
3980 0.006322383154346258 199
3990 0.006326480115996906 199.5
4000 0.006330254561648722 200
4010 0.006333746013844096 200.5
4020 0.006336976981147334 201
4030 0.006339959900831126 201.5
4040 0.006342694944232364 202
4050 0.006345225441666261 202.5
4060 0.006347594960220764 203
4070 0.006349814340848184 203.5
4080 0.00635189601390476 204
4090 0.006353844263350633 204.5
4100 0.006355650702595744 205
4110 0.006357288754550215 205.5
4120 0.006358737298449922 206
4130 0.006359931443963365 206.5
4140 0.006360808757352865 207
4150 0.006361376623555829 207.5
4160 0.006361689735944552 208
4170 0.006361802470867796 208.5
4180 0.006361769756420223 209
4190 0.006361617189798549 209.5
4200 0.006361304628320136 210
4210 0.006360760409658935 210.5
4220 0.006359923123706186 211
4230 0.006358785751087868 211.5
4240 0.006357345762039794 212
4250 0.006355582458608978 212.5
4260 0.006353479538934316 213
4270 0.006351033164041626 213.5
4280 0.006348254187250569 214
4290 0.006345173032356466 214.5
4300 0.006341839494396611 215
4310 0.006338328115745914 215.5
4320 0.006334715607026064 216
4330 0.006331052492521528 216.5
4340 0.006327379781170184 217
4350 0.006323702692319932 217.5
4360 0.006320018551584112 218
4370 0.006316323937354619 218.5
4380 0.006312623915762993 219
4390 0.006308906890015569 219.5
4400 0.006305162834947987 220
4410 0.006301367232277601 220.5
4420 0.006297497819359881 221
4430 0.00629354566465969 221.5
4440 0.006289535160302956 222
4450 0.006285490840589623 222.5
4460 0.006281451305341839 223
4470 0.006277474852467855 223.5
4480 0.006273546356137469 224
4490 0.006269638640320562 224.5
4500 0.006265745121817527 225
4510 0.006261863032188324 225.5
4520 0.006257991006410308 226
4530 0.006254131967593468 226.5
4540 0.006250286550112322 227
4550 0.006246453684209074 227.5
4560 0.006242637027205839 228
4570 0.00623884540965911 228.5
4580 0.006235083828204093 229
4590 0.006231354685580883 229.5
4600 0.006227664340114174 230
4610 0.006224010856053338 230.5
4620 0.006220392890476802 231
4630 0.006216815257906079 231.5
4640 0.006213283847560185 232
4650 0.006209776182858457 232.5
4660 0.006206303736083478 233
4670 0.006202887817123295 233.5
4680 0.00619954152272629 234
4690 0.006196268954173323 234.5
4700 0.006193078629067618 235
4710 0.006189976793297077 235.5
4720 0.006186962163530796 236
4730 0.00618402439769047 236.5
4740 0.006181150350650754 237
4750 0.006178329721448075 237.5
4760 0.006175556029807689 238
4770 0.006172821780224879 238.5
4780 0.006170119364012686 239
4790 0.006167441607871249 239.5
4800 0.006164780849832007 240
4810 0.006162137319316459 240.5
4820 0.00615951759029007 241
4830 0.006156926195122014 241.5
4840 0.006154361189677602 242
4850 0.006151822049081734 242.5
4860 0.006149300639381182 243
4870 0.006146785585160704 243.5
4880 0.006144266446804485 244
4890 0.006141737088387432 244.5
4900 0.006139193617861231 245
4910 0.006136629017143487 245.5
4920 0.006134037791826846 246
4930 0.006131419066257175 246.5
4940 0.006128767119535949 247
4950 0.006126074933015436 247.5
4960 0.006123339124876498 248
4970 0.006120561095056794 248.5
4980 0.006117745099828222 249
4990 0.006114895404597209 249.5
5000 0.006112016970712252 250
5010 0.006109115240079574 250.5
5020 0.00610619505854532 251
5030 0.006103261061991443 251.5
5040 0.00610031784881779 252
5050 0.006097368176364778 252.5
5060 0.006094415768790459 253
5070 0.006091464482405028 253.5
5080 0.006088517678925374 254
5090 0.006085576768019426 254.5
5100 0.006082641881407448 255
5110 0.006079713341915722 255.5
5120 0.006076788904226049 256
5130 0.00607386749287623 256.5
5140 0.00607094985347963 257
5150 0.006068038255883909 257.5
5160 0.00606513479733837 258
5170 0.006062243404394825 258.5
5180 0.006059366868715905 259
5190 0.006056506095363619 259.5
5200 0.006053659766570792 260
5210 0.006050826385344302 260.5
5220 0.006048003906858741 261
5230 0.006045191331449993 261.5
5240 0.006042388673665185 262
5250 0.006039597061916846 262.5
5260 0.006036817348039716 263
5270 0.00603405073402944 263.5
5280 0.00603129654514786 264
5290 0.006028553381828908 264.5
5300 0.006025820216802156 265
5310 0.006023096651848698 265.5
5320 0.006020382186659729 266
5330 0.006017675034357967 266.5
5340 0.006014976208663603 267
5350 0.006012285562524799 267.5
5360 0.006009603629788041 268
5370 0.006006931395460252 268.5
5380 0.006004270509398587 269
5390 0.006001621051827794 269.5
5400 0.005998983577803994 270
5410 0.005996357302383985 270.5
5420 0.005993740817828999 271
5430 0.005991132834540075 271.5
5440 0.005988533439728235 272
5450 0.005985944475958837 272.5
5460 0.005983367894675125 273
5470 0.005980807538070586 273.5
5480 0.005978267830684685 274
5490 0.00597575064924843 274.5
5500 0.005973261182166937 275
5510 0.005970807301108393 275.5
5520 0.005968397704446494 276
5530 0.00596603975388881 276.5
5540 0.005963739305025585 277
5550 0.00596150165560695 277.5
5560 0.005959330527901094 278
5570 0.005957227359031747 278.5
5580 0.005955198301838102 279
5590 0.005953249443512053 279.5
5600 0.005951383660077472 280
5610 0.005949601730803007 280.5
5620 0.005947904633285288 281
5630 0.005946294696308113 281.5
5640 0.005944775232965697 282
5650 0.005943350753280762 282.5
5660 0.005942025734829107 283
5670 0.005940803721471357 283.5
5680 0.005939686981345225 284
5690 0.005938675257897325 284.5
5700 0.005937766323707954 285
5710 0.005936957406901635 285.5
5720 0.005936246310804914 286
5730 0.005935630275469964 286.5
5740 0.005935107615976295 287
5750 0.00593467695653881 287.5
5760 0.005934335557542806 288
5770 0.005934080032941272 288.5
5780 0.005933909867742841 289
5790 0.005933823631539023 289.5
5800 0.005933819089413535 290
5810 0.005933894483035455 290.5
5820 0.005934048250496977 291
5830 0.005934277364017496 291.5
5840 0.00593457848149282 292
5850 0.005934950778649153 292.5
5860 0.005935393309924607 293
5870 0.005935903220121696 293.5
5880 0.005936476985013148 294
5890 0.005937110177021981 294.5
5900 0.005937798984888467 295
5910 0.005938540279784879 295.5
5920 0.005939331528880217 296
5930 0.005940170438666578 296.5
5940 0.005941053826300711 297
5950 0.005941978690853998 297.5
5960 0.005942943491608429 298
5970 0.005943947162564836 298.5
5980 0.005944988606991646 299
5990 0.00594606611678465 299.5
6000 0.005947177396082273 300
