0 0.1450140029191971 0
10 0.4581018686294556 0.5
20 0.2992525696754456 1
30 0.2300217151641846 1.5
40 0.198151558637619 2
50 0.1800934225320816 2.5
60 0.1729465872049332 3
70 0.170855775475502 3.5
80 0.1695902794599533 4
90 0.1687433123588562 4.5
100 0.1681477427482605 5
110 0.1675678193569183 5.5
120 0.1668683141469955 6
130 0.1658622622489929 6.5
140 0.1643105745315552 7
150 0.1620351374149323 7.5
160 0.1589092463254929 8
170 0.1550153642892838 8.5
180 0.1505913585424423 9
190 0.1459811925888062 9.5
200 0.141576811671257 10
210 0.1376835256814957 10.5
220 0.134550154209137 11
230 0.1330159604549408 11.5
240 0.1332028210163116 12
250 0.1335249990224838 12.5
260 0.1339492350816727 13
270 0.134396880865097 13.5
280 0.1348535865545273 14
290 0.1352402716875076 14.5
300 0.1355254799127579 15
310 0.1357009708881378 15.5
320 0.1357619762420654 16
330 0.1357264816761017 16.5
340 0.1365213096141815 17
350 0.137300118803978 17.5
360 0.1378528624773026 18
370 0.1382616460323334 18.5
380 0.1388145834207535 19
390 0.1392825692892075 19.5
400 0.1395889669656754 20
410 0.1401035785675049 20.5
420 0.1405992209911346 21
430 0.1412143111228943 21.5
440 0.1418648064136505 22
450 0.1425663828849792 22.5
460 0.1431595832109451 23
470 0.143530935049057 23.5
480 0.1437458544969559 24
490 0.143804669380188 24.5
500 0.1439397782087326 25
510 0.1440166532993317 25.5
520 0.1439895033836365 26
530 0.1439075917005539 26.5
540 0.1438195109367371 27
550 0.1436815708875656 27.5
560 0.1435041129589081 28
570 0.1435084939002991 28.5
580 0.1435564011335373 29
590 0.1435683071613312 29.5
600 0.1435626745223999 30
610 0.1435476541519165 30.5
620 0.1435242891311646 31
630 0.1434988230466843 31.5
640 0.1435167044401169 32
650 0.1436696350574493 32.5
660 0.1438472121953964 33
670 0.1440359354019165 33.5
680 0.1442073136568069 34
690 0.144361287355423 34.5
700 0.1445000022649765 35
710 0.1446047723293304 35.5
720 0.1446944028139114 36
730 0.1447636038064957 36.5
740 0.1448099464178085 37
750 0.1448381543159485 37.5
760 0.1448550820350647 38
770 0.1448633968830109 38.5
780 0.1448743790388107 39
790 0.1448918879032135 39.5
800 0.1449164152145386 40
810 0.1449537575244904 40.5
820 0.1449908167123795 41
830 0.1450461000204086 41.5
840 0.1451341956853867 42
850 0.1452601850032806 42.5
860 0.1454311609268188 43
870 0.1456194818019867 43.5
880 0.1458119451999664 44
890 0.1460273116827011 44.5
900 0.1461667716503143 45
910 0.1463728547096252 45.5
920 0.1466153264045715 46
930 0.1468599736690521 46.5
940 0.1471202373504639 47
950 0.1473895758390427 47.5
960 0.1476297527551651 48
970 0.1477779746055603 48.5
980 0.1478954404592514 49
990 0.1479813158512115 49.5
1000 0.1480384767055511 50
1010 0.1480828821659088 50.5
1020 0.1481211930513382 51
1030 0.1481509208679199 51.5
1040 0.1481783539056778 52
1050 0.148199662566185 52.5
1060 0.1482151597738266 53
1070 0.1482427269220352 53.5
1080 0.1482790857553482 54
1090 0.1483152210712433 54.5
1100 0.1483427882194519 55
1110 0.1483535021543503 55.5
1120 0.1483561098575592 56
1130 0.14836086332798 56.5
1140 0.1483787298202515 57
1150 0.1483947485685349 57.5
1160 0.1484135985374451 58
1170 0.1484242975711823 58.5
1180 0.1484549045562744 59
1190 0.1484944671392441 59.5
1200 0.1485307812690735 60
1210 0.1485549360513687 60.5
1220 0.1485832184553146 61
1230 0.1486178487539291 61.5
1240 0.1486535966396332 62
1250 0.1486884951591492 62.5
1260 0.1487230509519577 63
1270 0.1487595289945602 63.5
1280 0.1487961709499359 64
1290 0.148830771446228 64.5
1300 0.1488683074712753 65
1310 0.1488891392946243 65.5
1320 0.1489098221063614 66
1330 0.1489264667034149 66.5
1340 0.148947462439537 67
1350 0.148972287774086 67.5
1360 0.1489998400211334 68
1370 0.1490250378847122 68.5
1380 0.1490547508001328 69
1390 0.149088129401207 69.5
1400 0.1491235941648483 70
1410 0.1491619646549225 70.5
1420 0.1492030024528503 71
1430 0.1492499709129333 71.5
1440 0.1493062824010849 72
1450 0.1493711769580841 72.5
1460 0.1494361013174057 73
1470 0.1495031267404556 73.5
1480 0.1495703607797623 74
1490 0.1496382653713226 74.5
1500 0.1497004479169846 75
1510 0.1497593075037003 75.5
1520 0.1498347371816635 76
1530 0.1498879790306091 76.5
1540 0.149938553571701 77
1550 0.1499932557344437 77.5
1560 0.1500466763973236 78
1570 0.1500992178916931 78.5
1580 0.1501510292291641 79
1590 0.1502035409212112 79.5
1600 0.1502555161714554 80
1610 0.1503064930438995 80.5
1620 0.1503557115793228 81
1630 0.150404766201973 81.5
1640 0.1504478305578232 82
1650 0.1504887640476227 82.5
1660 0.1505243480205536 83
1670 0.150560051202774 83.5
1680 0.1505884677171707 84
1690 0.1506131440401077 84.5
1700 0.1506338119506836 85
1710 0.1506453305482864 85.5
1720 0.1506486088037491 86
1730 0.1506428867578506 86.5
1740 0.1506308019161224 87
1750 0.1506121754646301 87.5
1760 0.1505889296531677 88
1770 0.1505582332611084 88.5
1780 0.1505172252655029 89
1790 0.1504637748003006 89.5
1800 0.1504005044698715 90
1810 0.1503248959779739 90.5
1820 0.1502426713705063 91
1830 0.1501512825489044 91.5
1840 0.1500508785247803 92
1850 0.1499440371990204 92.5
1860 0.1498313695192337 93
1870 0.1497080773115158 93.5
1880 0.1495739221572876 94
1890 0.1494287401437759 94.5
1900 0.1492736637592316 95
1910 0.1491108685731888 95.5
1920 0.1489358395338058 96
1930 0.1487527936697006 96.5
1940 0.1485607922077179 97
1950 0.148358553647995 97.5
1960 0.1481520980596542 98
1970 0.1479375809431076 98.5
1980 0.1477135121822357 99
1990 0.1474850177764893 99.5
2000 0.147254154086113 100
2010 0.1470188051462173 100.5
2020 0.1467811763286591 101
2030 0.1465433835983276 101.5
2040 0.1462997794151306 102
2050 0.1460594981908798 102.5
2060 0.1458271145820618 103
2070 0.1455999463796616 103.5
2080 0.1453747749328613 104
2090 0.1451606005430222 104.5
2100 0.1449576914310455 105
2110 0.1447656899690628 105.5
2120 0.1445790827274323 106
2130 0.1444015353918076 106.5
2140 0.144224613904953 107
2150 0.1440471410751343 107.5
2160 0.1438923925161362 108
2170 0.1437557488679886 108.5
2180 0.1436266154050827 109
2190 0.1435046046972275 109.5
2200 0.143391877412796 110
2210 0.1432939618825912 110.5
2220 0.1432046145200729 111
2230 0.1431131958961487 111.5
2240 0.1430311650037766 112
2250 0.1429559737443924 112.5
2260 0.1428852081298828 113
2270 0.1428291946649551 113.5
2280 0.1427895873785019 114
2290 0.1427821964025497 114.5
2300 0.1428130120038986 115
2310 0.142817810177803 115.5
2320 0.1427994221448898 116
2330 0.1428764313459396 116.5
2340 0.1429709494113922 117
2350 0.143079400062561 117.5
2360 0.1431334614753723 118
2370 0.1432336270809174 118.5
2380 0.1432564854621887 119
2390 0.1432986408472061 119.5
2400 0.1434544771909714 120
2410 0.1435950547456741 120.5
2420 0.1437636017799377 121
2430 0.1439063251018524 121.5
2440 0.1440225392580032 122
2450 0.144120916724205 122.5
2460 0.1441676914691925 123
2470 0.1442010253667831 123.5
2480 0.1442435383796692 124
2490 0.1442184299230576 124.5
2500 0.1441324651241302 125
2510 0.1440050303936005 125.5
2520 0.1438812613487244 126
2530 0.1436876505613327 126.5
2540 0.1434722095727921 127
2550 0.1432216018438339 127.5
2560 0.1430059820413589 128
2570 0.1428510993719101 128.5
2580 0.1426756381988525 129
2590 0.1424813866615295 129.5
2600 0.1423720866441727 130
2610 0.1422941088676453 130.5
2620 0.1422235667705536 131
2630 0.1421277523040771 131.5
2640 0.142027273774147 132
2650 0.1419201344251633 132.5
2660 0.1418030560016632 133
2670 0.1416515558958054 133.5
2680 0.1415646225214005 134
2690 0.1414776891469955 134.5
2700 0.1413814872503281 135
2710 0.1413002461194992 135.5
2720 0.1412115544080734 136
2730 0.1411378085613251 136.5
2740 0.1410571485757828 137
2750 0.1409849524497986 137.5
2760 0.1409171521663666 138
2770 0.1408361941576004 138.5
2780 0.1407602280378342 139
2790 0.1406895965337753 139.5
2800 0.1406300216913223 140
2810 0.1406592577695847 140.5
2820 0.1406907141208649 141
2830 0.1407222151756287 141.5
2840 0.1407525390386581 142
2850 0.1407868564128876 142.5
2860 0.1408224552869797 143
2870 0.1408596634864807 143.5
2880 0.1408963650465012 144
2890 0.1409358084201813 144.5
2900 0.1409741044044495 145
2910 0.141011044383049 145.5
2920 0.1410490870475769 146
2930 0.1410926580429077 146.5
2940 0.1411317437887192 147
2950 0.1411721259355545 147.5
2960 0.1412123143672943 148
2970 0.1412535607814789 148.5
2980 0.1412806510925293 149
2990 0.1413107067346573 149.5
3000 0.1413370370864868 150
3010 0.1413600891828537 150.5
3020 0.1413821876049042 151
3030 0.1414041966199875 151.5
3040 0.1414242386817932 152
3050 0.1414476633071899 152.5
3060 0.1414654701948166 153
3070 0.1414864808320999 153.5
3080 0.1414957195520401 154
3090 0.1415215730667114 154.5
3100 0.1415348798036575 155
3110 0.1415501832962036 155.5
3120 0.1415605247020721 156
3130 0.1415714919567108 156.5
3140 0.1415769010782242 157
3150 0.1415766924619675 157.5
3160 0.1415692567825317 158
3170 0.1415663957595825 158.5
3180 0.1415631175041199 159
3190 0.1415517181158066 159.5
3200 0.1415394842624664 160
3210 0.1415373384952545 160.5
3220 0.1415314227342606 161
3230 0.1415275633335114 161.5
3240 0.141515925526619 162
3250 0.141512930393219 162.5
3260 0.1415017992258072 163
3270 0.1415035128593445 163.5
3280 0.1414895206689835 164
3290 0.1414876580238342 164.5
3300 0.1414701342582703 165
3310 0.1414635479450226 165.5
3320 0.1414551734924316 166
3330 0.1414363086223602 166.5
3340 0.1414198130369186 167
3350 0.1414142847061157 167.5
3360 0.1413926482200623 168
3370 0.1413741409778595 168.5
3380 0.1413707733154297 169
3390 0.141360267996788 169.5
3400 0.1413485407829285 170
3410 0.1413287073373795 170.5
3420 0.1413209140300751 171
3430 0.141321524977684 171.5
3440 0.1413152068853378 172
3450 0.1412934064865112 172.5
3460 0.1412900537252426 173
3470 0.1412886679172516 173.5
3480 0.1413072049617767 174
3490 0.1413088887929916 174.5
3500 0.1413104981184006 175
3510 0.1413151621818542 175.5
3520 0.1413205116987228 176
3530 0.1413173079490662 176.5
3540 0.1413372755050659 177
3550 0.1413471698760986 177.5
3560 0.1413585841655731 178
3570 0.1413736939430237 178.5
3580 0.141369953751564 179
3590 0.1414021253585815 179.5
3600 0.1414134800434113 180
3610 0.1414389461278915 180.5
3620 0.1414511650800705 181
3630 0.1414618492126465 181.5
3640 0.1415020227432251 182
3650 0.1415260434150696 182.5
3660 0.1415486037731171 183
3670 0.141574814915657 183.5
3680 0.1416036635637283 184
3690 0.1416255086660385 184.5
3700 0.1416605561971664 185
3710 0.1416720151901245 185.5
3720 0.1417043507099152 186
3730 0.1417373269796371 186.5
3740 0.1417692005634308 187
3750 0.141803190112114 187.5
3760 0.1418333798646927 188
3770 0.1418680399656296 188.5
3780 0.1418997049331665 189
3790 0.1419507712125778 189.5
3800 0.1419832706451416 190
3810 0.1419996619224548 190.5
3820 0.1420398503541946 191
3830 0.1420884132385254 191.5
3840 0.14212267100811 192
3850 0.1421578377485275 192.5
3860 0.142201229929924 193
3870 0.142235741019249 193.5
3880 0.1422940045595169 194
3890 0.1423129290342331 194.5
3900 0.1423688381910324 195
3910 0.1424093544483185 195.5
3920 0.142444834113121 196
3930 0.1424663960933685 196.5
3940 0.1425198465585709 197
3950 0.1425563842058182 197.5
3960 0.1425803303718567 198
3970 0.1426148116588593 198.5
3980 0.1426636427640915 199
3990 0.1426928490400314 199.5
4000 0.1427210867404938 200
4010 0.1427566558122635 200.5
4020 0.1427953392267227 201
4030 0.1428176462650299 201.5
4040 0.1428495794534683 202
4050 0.1428687572479248 202.5
4060 0.1429055333137512 203
4070 0.1429463177919388 203.5
4080 0.1429799497127533 204
4090 0.1430097669363022 204.5
4100 0.1430419683456421 205
4110 0.1430683732032776 205.5
4120 0.1430972665548325 206
4130 0.1431241780519485 206.5
4140 0.1431491374969482 207
4150 0.143172100186348 207.5
4160 0.1431938856840134 208
4170 0.1432143300771713 208.5
4180 0.1432360708713531 209
4190 0.1432347148656845 209.5
4200 0.1432706564664841 210
4210 0.1432677656412125 210.5
4220 0.1432913839817047 211
4230 0.1432977914810181 211.5
4240 0.1433281153440475 212
4250 0.1433217525482178 212.5
4260 0.1433474123477936 213
4270 0.1433394253253937 213.5
4280 0.143362283706665 214
4290 0.1433565318584442 214.5
4300 0.1433834731578827 215
4310 0.1433751434087753 215.5
4320 0.1433993428945541 216
4330 0.143386110663414 216.5
4340 0.1434110552072525 217
4350 0.1433912515640259 217.5
4360 0.1434120833873749 218
4370 0.1434042453765869 218.5
4380 0.143416628241539 219
4390 0.14340840280056 219.5
4400 0.1434107273817062 220
4410 0.1433895379304886 220.5
4420 0.1433934718370438 221
4430 0.1433987766504288 221.5
4440 0.1433911919593811 222
4450 0.143381729722023 222.5
4460 0.1433726102113724 223
4470 0.1433606594800949 223.5
4480 0.1433305591344833 224
4490 0.1433362662792206 224.5
4500 0.1433085352182388 225
4510 0.143279492855072 225.5
4520 0.1432821154594421 226
4530 0.1432435810565948 226.5
4540 0.1432369649410248 227
4550 0.143196165561676 227.5
4560 0.1431875973939896 228
4570 0.1431475430727005 228.5
4580 0.1431317180395126 229
4590 0.1430984437465668 229.5
4600 0.1430629193782806 230
4610 0.1430316567420959 230.5
4620 0.1429981142282486 231
4630 0.1429579854011536 231.5
4640 0.1429011523723602 232
4650 0.1428822129964828 232.5
4660 0.1428393423557281 233
4670 0.1427948623895645 233.5
4680 0.1427540630102158 234
4690 0.1427058428525925 234.5
4700 0.1426614820957184 235
4710 0.1426036953926086 235.5
4720 0.1425694227218628 236
4730 0.1425205022096634 236.5
4740 0.1424724459648132 237
4750 0.1424218416213989 237.5
4760 0.1423565596342087 238
4770 0.1423237770795822 238.5
4780 0.1422745287418365 239
4790 0.1422078013420105 239.5
4800 0.1421714127063751 240
4810 0.1421046853065491 240.5
4820 0.1420634537935257 241
4830 0.1420097500085831 241.5
4840 0.14195516705513 242
4850 0.141894206404686 242.5
4860 0.1418476700782776 243
4870 0.1417797952890396 243.5
4880 0.1417394131422043 244
4890 0.1416717916727066 244.5
4900 0.1416112929582596 245
4910 0.1415725499391556 245.5
4920 0.1415159702301025 246
4930 0.141470193862915 246.5
4940 0.141426220536232 247
4950 0.1414433121681213 247.5
4960 0.1414506137371063 248
4970 0.1414349675178528 248.5
4980 0.1414197534322739 249
4990 0.1414477527141571 249.5
5000 0.1414476782083511 250
5010 0.1414270102977753 250.5
5020 0.1414462924003601 251
5030 0.1414331197738647 251.5
5040 0.1414446830749512 252
5050 0.1414289623498917 252.5
5060 0.1414389163255692 253
5070 0.1414361149072647 253.5
5080 0.1414299756288528 254
5090 0.141428142786026 254.5
5100 0.1414231210947037 255
5110 0.1414181888103485 255.5
5120 0.141413688659668 256
5130 0.1414070576429367 256.5
5140 0.1413926482200623 257
5150 0.1413967907428741 257.5
5160 0.1413556337356567 258
5170 0.1413761973381042 258.5
5180 0.1413530558347702 259
5190 0.1413290202617645 259.5
5200 0.1413543373346329 260
5210 0.1413358896970749 260.5
5220 0.1413183510303497 261
5230 0.1412891447544098 261.5
5240 0.1413034349679947 262
5250 0.1412878036499023 262.5
5260 0.1412470489740372 263
5270 0.1412664800882339 263.5
5280 0.1412153244018555 264
5290 0.1412257254123688 264.5
5300 0.1411802470684052 265
5310 0.1411880850791931 265.5
5320 0.1411377936601639 266
5330 0.1411460787057877 266.5
5340 0.1411164700984955 267
5350 0.1410777568817139 267.5
5360 0.1410829573869705 268
5370 0.1410453617572784 268.5
5380 0.1410446763038635 269
5390 0.1410191655158997 269.5
5400 0.1409867405891418 270
5410 0.1409740447998047 270.5
5420 0.1409412026405334 271
5430 0.1409301459789276 271.5
5440 0.1408858150243759 272
5450 0.140883594751358 272.5
5460 0.1408274173736572 273
5470 0.1408357620239258 273.5
5480 0.1407781988382339 274
5490 0.1407889425754547 274.5
5500 0.1407671421766281 275
5510 0.1407222300767899 275.5
5520 0.1407086551189423 276
5530 0.1406996697187424 276.5
5540 0.1406776458024979 277
5550 0.1406546831130981 277.5
5560 0.1406353861093521 278
5570 0.1406195014715195 278.5
5580 0.140639141201973 279
5590 0.1406379491090775 279.5
5600 0.1406376212835312 280
5610 0.1406620293855667 280.5
5620 0.1406722664833069 281
5630 0.1406587362289429 281.5
5640 0.140684112906456 282
5650 0.1406922191381454 282.5
5660 0.1406859159469604 283
5670 0.1407095342874527 283.5
5680 0.1406975090503693 284
5690 0.1407228857278824 284.5
5700 0.1407103687524796 285
5710 0.1407371014356613 285.5
5720 0.1407271325588226 286
5730 0.1407571583986282 286.5
5740 0.1407486498355865 287
5750 0.1407845616340637 287.5
5760 0.1407782286405563 288
5770 0.1408155858516693 288.5
5780 0.1408055871725082 289
5790 0.1408401131629944 289.5
5800 0.1408308297395706 290
5810 0.1408723592758179 290.5
5820 0.1408930420875549 291
5830 0.1409552991390228 291.5
5840 0.1409807801246643 292
5850 0.1410462558269501 292.5
5860 0.141069233417511 293
5870 0.1411199271678925 293.5
5880 0.1411736458539963 294
5890 0.1412175446748734 294.5
5900 0.1412554979324341 295
5910 0.1412969678640366 295.5
5920 0.141340360045433 296
5930 0.141382560133934 296.5
5940 0.1414257138967514 297
5950 0.1414564549922943 297.5
5960 0.1415085941553116 298
5970 0.1415490955114365 298.5
5980 0.1415875852108002 299
5990 0.1416283547878265 299.5
6000 0.141644224524498 300
