0 0 0
10 3.290166246873999e-38 0.5
20 4.107388445299822e-51 1
30 3.328772635739436e-193 1.5
40 0 2
50 0 2.5
60 0 3
70 2.007341239932147e-33 3.5
80 1.345751686839702e-33 4
90 7.12048298522065e-30 4.5
100 5.502159703220656e-28 5
110 1.374251237250528e-25 5.5
120 3.500083079204873e-23 6
130 1.07317860950029e-21 6.5
140 1.97167101657711e-20 7
150 1.250108508094597e-19 7.5
160 5.583750636620486e-19 8
170 2.253073419937368e-18 8.5
180 9.045365842214572e-18 9
190 3.44046884825994e-17 9.5
200 1.219251954161778e-16 10
210 3.939515286898962e-16 10.5
220 5.317896491859522e-15 11
230 5.341894481406096e-14 11.5
240 2.456220721844656e-13 12
250 7.668452875735171e-13 12.5
260 1.988608943136444e-12 13
270 4.949735371560898e-12 13.5
280 1.344537096234426e-11 14
290 4.128242767865062e-11 14.5
300 1.366349503210765e-10 15
310 4.512518502220735e-10 15.5
320 1.434233075343946e-09 16
330 4.300087998261943e-09 16.5
340 1.206363057738639e-08 17
350 3.223023787652097e-08 17.5
360 8.289263669765711e-08 18
370 2.047502082414214e-07 18.5
380 4.769569194813613e-07 19
390 1.027476665485923e-06 19.5
400 2.031924600347454e-06 20
410 3.699174839983792e-06 20.5
420 6.240300684430605e-06 21
430 9.841519078249565e-06 21.5
440 1.464082017499018e-05 22
450 2.070013955535445e-05 22.5
460 2.800343801366114e-05 23
470 3.646350494989552e-05 23.5
480 4.592641480707662e-05 24
490 5.620359365932908e-05 24.5
500 6.706953231884444e-05 25
510 7.834155735072429e-05 25.5
520 8.988173057274887e-05 26
530 0.0001015943108619899 26.5
540 0.0001133860506441881 27
550 0.000125209416534388 27.5
560 0.0001370447574097158 28
570 0.0001489133123706648 28.5
580 0.0001609546982481959 29
590 0.0001734153297076448 29.5
600 0.0001866225221419531 30
610 0.0002009398870427632 30.5
620 0.0002167523349513278 31
630 0.0002344387944795828 31.5
640 0.0002543779986883823 32
650 0.0002769300570262543 32.5
660 0.000302411063831096 33
670 0.0003310219639963566 33.5
680 0.000362849799157215 34
690 0.000397876601104194 34.5
700 0.0004359568285863245 35
710 0.0004768079180982411 35.5
720 0.0005200735796700675 36
730 0.0005653289380194562 36.5
740 0.0006120571062971935 37
750 0.0006597311098914887 37.5
760 0.0007078368658412986 38
770 0.0007558807829202527 38.5
780 0.0008034243297566885 39
790 0.000850063936097702 39.5
800 0.0008955259362005423 40
810 0.0009395917591101459 40.5
820 0.0009820514746071624 41
830 0.001022799722503192 41.5
840 0.001061738498703343 42
850 0.001098838725315239 42.5
860 0.001134163970911547 43
870 0.001167804994391332 43.5
880 0.001199945605288541 44
890 0.001230683732379773 44.5
900 0.001260175439811023 45
910 0.001288704115962247 45.5
920 0.001316669575129884 46
930 0.001344363869778702 46.5
940 0.001371967883102485 47
950 0.001399611412994577 47.5
960 0.001427504894959038 48
970 0.001455807211381764 48.5
980 0.001484588335087855 49
990 0.001513863388105643 49.5
1000 0.00154368835404481 50
1010 0.001574074625066844 50.5
1020 0.001604967996377592 51
1030 0.00163632175349493 51.5
1040 0.001668064459806018 52
1050 0.001700124852264376 52.5
1060 0.001732442527876117 53
1070 0.001765011176999809 53.5
1080 0.001797801730259942 54
1090 0.001830790352222404 54.5
1100 0.001863900484952879 55
1110 0.001897038006403337 55.5
1120 0.001930094031322097 56
1130 0.001962907628563021 56.5
1140 0.001995278197182447 57
1150 0.002027014733563276 57.5
1160 0.002057937353284544 58
1170 0.002087928943454229 58.5
1180 0.002116838327929501 59
1190 0.002144564680473818 59.5
1200 0.002171030893300415 60
1210 0.002196151941408735 60.5
1220 0.002219856475036933 61
1230 0.002242125663838995 61.5
1240 0.002262945849285684 62
1250 0.002282257761841996 62.5
1260 0.002299980876628315 63
1270 0.002316073189869281 63.5
1280 0.002330512082170273 64
1290 0.002343264443867024 64.5
1300 0.002354420273090633 65
1310 0.002364083175484101 65.5
1320 0.002372349228003455 66
1330 0.002379386921802608 66.5
1340 0.002385366356991727 67
1350 0.002390444074931864 67.5
1360 0.002394769018571597 68
1370 0.002398505046709954 68.5
1380 0.002401782436736344 69
1390 0.002404702677475108 69.5
1400 0.002407368034249542 70
1410 0.002409829729676869 70.5
1420 0.002412181391845425 71
1430 0.002414563368559952 71.5
1440 0.002417057103028082 72
1450 0.002419715424037877 72.5
1460 0.002422587779638588 73
1470 0.002425738549266394 73.5
1480 0.002429221202099733 74
1490 0.002433101224321586 74.5
1500 0.002437433727385777 75
1510 0.002442271123195027 75.5
1520 0.002447644938641852 76
1530 0.002453596737903666 76.5
1540 0.002460202534952979 77
1550 0.002467504967229619 77.5
1560 0.00247552059075902 78
1570 0.002484275289691606 78.5
1580 0.002493824141852805 79
1590 0.002504213781456176 79.5
1600 0.002515487908204515 80
1610 0.002527675402395061 80.5
1620 0.002540796753126654 81
1630 0.002554869077546275 81.5
1640 0.002569917029698475 82
1650 0.00258602120628172 82.5
1660 0.002603306187383881 83
1670 0.002621851803508522 83.5
1680 0.002641733770742416 84
1690 0.002663025843622738 84.5
1700 0.002685802102280604 85
1710 0.002710083335276877 85.5
1720 0.002735897298938398 86
1730 0.002763264267538443 86.5
1740 0.002792263075787084 87
1750 0.002823006848177811 87.5
1760 0.002855405017501496 88
1770 0.002889392902091109 88.5
1780 0.002925212259246054 89
1790 0.002963066825691049 89.5
1800 0.00300315222553995 90
1810 0.003045379341565115 90.5
1820 0.003089583667467465 91
1830 0.003135742640550915 91.5
1840 0.003183946699024101 92
1850 0.003234243508230195 92.5
1860 0.003286769081274633 93
1870 0.003341370472990275 93.5
1880 0.003397810265439717 94
1890 0.003455959581628712 94.5
1900 0.003515783520188791 95
1910 0.003577284924303409 95.5
1920 0.003640371425104654 96
1930 0.003704980251121801 96.5
1940 0.003771004801093347 97
1950 0.003838295562397139 97.5
1960 0.003906741739121133 98
1970 0.003976228273432987 98.5
1980 0.004046703975648001 99
1990 0.004118030201965305 99.5
2000 0.004189966674424997 100
2010 0.004262565655792138 100.5
2020 0.004335691041438877 101
2030 0.004409227562177962 101.5
2040 0.004483063323497187 102
2050 0.004556988947615387 102.5
2060 0.004630674155279281 103
2070 0.00470380382857635 103.5
2080 0.004776091031636309 104
2090 0.004847367245431322 104.5
2100 0.004917579894837544 105
2110 0.004986719716934459 105.5
2120 0.005054751681339222 106
2130 0.005121578027223821 106.5
2140 0.005187085203194323 107
2150 0.005251201174422438 107.5
2160 0.005313820061092004 108
2170 0.00537481382903145 108.5
2180 0.005434055176534032 109
2190 0.00549141893569633 109.5
2200 0.005546776247975226 110
2210 0.005600016176232428 110.5
2220 0.005651048482505835 111
2230 0.005699876261548745 111.5
2240 0.005746497980215887 112
2250 0.005790931175048539 112.5
2260 0.005833281412010741 113
2270 0.005873728546894451 113.5
2280 0.005912473876736339 114
2290 0.005949681689896619 114.5
2300 0.005985512342286469 115
2310 0.006020063613022886 115.5
2320 0.006053377463104331 116
2330 0.006085519616238722 116.5
2340 0.006116473523938451 117
2350 0.006146251242757554 117.5
2360 0.006174919240537698 118
2370 0.006202532426746061 118.5
2380 0.006229125284914379 119
2390 0.006254762034049392 119.5
2400 0.006279524597352614 120
2410 0.006303372615872738 120.5
2420 0.00632627743535694 121
2430 0.006348229591725514 121.5
2440 0.006369309629143304 122
2450 0.006389624419933002 122.5
2460 0.006409278654684145 123
2470 0.006428311946618967 123.5
2480 0.006446668131581048 124
2490 0.006464521690848747 124.5
2500 0.006482105634495282 125
2510 0.00649958723446153 125.5
2520 0.006517090705528196 126
2530 0.006534521284556647 126.5
2540 0.006551593329222281 127
2550 0.006568253456225482 127.5
2560 0.006584625273850848 128
2570 0.00660089094844309 128.5
2580 0.006617281817925369 129
2590 0.006633908981125255 129.5
2600 0.006650826206640741 130
2610 0.006668161069307314 130.5
2620 0.006685921907385851 131
2630 0.00670401316584886 131.5
2640 0.006722451782621095 132
2650 0.006741277782031243 132.5
2660 0.006760348876796143 133
2670 0.006779559391829056 133.5
2680 0.006798887426658203 134
2690 0.006818301482924958 134.5
2700 0.006837669538306324 135
2710 0.006856925660218302 135.5
2720 0.006876053191310558 136
2730 0.006895084523060691 136.5
2740 0.006913983988641087 137
2750 0.006932707570924458 137.5
2760 0.006951218757467138 138
2770 0.006969517550903084 138.5
2780 0.006987645452867948 139
2790 0.007005590510892379 139.5
2800 0.007023335423293836 140
2810 0.007040968842623567 140.5
2820 0.007058606924582663 141
2830 0.007076274566105605 141.5
2840 0.007093988549130975 142
2850 0.007111770725207697 142.5
2860 0.007129589104887555 143
2870 0.007147136187088361 143.5
2880 0.007164145568012951 144
2890 0.007180553289556728 144.5
2900 0.00719642701870414 145
2910 0.00721180454922672 145.5
2920 0.007226640396252958 146
2930 0.007240927258685666 146.5
2940 0.007254705238445459 147
2950 0.007267994146174437 147.5
2960 0.007280796877609545 148
2970 0.007293151269267181 148.5
2980 0.007305108490974589 149
2990 0.007316698249706028 149.5
3000 0.007327953311804945 150
3010 0.007338942195031544 150.5
3020 0.007349721111201651 151
3030 0.007360345937783959 151.5
3040 0.007370907630457916 152
3050 0.007381381423255006 152.5
3060 0.007391811128521874 153
3070 0.007402224825886774 153.5
3080 0.007412615629903182 154
3090 0.007422942797579385 154.5
3100 0.007433162623321649 155
3110 0.007443219997317609 155.5
3120 0.007453014733634022 156
3130 0.007462310440246548 156.5
3140 0.007470957798788632 157
3150 0.007478842348265959 157.5
3160 0.007485833098645835 158
3170 0.007491862038168171 158.5
3180 0.007496786688477498 159
3190 0.007500560225366177 159.5
3200 0.007503191629724992 160
3210 0.007504771789981988 160.5
3220 0.007505305922373195 161
3230 0.007504729156535305 161.5
3240 0.007502950654530215 162
3250 0.007500050799322454 162.5
3260 0.00749612364086438 163
3270 0.007491242677798379 163.5
3280 0.007485559507623667 164
3290 0.007479199280888984 164.5
3300 0.007472292358777554 165
3310 0.007464950833667978 165.5
3320 0.007457277928030795 166
3330 0.007449386592157321 166.5
3340 0.007441390222105162 167
3350 0.007433408649399688 167.5
3360 0.007425514396610519 168
3370 0.007417742616972507 168.5
3380 0.007410097261116027 169
3390 0.007402528786799718 169.5
3400 0.0073950400393191 170
3410 0.007387658926264377 170.5
3420 0.007380373532004635 171
3430 0.007373131789441196 171.5
3440 0.00736583726295562 172
3450 0.0073584240976162 172.5
3460 0.007350896866135738 173
3470 0.007343293461644097 173.5
3480 0.007335657894442975 174
3490 0.007328021927682235 174.5
3500 0.007320373285342946 175
3510 0.007312761467599347 175.5
3520 0.007305346768654646 176
3530 0.007298170785758982 176.5
3540 0.00729129084462574 177
3550 0.007284740621177236 177.5
3560 0.007278540839682058 178
3570 0.007272686910301906 178.5
3580 0.00726710504441573 179
3590 0.00726169386636303 179.5
3600 0.007256435205122973 180
3610 0.007251293518078878 180.5
3620 0.007246210671076941 181
3630 0.007241243531544856 181.5
3640 0.007236537707057235 182
3650 0.007232319826274251 182.5
3660 0.007228751300501463 183
3670 0.007225923071322716 183.5
3680 0.007223910164033123 184
3690 0.007222754189332618 184.5
3700 0.007222448551561469 185
3710 0.007222968198754859 185.5
3720 0.007224302576407909 186
3730 0.007226447308791114 186.5
3740 0.007229368458149012 187
3750 0.007232910989883299 187.5
3760 0.007236980120522282 188
3770 0.007241525757833496 188.5
3780 0.007246402964341896 189
3790 0.007251493927850196 189.5
3800 0.007256758438368564 190
3810 0.007262145960710635 190.5
3820 0.007267610495512425 191
3830 0.007273117258528121 191.5
3840 0.007278662054009517 192
3850 0.007284241961911259 192.5
3860 0.007289828721438144 193
3870 0.007295401285184206 193.5
3880 0.007300933737535552 194
3890 0.007306428603927724 194.5
3900 0.007311897585856597 195
3910 0.007317313568444308 195.5
3920 0.00732261320460081 196
3930 0.0073277269632412 196.5
3940 0.00733260373783541 197
3950 0.007337185290556542 197.5
3960 0.007341401068358911 198
3970 0.0073452075722621 198.5
3980 0.007348607418176947 199
3990 0.0073516053440715 199.5
4000 0.007354185496142354 200
4010 0.007356325457769242 200.5
4020 0.00735798825026906 201
4030 0.007359115115234224 201.5
4040 0.007359679207079533 202
4050 0.00735963429016569 202.5
4060 0.007358909686627083 203
4070 0.007357504769256821 203.5
4080 0.007355399547994502 204
4090 0.007352601557861722 204.5
4100 0.007349086398583952 205
4110 0.007344830485065718 205.5
4120 0.007339811069970024 206
4130 0.007334035409377287 206.5
4140 0.007327522453418798 207
4150 0.00732032734495385 207.5
4160 0.007312602046137177 208
4170 0.007304374068715557 208.5
4180 0.007295650633154653 209
4190 0.007286468227643613 209.5
4200 0.007276938118962233 210
4210 0.007267116350723257 210.5
4220 0.007257095397637353 211
4230 0.007247019776643508 211.5
4240 0.007237018219950211 212
4250 0.007227205460299825 212.5
4260 0.007217687139964315 213
4270 0.007208529212641812 213.5
4280 0.00719973051554133 214
4290 0.007191330287195282 214.5
4300 0.007183432281715962 215
4310 0.007176113560469858 215.5
4320 0.007169422508402066 216
4330 0.00716341862716381 216.5
4340 0.007158091786914998 217
4350 0.007153399551598582 217.5
4360 0.007149313098408794 218
4370 0.007145817629661646 218.5
4380 0.007142901739996637 219
4390 0.007140545159484007 219.5
4400 0.007138723282883161 220
4410 0.007137458914605958 220.5
4420 0.007136785635497749 221
4430 0.007136699897494657 221.5
4440 0.007137220923193456 222
4450 0.007138374517337006 222.5
4460 0.007140153515936555 223
4470 0.007142531924984502 223.5
4480 0.007145462695906836 224
4490 0.007148891783504787 224.5
4500 0.007152762742880504 225
4510 0.007157001989395442 225.5
4520 0.007161579281720709 226
4530 0.007166467889107036 226.5
4540 0.007171629825806309 227
4550 0.007177042598790473 227.5
4560 0.007182705358255611 228
4570 0.007188637804405412 228.5
4580 0.00719483624566176 229
4590 0.007201296507976389 229.5
4600 0.007207998458489196 230
4610 0.00721492973221658 230.5
4620 0.007222116739179213 231
4630 0.007229541230227 231.5
4640 0.007237132101859772 232
4650 0.007244837389796623 232.5
4660 0.007252612518848644 233
4670 0.007260416717286327 233.5
4680 0.007268228951395743 234
4690 0.007276022822474502 234.5
4700 0.007283797660915829 235
4710 0.00729152272360872 235.5
4720 0.007299181934511999 236
4730 0.007306811523091877 236.5
4740 0.007314422583478848 237
4750 0.007321996581260728 237.5
4760 0.007329501907353954 238
4770 0.007336939906263535 238.5
4780 0.007344278701092941 239
4790 0.007351469133730915 239.5
4800 0.007358482093210606 240
4810 0.007365311748857695 240.5
4820 0.007371963599918301 241
4830 0.007378440363080644 241.5
4840 0.007384738454564429 242
4850 0.007390865754873903 242.5
4860 0.007396816397704605 243
4870 0.007402616208677242 243.5
4880 0.007408286840333633 244
4890 0.007413828085212884 244.5
4900 0.00741920213986003 245
4910 0.007424392495612974 245.5
4920 0.007429404445887495 246
4930 0.007434232216706237 246.5
4940 0.007438865642403216 247
4950 0.007443299370867952 247.5
4960 0.007447530095034961 248
4970 0.007451561069924781 248.5
4980 0.007455384424286253 249
4990 0.00745899280429608 249.5
5000 0.007462383376659326 250
5010 0.007465551572530804 250.5
5020 0.007468497976361499 251
5030 0.007471232971701344 251.5
5040 0.007473765293852694 252
5050 0.007476097537918557 252.5
5060 0.007478241306789592 253
5070 0.007480203998787347 253.5
5080 0.007481977091461424 254
5090 0.00748354696789766 254.5
5100 0.007484901259837614 255
5110 0.007486032250708782 255.5
5120 0.007486935724955367 256
5130 0.007487611102595907 256.5
5140 0.007488053707076376 257
5150 0.007488265231615969 257.5
5160 0.007488258455682928 258
5170 0.007488032311289876 258.5
5180 0.007487576398052542 259
5190 0.007486888034899041 259.5
5200 0.007485965997385597 260
5210 0.007484808876866166 260.5
5220 0.0074834190579299 261
5230 0.007481798517591033 261.5
5240 0.007479949475450207 262
5250 0.007477878541173386 262.5
5260 0.007475588641180418 263
5270 0.007473079425972743 263.5
5280 0.007470351720707364 264
5290 0.007467402083291754 264.5
5300 0.007464238389872112 265
5310 0.007460870402013007 265.5
5320 0.007457303656117083 266
5330 0.007453545744727558 266.5
5340 0.007449604807048178 267
5350 0.007445501166598477 267.5
5360 0.007441248034272335 268
5370 0.007436852090434955 268.5
5380 0.007432316993761076 269
5390 0.007427643783329403 269.5
5400 0.007422836821528319 270
5410 0.007417896932338005 270.5
5420 0.007412829300809833 271
5430 0.007407640943144233 271.5
5440 0.00740234889434022 272
5450 0.007396956596859973 272.5
5460 0.007391461441271699 273
5470 0.007385872656090232 273.5
5480 0.007380195153590147 274
5490 0.007374436037111974 274.5
5500 0.007368602922068164 275
5510 0.007362690330908319 275.5
5520 0.007356695469193647 276
5530 0.007350614376609685 276.5
5540 0.007344446098223983 277
5550 0.007338205126245391 277.5
5560 0.007331896365357798 278
5570 0.007325514568826518 278.5
5580 0.007319056319122893 279
5590 0.007312539918722866 279.5
5600 0.007305984938681521 280
5610 0.007299386325882127 280.5
5620 0.00729274719403891 281
5630 0.007286075769245151 281.5
5640 0.007279394359341011 282
5650 0.007272731174247609 282.5
5660 0.00726609192829404 283
5670 0.007259488623040202 283.5
5680 0.00725296426291998 284
5690 0.007246551548224878 284.5
5700 0.007240261265848767 285
5710 0.007234090373239303 285.5
5720 0.00722802985633802 286
5730 0.007222061098643451 286.5
5740 0.007216173914285751 287
5750 0.007210354287909236 287.5
5760 0.007204600957170865 288
5770 0.007198918205912217 288.5
5780 0.007193327034298877 289
5790 0.007187856831133134 289.5
5800 0.007182526524199249 290
5810 0.007177352673637181 290.5
5820 0.007172359681815193 291
5830 0.007167583255646892 291.5
5840 0.007163046241757194 292
5850 0.007158766677745801 292.5
5860 0.007154733240295614 293
5870 0.007150921663194434 293.5
5880 0.007147330376502407 294
5890 0.007143957491121592 294.5
5900 0.007140810569476974 295
5910 0.007137882405554808 295.5
5920 0.007135160491083544 296
5930 0.007132631909779317 296.5
5940 0.007130281072275616 297
5950 0.007128096765198938 297.5
5960 0.007126065628479526 298
5970 0.007124181958701565 298.5
5980 0.007122438205866937 299
5990 0.007120817952247079 299.5
6000 0.007119299182487477 300
