0 0 0
10 1.279224605604382e-38 0.5
20 1.596962575673727e-51 1
30 1.294234863100374e-193 1.5
40 0 2
50 0 2.5
60 0 3
70 7.8045913588875e-34 3.5
80 5.232315152690453e-34 4
90 2.768461030543916e-30 4.5
100 2.139253018905071e-28 5
110 5.34312209495007e-26 5.5
120 1.360840778435562e-23 6
130 4.172544426244131e-22 6.5
140 7.665904666546282e-21 7
150 4.860452157240903e-20 7.5
160 2.170975771425086e-19 8
170 8.760004026408925e-19 8.5
180 3.516860147431151e-18 9
190 1.337662621057832e-17 9.5
200 4.740481128200888e-17 10
210 1.531693085096789e-16 10.5
220 2.067611036040285e-15 11
230 2.076941512499395e-14 11.5
240 9.54984565647503e-14 12
250 2.98151305116522e-13 12.5
260 7.731759735247462e-13 13
270 1.924469100777793e-12 13.5
280 5.227592794999618e-12 14
290 1.605070786796497e-11 14.5
300 5.31239996162258e-11 15
310 1.754478123034147e-10 15.5
320 5.576332934224165e-10 16
330 1.671884628585891e-09 16.5
340 4.690368786737196e-09 17
350 1.253119454839113e-08 17.5
360 3.222885791495041e-08 18
370 7.960737687157912e-08 18.5
380 1.854420054893936e-07 19
390 3.994854161010032e-07 19.5
400 7.900172059593977e-07 20
410 1.438248137228897e-06 20.5
420 2.426244020185284e-06 21
430 3.826406453893676e-06 21.5
440 5.692386344267831e-06 22
450 8.048264395093364e-06 22.5
460 1.088780452435427e-05 23
470 1.417709903953977e-05 23.5
480 1.785630131128622e-05 24
490 2.185209334048511e-05 24.5
500 2.607679660873071e-05 25
510 3.04593872420974e-05 25.5
520 3.494623454125031e-05 26
530 3.950011412570883e-05 26.5
540 4.408477111275428e-05 27
550 4.868172440718961e-05 27.5
560 5.328333360484619e-05 28
570 5.789785651943715e-05 28.5
580 6.25795765129937e-05 29
590 6.742430020421744e-05 29.5
600 7.255928861064558e-05 30
610 7.812591476089987e-05 30.5
620 8.427383280567705e-05 31
630 9.115037110706711e-05 31.5
640 9.89027819964259e-05 32
650 0.0001076710768995303 32.5
660 0.0001175781540605387 33
670 0.0001287021413407151 33.5
680 0.0001410768807386326 34
690 0.0001546953861709276 34.5
700 0.0001695010708467205 35
710 0.0001853840733907534 35.5
720 0.0002022058673998 36
730 0.0002198012603350308 36.5
740 0.0002379692853375659 37
750 0.0002565050534020025 37.5
760 0.0002752086878279722 38
770 0.0002938882791511788 38.5
780 0.0003123733253121919 39
790 0.0003305069172192307 39.5
800 0.0003481826529686922 40
810 0.0003653155516438663 40.5
820 0.0003818239918670164 41
830 0.0003976670093417087 41.5
840 0.0004128064998384826 42
850 0.0004272311578023554 42.5
860 0.0004409656988483434 43
870 0.0004540454102562222 43.5
880 0.0004665417576179792 44
890 0.0004784928158791408 44.5
900 0.0004899592631576588 45
910 0.0005010512815420303 45.5
920 0.0005119243197990653 46
930 0.0005226919286344197 46.5
940 0.0005334244358719384 47
950 0.0005441723072469252 47.5
960 0.0005550173605930355 48
970 0.0005660213697667209 48.5
980 0.0005772115403718556 49
990 0.0005885937518896802 49.5
1000 0.0006001897708832324 50
1010 0.0006120040266524905 50.5
1020 0.0006240154442422031 51
1030 0.0006362058609485776 51.5
1040 0.0006485475020435214 52
1050 0.0006610126602819634 52.5
1060 0.0006735778508335832 53
1070 0.0006862406204945103 53.5
1080 0.0006989896670211398 54
1090 0.0007118157231389599 54.5
1100 0.0007246890229376834 55
1110 0.0007375729715370725 55.5
1120 0.0007504252340875516 56
1130 0.0007631832401697258 56.5
1140 0.0007757689956508408 57
1150 0.0007881082378619563 57.5
1160 0.0008001310273045193 58
1170 0.0008117918302024624 58.5
1180 0.0008230318689053038 59
1190 0.0008338119419280727 59.5
1200 0.00084410206957652 60
1210 0.0008538691939244965 60.5
1220 0.0008630855740117878 61
1230 0.000871743888554256 61.5
1240 0.000879838827082653 62
1250 0.0008873473454582169 62.5
1260 0.0008942381354127217 63
1270 0.0009004948657765736 63.5
1280 0.0009061087420743594 64
1290 0.0009110668911884201 64.5
1300 0.0009154043046101036 65
1310 0.0009191612644643425 65.5
1320 0.0009223751257043399 66
1330 0.0009251113980988245 66.5
1340 0.0009274362169826133 67
1350 0.0009294104460160286 67.5
1360 0.000931091994578219 68
1370 0.0009325445713671149 68.5
1380 0.0009338188285472509 69
1390 0.0009349542252193382 69.5
1400 0.0009359905223887623 70
1410 0.0009369476355331611 70.5
1420 0.0009378619674800481 71
1430 0.0009387880857958307 71.5
1440 0.0009397576557968926 72
1450 0.0009407912174439841 72.5
1460 0.0009419079962584184 73
1470 0.000943133023120909 73.5
1480 0.0009444870869775356 74
1490 0.0009459956490148497 74.5
1500 0.0009476801366995783 75
1510 0.000949560927906442 75.5
1520 0.0009516502803676094 76
1530 0.0009539643543359274 76.5
1540 0.0009565327042280154 77
1550 0.0009593719075837464 77.5
1560 0.0009624884014259083 78
1570 0.0009658922495748771 78.5
1580 0.000969604866422579 79
1590 0.0009736443834641941 79.5
1600 0.0009780277912500104 80
1610 0.0009827663185095431 80.5
1620 0.0009878679314540462 81
1630 0.0009933392852717231 81.5
1640 0.0009991899655148082 82
1650 0.001005451308374872 82.5
1660 0.001012171750891811 83
1670 0.001019382331358763 83.5
1680 0.00102711248837365 84
1690 0.00103539089787916 84.5
1700 0.001044246362409694 85
1710 0.001053686964608065 85.5
1720 0.001063723496201375 86
1730 0.001074363839876179 86.5
1740 0.001085638646758692 87
1750 0.00109759189992597 87.5
1760 0.00111018838662775 88
1770 0.001123402958475232 88.5
1780 0.001137329611291962 89
1790 0.001152047558409963 89.5
1800 0.001167632858958506 90
1810 0.001184050863943642 90.5
1820 0.001201237612917852 91
1830 0.001219184333450251 91.5
1840 0.001237926188135399 92
1850 0.001257481709374167 92.5
1860 0.001277903779391376 93
1870 0.001299132932735604 93.5
1880 0.001321076860737761 94
1890 0.001343685455710342 94.5
1900 0.001366945147916755 95
1910 0.001390857042793613 95.5
1920 0.001415385227101354 96
1930 0.001440505295140126 96.5
1940 0.001466175800081268 97
1950 0.001492338611055166 97.5
1960 0.001518950650342867 98
1970 0.001545967183180486 98.5
1980 0.001573368306894629 99
1990 0.001601100116439722 99.5
2000 0.001629069191162998 100
2010 0.001657295850954094 100.5
2020 0.001685727178004055 101
2030 0.001714318355373695 101.5
2040 0.001743025878205656 102
2050 0.001771768339911508 102.5
2060 0.001800417327117635 103
2070 0.001828850321216429 103.5
2080 0.001856955760846562 104
2090 0.001884668125401857 104.5
2100 0.001911966973546825 105
2110 0.001938848703835535 105.5
2120 0.001965299696370292 106
2130 0.001991281941504388 106.5
2140 0.002016751290180839 107
2150 0.002041679735083935 107.5
2160 0.002066026109884713 108
2170 0.002089740634587164 108.5
2180 0.00211277381397938 109
2190 0.002135076982477353 109.5
2200 0.002156600039567423 110
2210 0.00217729985262153 110.5
2220 0.002197141336901452 111
2230 0.002216125695654767 111.5
2240 0.002234252332790881 112
2250 0.002251528066559515 112.5
2260 0.002267993941263171 113
2270 0.002283719885269374 113.5
2280 0.002298784163353526 114
2290 0.002313250651227986 114.5
2300 0.002327181695659404 115
2310 0.002340615313405291 115.5
2320 0.002353567819003477 116
2330 0.002366064765990786 116.5
2340 0.002378099720275154 117
2350 0.002389677369473992 117.5
2360 0.002400823556445127 118
2370 0.002411559630122387 118.5
2380 0.002421898997786431 119
2390 0.00243186662794262 119.5
2400 0.002441494372530121 120
2410 0.002450766539890915 120.5
2420 0.002459671989182103 121
2430 0.002468207040746576 121.5
2440 0.002476403010350701 122
2450 0.002484301450212388 122.5
2460 0.00249194306428641 123
2470 0.002499343254289517 123.5
2480 0.002506480183461661 124
2490 0.002513421690546465 124.5
2500 0.002520258370424747 125
2510 0.002527055258832257 125.5
2520 0.002533860650776581 126
2530 0.002540637702119902 126.5
2540 0.002547275354434585 127
2550 0.002553752852164446 127.5
2560 0.002560118254509915 128
2570 0.002566442388187026 128.5
2580 0.002572815197940607 129
2590 0.002579279879263899 129.5
2600 0.002585857337518031 130
2610 0.002592597174108028 130.5
2620 0.002599502630969914 131
2630 0.002606536556077563 131.5
2640 0.002613705534937146 132
2650 0.002621025129104595 132.5
2660 0.002628440016939594 133
2670 0.002635909111712475 133.5
2680 0.002643423898466766 134
2690 0.002650972130564343 134.5
2700 0.002658502477406267 135
2710 0.002665989304244189 135.5
2720 0.002673426134659954 136
2730 0.002680825562538506 136.5
2740 0.002688173720530883 137
2750 0.002695453494671385 137.5
2760 0.002702650688833482 138
2770 0.002709765304041262 138.5
2780 0.002716813476231184 139
2790 0.002723790558254216 139.5
2800 0.00273068982317428 140
2810 0.00273754573931802 140.5
2820 0.00274440346830335 141
2830 0.002751272690118697 141.5
2840 0.002758159929622428 142
2850 0.002765073682749688 142.5
2860 0.002772001511925534 143
2870 0.002778823859984438 143.5
2880 0.002785437148484831 144
2890 0.002791816510360738 144.5
2900 0.002797988254699603 145
2910 0.002803967075811335 145.5
2920 0.002809735289067725 146
2930 0.002815290055784504 146.5
2940 0.002820646967685534 147
2950 0.002825813727196445 147.5
2960 0.002830791460186775 148
2970 0.00283559487758574 148.5
2980 0.002840243874346106 149
2990 0.002844750000611415 149.5
3000 0.002849125996015362 150
3010 0.002853398500429063 150.5
3020 0.002857589369142657 151
3030 0.002861720327451309 151.5
3040 0.002865826739143482 152
3050 0.002869898975150635 152.5
3060 0.002873954069819256 153
3070 0.002878002940576822 153.5
3080 0.002882042910345046 154
3090 0.002886058138150071 154.5
3100 0.002890031631151196 155
3110 0.002893941962519899 155.5
3120 0.002897750179722682 156
3130 0.002901364372967939 156.5
3140 0.002904726486913101 157
3150 0.002907792018846353 157.5
3160 0.002910510039525725 158
3170 0.002912854105814169 158.5
3180 0.002914768821781994 159
3190 0.002916235982063861 159.5
3200 0.00291725907845186 160
3210 0.002917873448586946 160.5
3220 0.002918081120554322 161
3230 0.002917856872599617 161.5
3240 0.002917165386712486 162
3250 0.002916037915984226 162.5
3260 0.002914511027264105 163
3270 0.002912613297002296 163.5
3280 0.002910403666673666 164
3290 0.00290793079511468 164.5
3300 0.002905245367069113 165
3310 0.002902390964325253 165.5
3320 0.002899407720029652 166
3330 0.002896339549529141 166.5
3340 0.002893230541485563 167
3350 0.002890127286686216 167.5
3360 0.002887057982081818 168
3370 0.00288403629533522 168.5
3380 0.002881063762461083 169
3390 0.002878121121315972 169.5
3400 0.002875209478157677 170
3410 0.002872339683524861 170.5
3420 0.002869507104591366 171
3430 0.002866691497543119 171.5
3440 0.002863855367978102 172
3450 0.002860973111339365 172.5
3460 0.002858046505508722 173
3470 0.00285509028342684 173.5
3480 0.002852121556405614 174
3490 0.002849152674034641 174.5
3500 0.002846178863368027 175
3510 0.002843219370193408 175.5
3520 0.002840336517285223 176
3530 0.002837546477755078 176.5
3540 0.002834871539979178 177
3550 0.002832324797237685 177.5
3560 0.002829914307176419 178
3570 0.002827638285255133 178.5
3580 0.002825468042279245 179
3590 0.002823364163146421 179.5
3600 0.00282131958291975 180
3610 0.002819320482543782 180.5
3620 0.002817344259318716 181
3630 0.002815413023438174 181.5
3640 0.002813583387479827 182
3650 0.002811943465215648 182.5
3660 0.002810556013752177 183
3670 0.002809456391397478 183.5
3680 0.002808673768168 184
3690 0.00280822432240466 184.5
3700 0.002808105489698979 185
3710 0.002808307529786361 185.5
3720 0.002808826339049744 186
3730 0.0028096602161949 186.5
3740 0.002810795966140308 187
3750 0.00281217331105865 187.5
3760 0.002813755398906567 188
3770 0.002815522753702752 188.5
3780 0.002817419023405867 189
3790 0.002819398402348265 189.5
3800 0.002821445256788511 190
3810 0.002823539938523747 190.5
3820 0.002825664562889849 191
3830 0.002827805605687793 191.5
3840 0.002829961435600517 192
3850 0.002832130917307315 192.5
3860 0.002834303062942562 193
3870 0.002836469689223843 193.5
3880 0.002838620720097708 194
3890 0.002840757137459613 194.5
3900 0.002842883490879495 195
3910 0.002844989238027168 195.5
3920 0.002847049749400594 196
3930 0.002849037991145559 196.5
3940 0.002850934092919391 197
3950 0.00285271541171394 197.5
3960 0.002854354516334162 198
3970 0.002855834494271118 198.5
3980 0.002857156362597275 199
3990 0.002858321963446088 199.5
4000 0.002859325132820393 200
4010 0.002860157155083939 200.5
4020 0.00286080365283517 201
4030 0.002861241780662905 201.5
4040 0.002861461100938598 202
4050 0.002861443637133707 202.5
4060 0.002861161909522898 203
4070 0.002860615674246615 203.5
4080 0.002859797159120955 204
4090 0.002858709293780567 204.5
4100 0.002857342591339615 205
4110 0.002855687881855855 205.5
4120 0.002853736321109569 206
4130 0.002851490730282398 206.5
4140 0.002848958477231284 207
4150 0.002846161001633479 207.5
4160 0.002843157386742796 208
4170 0.002839958329193015 208.5
4180 0.002836566636318677 209
4190 0.002832996494816094 209.5
4200 0.002829291165478743 210
4210 0.002825472438198996 210.5
4220 0.002821576267368335 211
4230 0.00281765884152266 211.5
4240 0.002813770212056423 212
4250 0.002809954987337738 212.5
4260 0.002806254241337813 213
4270 0.002802693617014221 213.5
4280 0.00279927266227101 214
4290 0.002796006633144619 214.5
4300 0.0027929358694852 215
4310 0.002790090332938689 215.5
4320 0.002787488835688929 216
4330 0.002785154512122026 216.5
4340 0.002783083423731621 217
4350 0.002781259071275952 217.5
4360 0.002779670248378326 218
4370 0.00277831120166337 218.5
4380 0.002777177496699297 219
4390 0.002776261252488322 219.5
4400 0.002775552902453308 220
4410 0.002775061313004817 220.5
4420 0.002774799540456856 221
4430 0.002774766205313595 221.5
4440 0.002774968781367218 222
4450 0.002775417301564248 222.5
4460 0.002776108980528508 223
4470 0.002777033711726883 223.5
4480 0.002778173202559847 224
4490 0.002779506440123219 224.5
4500 0.002781011478504005 225
4510 0.002782659707816516 225.5
4520 0.002784439370158833 226
4530 0.002786340072550899 226.5
4540 0.002788347046041846 227
4550 0.002790451545287886 227.5
4560 0.002792653239883199 228
4570 0.002794959789314693 228.5
4580 0.002797369758287856 229
4590 0.002799881523922612 229.5
4600 0.002802487258514191 230
4610 0.002805182154527021 230.5
4620 0.002807976480241104 231
4630 0.002810863140342685 231.5
4640 0.002813814489618684 232
4650 0.002816810324230826 232.5
4660 0.002819833313237702 233
4670 0.00282286760449213 233.5
4680 0.00282590502003519 234
4690 0.002828935295987455 234.5
4700 0.002831958172004189 235
4710 0.002834961695089374 235.5
4720 0.002837939614839264 236
4730 0.002840906017358071 236.5
4740 0.002843865216070599 237
4750 0.002846810004752502 237.5
4760 0.002849728093715533 238
4770 0.002852620005706495 238.5
4780 0.002855473346910812 239
4790 0.002858269004535765 239.5
4800 0.002860995660166936 240
4810 0.002863651046824027 240.5
4820 0.002866237302627249 241
4830 0.002868755483831562 241.5
4840 0.002871204197054506 242
4850 0.00287358650625522 242.5
4860 0.002875900130600321 243
4870 0.00287815511115369 243.5
4880 0.002880359866476028 244
4890 0.002882514315906039 244.5
4900 0.00288460376136887 245
4910 0.002886621784256715 245.5
4920 0.002888570442662449 246
4930 0.002890447491649691 246.5
4940 0.002892248978782886 247
4950 0.002893972823148516 247.5
4960 0.00289561773895151 248
4970 0.002897184991751739 248.5
4980 0.002898671521187687 249
4990 0.002900074468075045 249.5
5000 0.002901392730821879 250
5010 0.002902624533050116 250.5
5020 0.002903770101995713 251
5030 0.002904833474808035 251.5
5040 0.002905818047793793 252
5050 0.002906724829935322 252.5
5060 0.002907558332464612 253
5070 0.002908321431867002 253.5
5080 0.002909010814593133 254
5090 0.0029096211863538 254.5
5100 0.002910147738340165 255
5110 0.002910587470330148 255.5
5120 0.002910938743305445 256
5130 0.002911201331767859 256.5
5140 0.002911373417461859 257
5150 0.002911455658715167 257.5
5160 0.002911453024215989 258
5170 0.002911365098728246 258.5
5180 0.002911187838557344 259
5190 0.002910920201296039 259.5
5200 0.002910561710877627 260
5210 0.002910111819617113 260.5
5220 0.002909571454648536 261
5230 0.002908941384639817 261.5
5240 0.002908222472577064 262
5250 0.002907417288314409 262.5
5260 0.002906526969650979 263
5270 0.002905551380700888 263.5
5280 0.002904490842287175 264
5290 0.002903344016115931 264.5
5300 0.002902113964451873 265
5310 0.002900804482614949 265.5
5320 0.002899417723171915 266
5330 0.002897956638121964 266.5
5340 0.002896424392007225 267
5350 0.002894828886661318 267.5
5360 0.00289317525851178 268
5370 0.002891466104900781 268.5
5380 0.002889702848329921 269
5390 0.002887885892795518 269.5
5400 0.002886016934404741 270
5410 0.00288409629352308 270.5
5420 0.002882125986111066 271
5430 0.00288010874008442 271.5
5440 0.002878051178692018 272
5450 0.002875954640371492 272.5
5460 0.002873818110569442 273
5470 0.002871645177354787 273.5
5480 0.002869437750631779 274
5490 0.00286719859219642 274.5
5500 0.002864930662939517 275
5510 0.002862631833176206 275.5
5520 0.002860301016421919 276
5530 0.0028579366728968 276.5
5540 0.002855538431320799 277
5550 0.002853111926299818 277.5
5560 0.002850659064786831 278
5570 0.002848177806838687 278.5
5580 0.002845666823711964 279
5590 0.002843133231453638 279.5
5600 0.002840584639337328 280
5610 0.002838019082699008 280.5
5620 0.002835437772158313 281
5630 0.002832843906040234 281.5
5640 0.002830246157687054 282
5650 0.00282765549518443 282.5
5660 0.002825074140277353 283
5670 0.002822506759201381 283.5
5680 0.002819970072184565 284
5690 0.002817476793179442 284.5
5700 0.002815031116156475 285
5710 0.002812631858163944 285.5
5720 0.002810275514514085 286
5730 0.002807954847066038 286.5
5740 0.002805665895528938 287
5750 0.002803403210698548 287.5
5760 0.002801166301772837 288
5770 0.002798956834319787 288.5
5780 0.00279678297325464 289
5790 0.002794656145014905 289.5
5800 0.002792583708768947 290
5810 0.002790572103139291 290.5
5820 0.002788630815825819 291
5830 0.002786773729763026 291.5
5840 0.002785009727774013 292
5850 0.00278334582292123 292.5
5860 0.002781777612671567 293
5870 0.002780295662262945 293.5
5880 0.002778899361298948 294
5890 0.002777587975293721 294.5
5900 0.002776364444536414 295
5910 0.00277522596731143 295.5
5920 0.002774167680372495 296
5930 0.002773184561837159 296.5
5940 0.002772270550521965 297
5950 0.002771421286640136 297.5
5960 0.002770631575764192 298
5970 0.002769899200392252 298.5
5980 0.00276922122506676 299
5990 0.002768591266535086 299.5
6000 0.002768000765174075 300
