0 0 0
5 2.607729512433181e-37 0.5
10 1.913129540880368e-44 1
15 5.849601455105073e-44 1.5
20 3.766359227859722e-43 2
25 3.327183758994975e-42 2.5
30 3.150059496099625e-41 3
35 9.452630098504594e-42 3.5
43 9.753754112195377e-149 4
53 4.296020823287949e-259 4.5
63 7.417905736267341e-45 5
73 6.194634572401502e-43 5.5
83 1.314749398948593e-41 6
93 8.11635838312966e-41 6.5
103 9.357691000252377e-25 7
113 7.911783117713549e-21 7.5
123 4.178624327902015e-18 8
133 3.627242446588851e-16 8.5
143 3.747791406205317e-15 9
153 1.707096728268445e-14 9.5
163 5.181749767875475e-14 10
173 1.241916625542209e-13 10.5
183 2.537764633187942e-13 11
193 4.602244158101089e-13 11.5
203 7.598104386802157e-13 12
213 1.162321440853833e-12 12.5
223 1.668048494358397e-12 13
233 2.267780184250643e-12 13.5
243 2.943353401555764e-12 14
253 3.667600066601294e-12 14.5
263 4.405657721222467e-12 15
273 5.124672448144531e-12 15.5
283 5.832436100634842e-12 16
293 6.677164823306587e-12 16.5
303 8.142533425835512e-12 17
313 1.145889760311401e-11 17.5
323 1.951061915944414e-11 18
333 3.900344043903082e-11 18.5
343 8.665469775773602e-11 19
353 2.095419965892843e-10 19.5
363 5.550669266515975e-10 20
373 1.603260627753828e-09 20.5
383 4.873289959862585e-09 21
393 1.478243564644721e-08 21.5
403 4.261918208426358e-08 22
413 1.131265673020674e-07 22.5
423 2.724824157264058e-07 23
433 5.936001861815491e-07 23.5
443 1.173935337673978e-06 24
453 2.124075038677553e-06 24.5
463 3.550951870063919e-06 25
473 5.541983660627075e-06 25.5
483 8.15416325963037e-06 26
493 1.141389179295268e-05 26.5
503 1.532562865772442e-05 27
513 1.988803220016317e-05 27.5
523 2.51141946458576e-05 28
533 3.104977676951276e-05 28.5
543 3.778738191186212e-05 29
553 4.546603400353676e-05 29.5
563 5.426288267515072e-05 30
573 6.436461318292526e-05 30.5
583 7.593856914530789e-05 31
593 8.90907064817489e-05 31.5
603 0.0001038459470865706 32
613 0.0001201525960877314 32.5
623 0.0001378980102559495 33
633 0.0001569604490168849 33.5
643 0.000177233550272746 34
653 0.0001986414814829401 34.5
663 0.0002211629773047798 35
673 0.0002448334021140518 35.5
683 0.0002697447472493205 36
693 0.0002960610522994845 36.5
703 0.0003240312507149457 37
713 0.0003539884393116685 37.5
723 0.0003863218044199212 38
733 0.0004214474527006149 38.5
743 0.000459752559566547 39
753 0.0005015535242176971 39.5
763 0.0005470571314462857 40
773 0.0005963322008151648 40.5
783 0.0006492640133865839 41
793 0.0007054865449224724 41.5
803 0.0007643018436041476 42
813 0.0008246372562399821 42.5
823 0.0008852282665124412 43
833 0.0009448514277853031 43.5
843 0.001002577276034121 44
853 0.001057869131554083 44.5
863 0.001110499440556664 45
873 0.001160484461705759 45.5
883 0.001208003012382789 46
893 0.001253349080310196 46.5
903 0.001296900036593562 47
913 0.001339060180836738 47.5
923 0.001380200021009074 48
933 0.001420643937659038 48.5
943 0.001460686054056022 49
953 0.001500620415439691 49.5
963 0.001540704651817374 50
973 0.001581197654161748 50.5
983 0.001622326330598763 51
993 0.001664259186311108 51.5
1003 0.001707113866583993 52
1013 0.001750975300506127 52.5
1023 0.001795894334982301 53
1033 0.001841883621219574 53.5
1043 0.001888915603087375 54
1053 0.001936892733728799 54.5
1063 0.001985671919837881 55
1073 0.002035102062989992 55.5
1083 0.002085003047334317 56
1093 0.00213514739704394 56.5
1103 0.002185260702945965 57
1113 0.002235085444267125 57.5
1123 0.002284401085153444 58
1133 0.002332986054945874 58.5
1143 0.002380617854511203 59
1153 0.002427028075387408 59.5
1163 0.002471953403196942 60
1173 0.002515226003916331 60.5
1183 0.002556805069312246 61
1193 0.002596722008553309 61.5
1203 0.002635055323504225 62
1213 0.002671919343856722 62.5
1223 0.002707447681052418 63
1233 0.002741744258657619 63.5
1243 0.002774840772779744 64
1253 0.002806727346534085 64.5
1263 0.002837364891735591 65
1273 0.002866686053099594 65.5
1283 0.002894603137547957 66
1293 0.002920990307154133 66.5
1303 0.002945740942154525 67
1313 0.002968776334190524 67.5
1323 0.002990030598043248 68
1333 0.003009400365932906 68.5
1343 0.003026804916608055 69
1353 0.003042238828898504 69.5
1363 0.003055806831831596 70
1373 0.003067708739513514 70.5
1383 0.003078195997264533 71
1393 0.003087547791787747 71.5
1403 0.003096036999111714 72
1413 0.003103914818881331 72.5
1423 0.003111391584159066 73
1433 0.003118655288763911 73.5
1443 0.003125815717069209 74
1453 0.003132920260643744 74.5
1463 0.003139988173857144 75
1473 0.003147024827528169 75.5
1483 0.003154067030167218 76
1493 0.003161214548505864 76.5
1503 0.003168573930448167 77
1513 0.003176223675336768 77.5
1523 0.003184185217150446 78
1533 0.003192434149231813 78.5
1543 0.003200934882000582 79
1553 0.003209669205378218 79.5
1563 0.003218633871151266 80
1573 0.00322784017922377 80.5
1583 0.003237299903511126 81
1593 0.003247016162036914 81.5
1603 0.003256980968409674 82
1613 0.003267161951925973 82.5
1623 0.003277518403517757 83
1633 0.003288034798125338 83.5
1643 0.00329867429081649 84
1653 0.003309386919797888 84.5
1663 0.003320132436637888 85
1673 0.00333087134428082 85.5
1683 0.003341566141097836 86
1693 0.003352178853826305 86.5
1703 0.003362671099108984 87
1713 0.003373006491248626 87.5
1723 0.003383155160647789 88
1733 0.003393096712809238 88.5
1743 0.003402813953423058 89
1753 0.003412290869253938 89.5
1763 0.00342151235758422 90
1773 0.003430468981142107 90.5
1783 0.003439149630812176 91
1793 0.003447542064517021 91.5
1803 0.003455637176383568 92
1813 0.003463426848069203 92.5
1823 0.003470903587434292 93
1833 0.003478061260580657 93.5
1843 0.003484892156999613 94
1853 0.003491387933276145 94.5
1863 0.003497542640053742 95
1873 0.003503349468898084 95.5
1883 0.003508799765730539 96
1893 0.003513884072259946 96.5
1903 0.003518592953752664 97
1913 0.003522916754657377 97.5
1923 0.003526845464198579 98
1933 0.003530370484098531 98.5
1943 0.003533488057781959 99
1953 0.003536198786343395 99.5
1963 0.003538510002510222 100
1973 0.003540433004962368 100.5
1983 0.003541982362249997 101
1993 0.003543176825085144 101.5
2003 0.00354404061062842 102
2013 0.003544603799502157 102.5
2023 0.003544901944851831 103
2033 0.003544970782294441 103.5
2043 0.003544841077713617 104
2053 0.003544541731645443 104.5
2063 0.003544101358384942 105
2073 0.003543547416911762 105.5
2083 0.003542907233983557 106
2093 0.003542205401560586 106.5
2103 0.003541462103664704 107
2113 0.003540690489416143 107.5
2123 0.003539898160216168 108
2133 0.00353909149545234 108.5
2143 0.003538282125231092 109
2153 0.003537491943863275 109.5
2163 0.003536758078295384 110
2173 0.00353612946881384 110.5
2183 0.003535660731385796 111
2193 0.003535398962522554 111.5
2203 0.003535374077337634 112
2213 0.003535596581801601 112.5
2223 0.003536061982458162 113
2233 0.003536755944473234 113.5
2243 0.003537658964885053 114
2253 0.00353874923878856 114.5
2263 0.003540002563531573 115
2273 0.0035413949072853 115.5
2283 0.003542903620598567 116
2293 0.003544509144314515 116.5
2303 0.003546194323106662 117
2313 0.003547945032684928 117.5
2323 0.003549748630148094 118
2333 0.003551593914904294 118.5
2343 0.003553471511988261 119
2353 0.003555372964551138 119.5
2363 0.003557292541052346 120
2373 0.003559226281561767 120.5
2383 0.003561169626696896 121
2393 0.003563118789777523 121.5
2403 0.003565070628339145 122
2413 0.003567021423118572 122.5
2423 0.003568967717072968 123
2433 0.00357090538373007 123.5
2443 0.003572829484502002 124
2453 0.003574735216397503 124.5
2463 0.003576617835210227 125
2473 0.003578472259425944 125.5
2483 0.003580293859591139 126
2493 0.003582077625297692 126.5
2503 0.003583818935670904 127
2513 0.003585513232354551 127.5
2523 0.003587156522216361 128
2533 0.003588745787095404 128.5
2543 0.003590279511962145 129
2553 0.003591757948632264 129.5
2563 0.003593181770613412 130
2573 0.003594553227112681 130.5
2583 0.00359587618186843 131
2593 0.003597155890194018 131.5
2603 0.003598399007998887 132
2613 0.003599612568271068 132.5
2623 0.003600802688654449 133
2633 0.00360197455528054 133.5
2643 0.003603132449138375 134
2653 0.003604279640183046 134.5
2663 0.003605418412795333 135
2673 0.003606550319177247 135.5
2683 0.003607676574126813 136
2693 0.003608797147576899 136.5
2703 0.00360991154285165 137
2713 0.003611017926758393 137.5
2723 0.003612113064244391 138
2733 0.003613192928146218 138.5
2743 0.003614253670729994 139
2753 0.003615291185796901 139.5
2763 0.003616300217269284 140
2773 0.003617275728417648 140.5
2783 0.003618213657125546 141
2793 0.0036191102827226 141.5
2803 0.003619962222761185 142
2813 0.003620766448797074 142.5
2823 0.00362152019538167 143
2833 0.003622219608570143 143.5
2843 0.003622860625861733 144
2853 0.003623440324943166 144.5
2863 0.003623955793729349 145
2873 0.00362440366990003 145.5
2883 0.003624779553721768 146
2893 0.003625078826052455 146.5
2903 0.003625296925665749 147
2913 0.003625431597353272 147.5
2923 0.003625483025499193 148
2933 0.003625453632953841 148.5
2943 0.003625345861631438 149
2953 0.003625161567323093 149.5
2963 0.003624902819633188 150
2973 0.003624571457224798 150.5
2983 0.003624168488965169 151
2993 0.003623694977567696 151.5
3003 0.00362315257047888 152
3013 0.003622544549152359 152.5
3023 0.003621874707075578 153
3033 0.003621147454930849 153.5
3043 0.003620368029513868 154
3053 0.003619542888702712 154.5
3063 0.003618679579192398 155
3073 0.003617786366357753 155.5
3083 0.003616871327692207 156
3093 0.003615943265523098 156.5
3103 0.003615011278244814 157
3113 0.003614084089858198 157.5
3123 0.003613169881196968 158
3133 0.003612275976038754 158.5
3143 0.003611409637511816 159
3153 0.003610577761601926 159.5
3163 0.003609786922422854 160
3173 0.003609042980516435 160.5
3183 0.003608350445539265 161
3193 0.003607713408316658 161.5
3203 0.003607135449420645 162
3213 0.00360661935521801 162.5
3223 0.003606167277386039 163
3233 0.003605780929476934 163.5
3243 0.003605462105674639 164
3253 0.003605211600079401 164.5
3263 0.00360502942503278 165
3273 0.003604915044091916 165.5
3283 0.003604867746499873 166
3293 0.003604886233698029 166.5
3303 0.003604968660507011 167
3313 0.003605112409715816 167.5
3323 0.003605314014976447 168
3333 0.003605569467341072 168.5
3343 0.003605874149311431 169
3353 0.003606222928551292 169.5
3363 0.00360661054470854 170
3373 0.003607030967410199 170.5
3383 0.003607478617914993 171
3393 0.003607947380882211 171.5
3403 0.003608430407596303 172
3413 0.003608921288615668 172.5
3423 0.003609413355023041 173
3433 0.003609900831237939 173.5
3443 0.00361037855687144 174
3453 0.003610841849728107 174.5
3463 0.003611287241674536 175
3473 0.003611711664058642 175.5
3483 0.003612112414415426 176
3493 0.003612488493852185 176.5
3503 0.003612838982344882 177
3513 0.003613163259145728 177.5
3523 0.003613460853079604 178
3533 0.003613731843548288 178.5
3543 0.003613976646389431 179
3553 0.003614196301285739 179.5
3563 0.003614392098024108 180
3573 0.003614565996696628 180.5
3583 0.003614719650654712 181
3593 0.003614854936663623 181.5
3603 0.003614973855887365 182
3613 0.003615078617096641 182.5
3623 0.003615171442827923 183
3633 0.003615254520689226 183.5
3643 0.003615329623093851 184
3653 0.003615398711507205 184.5
3663 0.003615463831824628 185
3673 0.003615526464294531 185.5
3683 0.00361558809458035 186
3693 0.003615650363201568 186.5
3703 0.003615714272028519 187
3713 0.003615780912243937 187.5
3723 0.003615851751808433 188
3733 0.003615927895269423 188.5
3743 0.003616010365697999 189
3753 0.003616100218223003 189.5
3763 0.003616198374670455 190
3773 0.003616305945410835 190.5
3783 0.003616423451740912 191
3793 0.003616552009871134 191.5
3803 0.00361669228589075 192
3813 0.003616845292652486 192.5
3823 0.003617011364224818 193
3833 0.003617191067132435 193.5
3843 0.003617384538797183 194
3853 0.003617592188953822 194.5
3863 0.003617814522165148 195
3873 0.003618051407389765 195.5
3883 0.003618302864387369 196
3893 0.00361856876883587 196.5
3903 0.003618848896699242 197
3913 0.003619142943960271 197.5
3923 0.003619450516306152 198
3933 0.003619770951622453 198.5
3943 0.003620103583146942 199
3953 0.003620447389959364 199.5
3963 0.003620801514309057 200
3973 0.003621165352788126 200.5
3983 0.003621537939788953 201
3993 0.00362191836194775 201.5
4003 0.003622305521292516 202
4013 0.003622698653207473 202.5
4023 0.003623096976280663 203
4033 0.003623499578913554 203.5
4043 0.003623905640718172 204
4053 0.003624314530423572 204.5
4063 0.003624725677448563 205
4073 0.003625138560612021 205.5
4083 0.003625552866706917 206
4093 0.003625968340528959 206.5
4103 0.003626384517127484 207
4113 0.003626801337980269 207.5
4123 0.003627218790396178 208
4133 0.003627636925457546 208.5
4143 0.003628055740743001 209
4153 0.003628475410922337 209.5
4163 0.00362889599994644 210
4173 0.003629317957743098 210.5
4183 0.003629741130784507 211
4193 0.003630165865366924 211.5
4203 0.003630592391164556 212
4213 0.003631020661939486 212.5
4223 0.003631450896725041 213
4233 0.003631883374964122 213.5
4243 0.003632318079077113 214
4253 0.003632754996956298 214.5
4263 0.003633194082374433 215
4273 0.003633635384074129 215.5
4283 0.003634078818048837 216
4293 0.003634524096095988 216.5
4303 0.003634971051662223 217
4313 0.003635419211958423 217.5
4323 0.00363586801009386 218
4333 0.003636317073743305 218.5
4343 0.003636765627824964 219
4353 0.003637212843366802 219.5
4363 0.003637657614507939 220
4373 0.003638098914030624 220.5
4383 0.003638535430291781 221
4393 0.00363896590354535 221.5
4403 0.003639388927374005 222
4413 0.003639803115684632 222.5
4423 0.00364020697013367 223
4433 0.003640598899252895 223.5
4443 0.003640977221829661 224
4453 0.003641340282856951 224.5
4463 0.003641686347794152 225
4473 0.003642013856989712 225.5
4483 0.003642321250285501 226
4493 0.003642606941031719 226.5
4503 0.003642869405362444 227
4513 0.003643107309779998 227.5
4523 0.003643319642186959 228
4533 0.003643505099475214 228.5
4543 0.003643662970414593 229
4553 0.003643792323967152 229.5
4563 0.003643892597977785 230
4573 0.003643963764069852 230.5
4583 0.003644005691354649 231
4593 0.003644018594422809 231.5
4603 0.003644003102663083 232
4613 0.003643959824945631 232.5
4623 0.003643889305552445 233
4633 0.003643792636029054 233.5
4643 0.003643671083488756 234
4653 0.003643526139952133 234.5
4663 0.003643359707293356 235
4673 0.003643173713521283 235.5
4683 0.003642970683945958 236
4693 0.003642753107704401 236.5
4703 0.003642523701783716 237
4713 0.003642285291515529 237.5
4723 0.003642041024232608 238
4733 0.003641794149390721 238.5
4743 0.003641547579710004 239
4753 0.003641304541813957 239.5
4763 0.003641068399717937 240
4773 0.003640842101856608 240.5
4783 0.0036406286763809 241
4793 0.003640430900149207 241.5
4803 0.003640251097718197 242
4813 0.003640091865735147 242.5
4823 0.003639955026105351 243
4833 0.003639842359419132 243.5
4843 0.003639755103340838 244
4853 0.003639694121813165 244.5
4863 0.003639659784143768 245
4873 0.003639652278342244 245.5
4883 0.003639671307486231 246
4893 0.003639716174109292 246.5
4903 0.003639785710704745 247
4913 0.003639878428488041 247.5
4923 0.003639993098307319 248
4933 0.003640127776969865 248.5
4943 0.003640280963557388 249
4953 0.003640450435939274 249.5
4963 0.003640633923355795 250
4973 0.003640829538749547 250.5
4983 0.003641034822828867 251
4993 0.003641247391489921 251.5
5003 0.003641465308644094 252
5013 0.00364168645516364 252.5
5023 0.003641909043816083 253
5033 0.003642131078033893 253.5
5043 0.003642350611097871 254
5053 0.003642566035892426 254.5
5063 0.003642775800890014 255
5073 0.003642978348997224 255.5
5083 0.00364317236110191 256
5093 0.003643356606032737 256.5
5103 0.003643530108915897 257
5113 0.003643691762711788 257.5
5123 0.003643840606116454 258
5133 0.003643975583841246 258.5
5143 0.003644096063835598 259
5153 0.003644201209117533 259.5
5163 0.003644290379356947 260
5173 0.003644363257013789 260.5
5183 0.003644419307623021 261
5193 0.003644458597002246 261.5
5203 0.003644480600989997 262
5213 0.003644485510273918 262.5
5223 0.00364447351661137 263
5233 0.003644444749980632 263.5
5243 0.003644399918814395 264
5253 0.003644339635558267 264.5
5263 0.003644264762393867 265
5273 0.003644176185040357 265.5
5283 0.003644075146563595 266
5293 0.003643962709375617 266.5
5303 0.003643840440209253 267
5313 0.003643709443518833 267.5
5323 0.003643571043452093 268
5333 0.003643426531227593 268.5
5343 0.003643277160565262 269
5353 0.003643124138439412 269.5
5363 0.003642968367401496 270
5373 0.003642810997795931 270.5
5383 0.003642653006028587 271
5393 0.003642495536958503 271.5
5403 0.003642339202487686 272
5413 0.003642184885546088 272.5
5423 0.003642033395048361 273
5433 0.00364188529568782 273.5
5443 0.003641741142538308 274
5453 0.003641601411463841 274.5
5463 0.003641466642153794 275
5473 0.003641337142543561 275.5
5483 0.003641213597752277 276
5493 0.003641095730054303 276.5
5503 0.003640984343835006 277
5513 0.003640879632870657 277.5
5523 0.003640781572082718 278
5533 0.003640690352367722 278.5
5543 0.003640605865891368 279
5553 0.003640528253736628 279.5
5563 0.003640457210791805 280
5573 0.003640392705837251 280.5
5583 0.003640334529737368 281
5593 0.003640282040284593 281.5
5603 0.003640234898899992 282
5613 0.003640192496406135 282.5
5623 0.003640154361981104 283
5633 0.003640119644026705 283.5
5643 0.003640087665347588 284
5653 0.003640057237712856 284.5
5663 0.003640027626600632 285
5673 0.00363999787916038 285.5
5683 0.003639966750912237 286
5693 0.003639933316618097 286.5
5703 0.003639896802748763 287
5713 0.003639856343323427 287.5
5723 0.003639811208626371 288
5733 0.003639760757273133 288.5
5743 0.00363970438247367 289
5753 0.003639641752290553 289.5
5763 0.003639572393805926 290
5773 0.003639496331051147 290.5
5783 0.0036394133272013 291
5793 0.003639323257390796 291.5
5803 0.003639226247508986 292
5813 0.003639122765648854 292.5
5823 0.003639012876006452 293
5833 0.003638897065692411 293.5
5843 0.003638775762288458 294
5853 0.003638649475147849 294.5
5863 0.003638518822147458 295
5873 0.003638384596975832 295.5
5883 0.003638247258912625 296
5893 0.003638107756867756 296.5
5903 0.003637966584388365 297
5913 0.003637824842302337 297.5
5923 0.00363768272505041 298
5933 0.003637541457987692 298.5
5943 0.003637401702767155 299
5953 0.003637264139921222 299.5
