0 0.04851879924535751 0
5 0.04952039197087288 0.5
10 0.04950131103396416 1
15 0.04942195117473602 1.5
20 0.04939522966742516 2
25 0.04939674213528633 2.5
30 0.04933112859725952 3
35 0.04931715503334999 3.5
43 0.04928962513804436 4
53 0.04928233474493027 4.5
63 0.0492890477180481 5
73 0.04925929382443428 5.5
83 0.04926665127277374 6
93 0.04925085604190826 6.5
103 0.04925166442990303 7
113 0.04925429821014404 7.5
123 0.04923558235168457 8
133 0.04922547191381454 8.5
143 0.04924012720584869 9
153 0.04925449565052986 9.5
163 0.04921776801347733 10
173 0.04927250742912292 10.5
183 0.0492766797542572 11
193 0.04928638786077499 11.5
203 0.04930443689227104 12
213 0.04929668456315994 12.5
223 0.04932007193565369 13
233 0.04932540655136108 13.5
243 0.04929876700043678 14
253 0.04930663481354713 14.5
263 0.04932954162359238 15
273 0.04929369688034058 15.5
283 0.04928816109895706 16
293 0.04925303161144257 16.5
303 0.04921580478549004 17
313 0.04919643700122833 17.5
323 0.04916087910532951 18
333 0.04912127181887627 18.5
343 0.04904701560735703 19
353 0.04902462288737297 19.5
363 0.04906754940748215 20
373 0.04903968051075935 20.5
383 0.04907747358083725 21
393 0.04910638183355331 21.5
403 0.04914304986596107 22
413 0.04912357777357101 22.5
423 0.04912711679935455 23
433 0.04904389753937721 23.5
443 0.0490233339369297 24
453 0.04892589896917343 24.5
463 0.04887938126921654 25
473 0.04883904382586479 25.5
483 0.04877201095223427 26
493 0.04859732463955879 26.5
503 0.04845916479825974 27
513 0.04833199083805084 27.5
523 0.0481085442006588 28
533 0.04783190786838531 28.5
543 0.04745963215827942 29
553 0.04702221602201462 29.5
563 0.04661498963832855 30
573 0.04648914933204651 30.5
583 0.04644092172384262 31
593 0.04640980064868927 31.5
603 0.0466947928071022 32
613 0.04689230397343636 32.5
623 0.04704245924949646 33
633 0.04703780263662338 33.5
643 0.04710066318511963 34
653 0.04710678383708 34.5
663 0.04694538936018944 35
673 0.04667651653289795 35.5
683 0.04664226248860359 36
693 0.04668835178017616 36.5
703 0.04668944329023361 37
713 0.04665996134281158 37.5
723 0.04667264223098755 38
733 0.04675485193729401 38.5
743 0.04682491347193718 39
753 0.04687802121043205 39.5
763 0.04693235084414482 40
773 0.04695253819227219 40.5
783 0.04689095541834831 41
793 0.04682900011539459 41.5
803 0.04677312076091766 42
813 0.04663973674178123 42.5
823 0.04660230875015259 43
833 0.04654700681567192 43.5
843 0.04648955911397934 44
853 0.04643659666180611 44.5
863 0.04658600687980652 45
873 0.04675524309277534 45.5
883 0.04702884331345558 46
893 0.0472252182662487 46.5
903 0.04745453223586082 47
913 0.04759257659316063 47.5
923 0.04772553965449333 48
933 0.04780654981732368 48.5
943 0.04779103770852089 49
953 0.04775793105363846 49.5
963 0.04765963554382324 50
973 0.04748384281992912 50.5
983 0.04728526994585991 51
993 0.04716372117400169 51.5
1003 0.04709162563085556 52
1013 0.04700715094804764 52.5
1023 0.04691671580076218 53
1033 0.04696529731154442 53.5
1043 0.04698420688509941 54
1053 0.04696833342313766 54.5
1063 0.04703231528401375 55
1073 0.04701225832104683 55.5
1083 0.04690166190266609 56
1093 0.04677623882889748 56.5
1103 0.04669365659356117 57
1113 0.04663093760609627 57.5
1123 0.04658795893192291 58
1133 0.04642980173230171 58.5
1143 0.04607274755835533 59
1153 0.04581514745950699 59.5
1163 0.04549629986286163 60
1173 0.04538898169994354 60.5
1183 0.04538417235016823 61
1193 0.04534311965107918 61.5
1203 0.04535289853811264 62
1213 0.04534853994846344 62.5
1223 0.04535514488816261 63
1233 0.04536313563585281 63.5
1243 0.04536711424589157 64
1253 0.04539406672120094 64.5
1263 0.04539764299988747 65
1273 0.04542962834239006 65.5
1283 0.04543565586209297 66
1293 0.04544754326343536 66.5
1303 0.04546030983328819 67
1313 0.04544662311673164 67.5
1323 0.04546070471405983 68
1333 0.04547053948044777 68.5
1343 0.04543632641434669 69
1353 0.04544726386666298 69.5
1363 0.04545632377266884 70
1373 0.04547080025076866 70.5
1383 0.0454571396112442 71
1393 0.04545741155743599 71.5
1403 0.04545705765485764 72
1413 0.04543181508779526 72.5
1423 0.04539639875292778 73
1433 0.0453849658370018 73.5
1443 0.04535230994224548 74
1453 0.0452742762863636 74.5
1463 0.04525387659668922 75
1473 0.04520921409130096 75.5
1483 0.04516445472836494 76
1493 0.04510543122887611 76.5
1503 0.04507724940776825 77
1513 0.04500024765729904 77.5
1523 0.04497780650854111 78
1533 0.04494060203433037 78.5
1543 0.04491115733981133 79
1553 0.04487638175487518 79.5
1563 0.04487379640340805 80
1573 0.04484464228153229 80.5
1583 0.04481755569577217 81
1593 0.04477843269705772 81.5
1603 0.0448177382349968 82
1613 0.04478214681148529 82.5
1623 0.04479217901825905 83
1633 0.04478499665856361 83.5
1643 0.04478102549910545 84
1653 0.04473527148365974 84.5
1663 0.04472913593053818 85
1673 0.04470433667302132 85.5
1683 0.04470234364271164 86
1693 0.04467844590544701 86.5
1703 0.04462870955467224 87
1713 0.04460841789841652 87.5
1723 0.0445776991546154 88
1733 0.04453384131193161 88.5
1743 0.04452187567949295 89
1753 0.04443029314279556 89.5
1763 0.0444481186568737 90
1773 0.04438742995262146 90.5
1783 0.04435458779335022 91
1793 0.04431821405887604 91.5
1803 0.04431567341089249 92
1813 0.04425470903515816 92.5
1823 0.0442187488079071 93
1833 0.04415350407361984 93.5
1843 0.04411568865180016 94
1853 0.04409478232264519 94.5
1863 0.044075608253479 95
1873 0.04405409470200539 95.5
1883 0.04403610527515411 96
1893 0.04403788596391678 96.5
1903 0.04399015754461288 97
1913 0.04398733749985695 97.5
1923 0.04397806152701378 98
1933 0.04397609084844589 98.5
1943 0.04396125301718712 99
1953 0.04395538568496704 99.5
1963 0.04393152892589569 100
1973 0.04394690692424774 100.5
1983 0.04395347088575363 101
1993 0.04394689947366714 101.5
2003 0.04394862428307533 102
2013 0.043963722884655 102.5
2023 0.04395658522844315 103
2033 0.04395083710551262 103.5
2043 0.04395927488803864 104
2053 0.0439862497150898 104.5
2063 0.04398825392127037 105
2073 0.04397684335708618 105.5
2083 0.04399862512946129 106
2093 0.04399093613028526 106.5
2103 0.0439998060464859 107
2113 0.04399836808443069 107.5
2123 0.04396148398518562 108
2133 0.04397530853748322 108.5
2143 0.04396018385887146 109
2153 0.04393637180328369 109.5
2163 0.04393108189105988 110
2173 0.04392307624220848 110.5
2183 0.04389948397874832 111
2193 0.04389035329222679 111.5
2203 0.04385751858353615 112
2213 0.04385118186473846 112.5
2223 0.04381688684225082 113
2233 0.04380252584815025 113.5
2243 0.04375972598791122 114
2253 0.04376361519098282 114.5
2263 0.04373323544859886 115
2273 0.04373978450894356 115.5
2283 0.04371191561222076 116
2293 0.04370667412877083 116.5
2303 0.0436968021094799 117
2313 0.04365863278508186 117.5
2323 0.04364509880542755 118
2333 0.04365252330899239 118.5
2343 0.0436498187482357 119
2353 0.04364718869328499 119.5
2363 0.04367350786924362 120
2373 0.0436401478946209 120.5
2383 0.04363560676574707 121
2393 0.0436680018901825 121.5
2403 0.04361798614263535 122
2413 0.04361365735530853 122.5
2423 0.0436590351164341 123
2433 0.04362171515822411 123.5
2443 0.04362580552697182 124
2453 0.04363749548792839 124.5
2463 0.04361956939101219 125
2473 0.04364471510052681 125.5
2483 0.04366710036993027 126
2493 0.04368571192026138 126.5
2503 0.04366404563188553 127
2513 0.0436963178217411 127.5
2523 0.04367905855178833 128
2533 0.04370613768696785 128.5
2543 0.0436943881213665 129
2553 0.04370598867535591 129.5
2563 0.04369956254959106 130
2573 0.04371681809425354 130.5
2583 0.04370398074388504 131
2593 0.04372907057404518 131.5
2603 0.04372162371873856 132
2613 0.04375866800546646 132.5
2623 0.04371611401438713 133
2633 0.0437198132276535 133.5
2643 0.04373859241604805 134
2653 0.04370950162410736 134.5
2663 0.04372180625796318 135
2673 0.04375092312693596 135.5
2683 0.04372124373912811 136
2693 0.04375104978680611 136.5
2703 0.04373190179467201 137
2713 0.04373267292976379 137.5
2723 0.04373617842793465 138
2733 0.04375304281711578 138.5
2743 0.04373966157436371 139
2753 0.04375964775681496 139.5
2763 0.0437479093670845 140
2773 0.04375476390123367 140.5
2783 0.04375829547643661 141
2793 0.04374079778790474 141.5
2803 0.04377449303865433 142
2813 0.04376470670104027 142.5
2823 0.04378246515989304 143
2833 0.04378198832273483 143.5
2843 0.04382789880037308 144
2853 0.04376313090324402 144.5
2863 0.04380295425653458 145
2873 0.04380593448877335 145.5
2883 0.04380371421575546 146
2893 0.04382902011275291 146.5
2903 0.0438292883336544 147
2913 0.04382940381765366 147.5
2923 0.04383628815412521 148
2933 0.04384646192193031 148.5
2943 0.0438554510474205 149
2953 0.0438593402504921 149.5
2963 0.04388633370399475 150
2973 0.04387142509222031 150.5
2983 0.04388073086738586 151
2993 0.0438879020512104 151.5
3003 0.04389344528317451 152
3013 0.04390022158622742 152.5
3023 0.04389986395835876 153
3033 0.04392004013061523 153.5
3043 0.04391483590006828 154
3053 0.04389458894729614 154.5
3063 0.04393161460757256 155
3073 0.0439082570374012 155.5
3083 0.04391682893037796 156
3093 0.04392024874687195 156.5
3103 0.04392503574490547 157
3113 0.04392878338694572 157.5
3123 0.04392850026488304 158
3133 0.04392873868346214 158.5
3143 0.04392478242516518 159
3153 0.04390165582299232 159.5
3163 0.04395245015621185 160
3173 0.04393837973475456 160.5
3183 0.04395296424627304 161
3193 0.04396339878439903 161.5
3203 0.04393256828188896 162
3213 0.04395239427685738 162.5
3223 0.04393024742603302 163
3233 0.04390725865960121 163.5
3243 0.04395659267902374 164
3253 0.04394063726067543 164.5
3263 0.04394323006272316 165
3273 0.04396496340632439 165.5
3283 0.04394208267331123 166
3293 0.04396079853177071 166.5
3303 0.04397499561309814 167
3313 0.04397320002317429 167.5
3323 0.0439823605120182 168
3333 0.04397127404808998 168.5
3343 0.04398893564939499 169
3353 0.04396683722734451 169.5
3363 0.04399440065026283 170
3373 0.04399674758315086 170.5
3383 0.04399657621979713 171
3393 0.04399504885077477 171.5
3403 0.04398050531744957 172
3413 0.04398811236023903 172.5
3423 0.04398994520306587 173
3433 0.0439908355474472 173.5
3443 0.04398516193032265 174
3453 0.04398683086037636 174.5
3463 0.04400039464235306 175
3473 0.04399316757917404 175.5
3483 0.04398544505238533 176
3493 0.04400112479925156 176.5
3503 0.04398586228489876 177
3513 0.04395406693220139 177.5
3523 0.04395686089992523 178
3533 0.04398364946246147 178.5
3543 0.04399195313453674 179
3553 0.04394235089421272 179.5
3563 0.04399329796433449 180
3573 0.04398339986801147 180.5
3583 0.04396969079971313 181
3593 0.0439724363386631 181.5
3603 0.04397977143526077 182
3613 0.04399058595299721 182.5
3623 0.04401660710573196 183
3633 0.04399498924612999 183.5
3643 0.04396055638790131 184
3653 0.04399813339114189 184.5
3663 0.04400140792131424 185
3673 0.0439867302775383 185.5
3683 0.04400405660271645 186
3693 0.04397642612457275 186.5
3703 0.04398063570261002 187
3713 0.04401614516973495 187.5
3723 0.04401785507798195 188
3733 0.0439908429980278 188.5
3743 0.04400921240448952 189
3753 0.04401084035634995 189.5
3763 0.04396530985832214 190
3773 0.04399507120251656 190.5
3783 0.04399186000227928 191
3793 0.04399210214614868 191.5
3803 0.0439695343375206 192
3813 0.04396550729870796 192.5
3823 0.04398526251316071 193
3833 0.04395946115255356 193.5
3843 0.04397911578416824 194
3853 0.04395245760679245 194.5
3863 0.04402033239603043 195
3873 0.04401595145463943 195.5
3883 0.04397941380739212 196
3893 0.04397951811552048 196.5
3903 0.04393217340111732 197
3913 0.04393286257982254 197.5
3923 0.04398808628320694 198
3933 0.04397562146186829 198.5
3943 0.04396397620439529 199
3953 0.04392745718359947 199.5
3963 0.04396255686879158 200
3973 0.04395268112421036 200.5
3983 0.04392867907881737 201
3993 0.04392727464437485 201.5
4003 0.04396120086312294 202
4013 0.04394539818167686 202.5
4023 0.04393255710601807 203
4033 0.04395069554448128 203.5
4043 0.04393485188484192 204
4053 0.04393109306693077 204.5
4063 0.04396066069602966 205
4073 0.04394048824906349 205.5
4083 0.04391885548830032 206
4093 0.0439288541674614 206.5
4103 0.04393011331558228 207
4113 0.04394405335187912 207.5
4123 0.04392525181174278 208
4133 0.04392458125948906 208.5
4143 0.04389834403991699 209
4153 0.04390238970518112 209.5
4163 0.04387520253658295 210
4173 0.04389478266239166 210.5
4183 0.04388727992773056 211
4193 0.04388660192489624 211.5
4203 0.04388908669352531 212
4213 0.04383910447359085 212.5
4223 0.04389818757772446 213
4233 0.04389285296201706 213.5
4243 0.04384132102131844 214
4253 0.04386220499873161 214.5
4263 0.04387590289115906 215
4273 0.04387800768017769 215.5
4283 0.04385026916861534 216
4293 0.04387430101633072 216.5
4303 0.04387412220239639 217
4313 0.04384677112102509 217.5
4323 0.04386413097381592 218
4333 0.0438610203564167 218.5
4343 0.04387131333351135 219
4353 0.04386443272233009 219.5
4363 0.04385704919695854 220
4373 0.04384345188736916 220.5
4383 0.04385940730571747 221
4393 0.04386375471949577 221.5
4403 0.04386435076594353 222
4413 0.04383711889386177 222.5
4423 0.04384588077664375 223
4433 0.04384022951126099 223.5
4443 0.04383675754070282 224
4453 0.04384631291031837 224.5
4463 0.04383769631385803 225
4473 0.04385108128190041 225.5
4483 0.04386764392256737 226
4493 0.04385777935385704 226.5
4503 0.04383005201816559 227
4513 0.04382035508751869 227.5
4523 0.04384071007370949 228
4533 0.04384301602840424 228.5
4543 0.04382212087512016 229
4553 0.04381844773888588 229.5
4563 0.04382705315947533 230
4573 0.04385253414511681 230.5
4583 0.04382702708244324 231
4593 0.04382644593715668 231.5
4603 0.04384616762399673 232
4613 0.04384228214621544 232.5
4623 0.04382828250527382 233
4633 0.04381818696856499 233.5
4643 0.04379138723015785 234
4653 0.04379600286483765 234.5
4663 0.04382118955254555 235
4673 0.04380492493510246 235.5
4683 0.04380964860320091 236
4693 0.04382165521383286 236.5
4703 0.04380238428711891 237
4713 0.04381458088755608 237.5
4723 0.04382403194904327 238
4733 0.04377329349517822 238.5
4743 0.04379628226161003 239
4753 0.04381351172924042 239.5
4763 0.04378218203783035 240
4773 0.04382209852337837 240.5
4783 0.04383247345685959 241
4793 0.04380828142166138 241.5
4803 0.04381763935089111 242
4813 0.04379304870963097 242.5
4823 0.04381322860717773 243
4833 0.04383638501167297 243.5
4843 0.04380715265870094 244
4853 0.04380236193537712 244.5
4863 0.04380296915769577 245
4873 0.04383694753050804 245.5
4883 0.0438322126865387 246
4893 0.04382666945457458 246.5
4903 0.0437978208065033 247
4913 0.04382309317588806 247.5
4923 0.0438038595020771 248
4933 0.04381552338600159 248.5
4943 0.04375658929347992 249
4953 0.04380043596029282 249.5
4963 0.04376412928104401 250
4973 0.04378914088010788 250.5
4983 0.04376985505223274 251
4993 0.04373824596405029 251.5
5003 0.04373324662446976 252
5013 0.04372439533472061 252.5
5023 0.0437617115676403 253
5033 0.04373686760663986 253.5
5043 0.0437316782772541 254
5053 0.04373303800821304 254.5
5063 0.04371745884418488 255
5073 0.04370863363146782 255.5
5083 0.0437055341899395 256
5093 0.04370289295911789 256.5
5103 0.04366127774119377 257
5113 0.04366862401366234 257.5
5123 0.04365978762507439 258
5133 0.04365772008895874 258.5
5143 0.0436861664056778 259
5153 0.04363735020160675 259.5
5163 0.0436815433204174 260
5173 0.04366249591112137 260.5
5183 0.04366256296634674 261
5193 0.04367999732494354 261.5
5203 0.04369169101119041 262
5213 0.04369830340147018 262.5
5223 0.04363475367426872 263
5233 0.04367956891655922 263.5
5243 0.04368317127227783 264
5253 0.04365639761090279 264.5
5263 0.04368272051215172 265
5273 0.04369431361556053 265.5
5283 0.04366505518555641 266
5293 0.04368883743882179 266.5
5303 0.0436493344604969 267
5313 0.04366170614957809 267.5
5323 0.04365694895386696 268
5333 0.04364552721381187 268.5
5343 0.04367851465940475 269
5353 0.04369772598147392 269.5
5363 0.04366061463952065 270
5373 0.04365374520421028 270.5
5383 0.04365473985671997 271
5393 0.0436718575656414 271.5
5403 0.04367132484912872 272
5413 0.04364168643951416 272.5
5423 0.04366214573383331 273
5433 0.04366597905755043 273.5
5443 0.04365892708301544 274
5453 0.04366198182106018 274.5
5463 0.0437043197453022 275
5473 0.0436708889901638 275.5
5483 0.04364636167883873 276
5493 0.0436721183359623 276.5
5503 0.04366324841976166 277
5513 0.0436430536210537 277.5
5523 0.04366621375083923 278
5533 0.04366594552993774 278.5
5543 0.04366440325975418 279
5553 0.04365234449505806 279.5
5563 0.04363304749131203 280
5573 0.04363467544317245 280.5
5583 0.04368426650762558 281
5593 0.04366477206349373 281.5
5603 0.0436750203371048 282
5613 0.04364850744605064 282.5
5623 0.04365658760070801 283
5633 0.04365335404872894 283.5
5643 0.04364877566695213 284
5653 0.04370132088661194 284.5
5663 0.04366418346762657 285
5673 0.04366270080208778 285.5
5683 0.04365276172757149 286
5693 0.04366182535886765 286.5
5703 0.04366808012127876 287
5713 0.04366227984428406 287.5
5723 0.04364190995693207 288
5733 0.04367384314537048 288.5
5743 0.04365714266896248 289
5753 0.04366020485758781 289.5
5763 0.04368733987212181 290
5773 0.04367115348577499 290.5
5783 0.04363009706139565 291
5793 0.0436801016330719 291.5
5803 0.04364250972867012 292
5813 0.04367488622665405 292.5
5823 0.04372603446245193 293
5833 0.04369056597352028 293.5
5843 0.04367263987660408 294
5853 0.04366441443562508 294.5
5863 0.04367297142744064 295
5873 0.04366253316402435 295.5
5883 0.04369870945811272 296
5893 0.04369135200977325 296.5
5903 0.04369496181607246 297
5913 0.04365983232855797 297.5
5923 0.04364767670631409 298
5933 0.04365650191903114 298.5
5943 0.04366663843393326 299
5953 0.04370195791125298 299.5
