0 0 0
5 6.707080713367451e-37 0.5
10 4.920569478020596e-44 1
15 1.504517585637698e-43 1.5
20 9.687076522450005e-43 2
25 8.557517147920232e-42 2.5
30 8.101953516082375e-41 3
35 2.431216609007923e-41 3.5
43 2.508665710033465e-148 4
53 1.104936622863713e-258 4.5
63 1.907885471253273e-44 5
73 1.593260108796577e-42 5.5
83 3.381535659490877e-41 6
93 2.087527502937751e-40 6.5
103 2.406798271454279e-24 7
113 2.034910741476776e-20 7.5
123 1.074742242416439e-17 8
133 9.329268139287978e-16 8.5
143 9.639320082254141e-15 9
153 4.390653051795511e-14 9.5
163 1.332746121248816e-13 10
173 3.194209754911447e-13 10.5
183 6.527131033018521e-13 11
193 1.183697269361589e-12 11.5
203 1.954232566985958e-12 12
213 2.989490927458285e-12 12.5
223 4.290220988078605e-12 13
233 5.832730988173801e-12 13.5
243 7.57030540862316e-12 14
253 9.4330679442648e-12 14.5
263 1.13313523472526e-11 15
273 1.318065833722333e-11 15.5
283 1.500102656199791e-11 16
293 1.717366896867634e-11 16.5
303 2.094259724330613e-11 17
313 2.94722864253613e-11 17.5
323 5.018131552611262e-11 18
333 1.003168549024514e-10 18.5
343 2.228758961704197e-10 19
353 5.389420479630779e-10 19.5
363 1.427632222062551e-09 20
373 4.12358658505025e-09 20.5
383 1.253410253809025e-08 21
393 3.802042679202992e-08 21.5
403 1.096165429788548e-07 22
413 2.90961548773975e-07 22.5
423 7.008248158165433e-07 23
433 1.526739771593397e-06 23.5
443 3.019361871894065e-06 24
453 5.463121331309656e-06 24.5
463 9.133048764547454e-06 25
473 1.425398284092236e-05 25.5
483 2.097250917764336e-05 26
493 2.935653147459539e-05 26.5
503 3.941751930189454e-05 27
513 5.115202192580284e-05 27.5
523 6.459371255257967e-05 28
533 7.986003070189971e-05 28.5
543 9.718915218059627e-05 29
553 0.0001169386465599713 29.5
563 0.0001395641427176392 30
573 0.0001655457951617657 30.5
583 0.0001953140117051407 31
593 0.0002291413109891434 31.5
603 0.000267091792129864 32
613 0.0003090324959083355 32.5
623 0.0003546737039212479 33
633 0.0004037022993923796 33.5
643 0.0004558447189895944 34
653 0.0005109059214066412 34.5
663 0.0005688312121788057 35
673 0.0006297115484861359 35.5
683 0.0006937835320657911 36
693 0.0007614690727660451 36.5
703 0.0008334084274602209 37
713 0.0009104583212110165 37.5
723 0.0009936197413206822 38
733 0.001083962914186087 38.5
743 0.001182483655029432 39
753 0.001289995742642495 39.5
763 0.001407031027543169 40
773 0.001533766513657863 40.5
783 0.001669907143860759 41
793 0.00181451150375436 41.5
803 0.001965784461151975 42
813 0.002120967151877167 42.5
823 0.002276807239763687 43
833 0.002430158019872042 43.5
843 0.002578628910586152 44
853 0.002720839571621394 44.5
863 0.002856204734598139 45
873 0.002984766216802459 45.5
883 0.003106983936567307 46
893 0.003223614030360731 46.5
903 0.003335627096725241 47
913 0.003444062994305108 47.5
923 0.003549874669655375 48
933 0.003653896429597384 48.5
943 0.003756884759225958 49
953 0.003859595942943449 49.5
963 0.00396269260516896 50
973 0.004066840613524659 50.5
983 0.004172623575745937 51
993 0.004280474887188997 51.5
1003 0.004390697131545777 52
1013 0.004503508746445705 52.5
1023 0.004619040510135844 53
1033 0.004737324961522731 53.5
1043 0.004858291226234226 54
1053 0.004981688413739137 54.5
1063 0.005107148488032164 55
1073 0.005234282823941556 55.5
1083 0.00536262816347088 56
1093 0.005491599438757769 56.5
1103 0.005620490869366665 57
1113 0.005748640111828498 57.5
1123 0.005875479947892385 58
1133 0.006000440497788641 58.5
1143 0.006122949493711888 59
1153 0.006242316589055866 59.5
1163 0.006357864539200391 60
1173 0.006469161675010869 60.5
1183 0.006576103037704799 61
1193 0.006678769411668788 61.5
1203 0.006777362703711117 62
1213 0.006872176969816775 62.5
1223 0.006963555858634477 63
1233 0.007051766661592994 63.5
1243 0.007136890901085562 64
1253 0.007218903173763166 64.5
1263 0.007297702944807752 65
1273 0.007373116976416629 65.5
1283 0.007444919721979132 66
1293 0.00751278752632852 66.5
1303 0.007576446163416166 67
1313 0.007635693195331429 67.5
1323 0.007690359165281056 68
1333 0.007740178211319275 68.5
1343 0.007784942718374763 69
1353 0.007824638743196942 69.5
1363 0.007859535648860499 70
1373 0.007890147357277751 70.5
1383 0.007917120585851733 71
1393 0.007941173402826412 71.5
1403 0.007963007645389871 72
1413 0.007983269399068028 72.5
1423 0.008002499640530411 73
1433 0.008021181889908835 73.5
1443 0.00803959851262869 74
1453 0.008057871399812292 74.5
1463 0.008076050073701333 75
1473 0.008094148348042503 75.5
1483 0.008112260894330295 76
1493 0.008130644312613906 76.5
1503 0.008149572644119219 77
1513 0.008169247789167774 77.5
1523 0.008189724875956336 78
1533 0.008210941130558289 78.5
1543 0.00823280501656758 79
1553 0.00825526969765937 79.5
1563 0.008278326819428142 80
1573 0.008302005445228867 80.5
1583 0.00832633585757378 81
1593 0.008351326076020018 81.5
1603 0.008376955559567495 82
1613 0.008403141050761929 82.5
1623 0.008429777845873921 83
1633 0.008456826014447531 83.5
1643 0.008484190791311314 84
1653 0.008511743674725037 84.5
1663 0.008539381145716221 85
1673 0.008567001617851514 85.5
1683 0.008594508636935663 86
1693 0.008621804535731241 86.5
1703 0.008648790592237431 87
1713 0.008675373222435225 87.5
1723 0.008701475601715332 88
1733 0.008727045275427687 88.5
1743 0.008752038019804495 89
1753 0.008776412648802041 89.5
1763 0.00880013031822814 90
1773 0.008823166755418263 90.5
1783 0.008845493387725804 91
1793 0.008867078728525763 91.5
1803 0.008887899357511171 92
1813 0.008907934394303556 92.5
1823 0.008927164569118609 93
1833 0.008945574105569258 93.5
1843 0.008963143172225961 94
1853 0.008979850309823997 94.5
1863 0.008995680216617487 95
1873 0.009010615381312299 95.5
1883 0.009024633545616841 96
1893 0.009037710382804763 96.5
1903 0.009049821626739674 97
1913 0.009060942443342076 97.5
1923 0.009071047084895806 98
1933 0.009080113436629175 98.5
1943 0.00908813183662999 99
1953 0.009095103830913482 99.5
1963 0.00910104827925563 100
1973 0.009105994241862966 100.5
1983 0.009109979189048795 101
1993 0.009113051347647397 101.5
2003 0.009115273004199646 102
2013 0.009116721526070883 102.5
2023 0.009117488355956821 103
2033 0.009117665405869968 103.5
2043 0.009117331805667825 104
2053 0.009116561887533715 104.5
2063 0.009115429247438913 105
2073 0.009114004509883354 105.5
2083 0.009112357959291998 106
2093 0.009110552846190475 106.5
2103 0.009108641083886145 107
2113 0.009106656491918301 107.5
2123 0.009104618621092185 108
2133 0.009102543879193601 108.5
2143 0.009100462178858107 109
2153 0.009098429832256637 109.5
2163 0.009096542329901373 110
2173 0.009094925546216638 110.5
2183 0.009093719953478482 111
2193 0.009093046683921328 111.5
2203 0.009092982679221828 112
2213 0.009093554960737911 112.5
2223 0.009094751971299291 113
2233 0.009096536841710471 113.5
2243 0.009098859410350742 114
2253 0.00910166359500089 114.5
2263 0.009104887146435718 115
2273 0.009108468254787819 115.5
2283 0.009112348665665241 116
2293 0.009116478072913478 116.5
2303 0.009120812353030147 117
2313 0.009125315178338948 117.5
2323 0.009129954031295975 118
2333 0.009134700103977201 118.5
2343 0.009139529283970488 119
2353 0.009144419820259259 119.5
2363 0.009149356971320251 120
2373 0.009154330552212578 120.5
2383 0.009159328836203726 121
2393 0.009164342083951605 121.5
2403 0.009169362213037019 122
2413 0.009174379657514466 122.5
2423 0.00917938552586923 123
2433 0.009184369204814006 123.5
2443 0.009189317992300007 124
2453 0.009194219535032954 124.5
2463 0.009199061630913391 125
2473 0.009203831210285921 125.5
2483 0.009208516366195379 126
2493 0.0092131042118713 126.5
2503 0.009217582862423235 127
2513 0.009221940593758264 127.5
2523 0.009226167135539561 128
2533 0.009230254725056741 128.5
2543 0.009234199465653601 129
2553 0.009238002005000117 129.5
2563 0.009241664075358064 130
2573 0.009245191461688437 130.5
2583 0.009248594101526902 131
2593 0.009251885511540233 131.5
2603 0.00925508281072856 132
2613 0.009258204087938197 132.5
2623 0.009261265077750179 133
2633 0.009264279118895559 133.5
2643 0.009267257222078801 134
2653 0.009270207797624911 134.5
2663 0.009273136720961618 135
2673 0.00927604798435273 135.5
2683 0.009278944712258963 136
2693 0.009281826827347643 136.5
2703 0.009284693052168398 137
2713 0.009287538671749387 137.5
2723 0.009290355365534459 138
2733 0.009293132775658658 138.5
2743 0.009295861005749842 139
2753 0.009298529494664011 139.5
2763 0.009301124723768615 140
2773 0.009303633738594606 140.5
2783 0.009306046091377846 141
2793 0.009308352212553545 141.5
2803 0.009310543402465878 142
2813 0.009312611871955824 142.5
2823 0.009314550508289157 143
2833 0.009316349399119175 143.5
2843 0.009317998095693288 144
2853 0.009319489081821297 144.5
2863 0.009320814867619886 145
2873 0.009321966805200848 145.5
2883 0.009322933578449081 146
2893 0.00932370330693036 146.5
2903 0.009324264259169823 147
2913 0.009324610634771172 147.5
2923 0.009324742907970515 148
2933 0.009324667310339279 148.5
2943 0.009324390122481221 149
2953 0.009323916117491365 149.5
2963 0.009323250618392509 150
2973 0.009322398354226363 150.5
2983 0.009321361919799643 151
2993 0.009320144048411369 151.5
3003 0.009318748977294197 152
3013 0.009317185146347398 152.5
3023 0.009315462312421273 153
3033 0.009313591819791417 153.5
3043 0.009311587137497176 154
3053 0.009309464875201977 154.5
3063 0.009307244443006579 155
3073 0.009304947099456331 155.5
3083 0.009302593619865594 156
3093 0.009300206643821663 156.5
3103 0.009297809572396317 157
3113 0.009295424843721091 157.5
3123 0.009293073498901587 158
3133 0.009290774374695013 158.5
3143 0.009288546151868384 159
3153 0.009286406566898189 159.5
3163 0.009284372528406068 160
3173 0.009282459109706535 160.5
3183 0.009280677909637063 161
3193 0.009279039449800998 161.5
3203 0.009277552939430162 162
3213 0.009276225545060359 162.5
3223 0.009275062800805905 163
3233 0.009274069113923328 163.5
3243 0.009273249099054019 164
3253 0.009272604798623931 164.5
3263 0.009272136244375562 165
3273 0.009271842056577792 165.5
3283 0.009271720407163668 166
3293 0.009271767956240212 166.5
3303 0.009271979958005792 167
3313 0.009272349680993296 167.5
3323 0.009272868209755133 168
3333 0.009273525233276856 168.5
3343 0.00927430887535222 169
3353 0.00927520593561163 169.5
3363 0.009276202884428627 170
3373 0.009277284211682973 170.5
3383 0.009278435568851235 171
3393 0.009279641227276153 171.5
3403 0.009280883572060257 172
3413 0.009282146118118751 172.5
3423 0.009283411712995387 173
3433 0.009284665501896262 173.5
3443 0.009285894212300257 174
3453 0.009287085801599983 174.5
3463 0.009288231349755779 175
3473 0.009289322964194005 175.5
3483 0.009290353694174259 176
3493 0.009291320970544357 176.5
3503 0.009292222427002327 177
3513 0.009293056466984764 177.5
3523 0.009293821878629184 178
3533 0.009294518866156974 178.5
3543 0.009295148499102637 179
3553 0.009295713451530256 179.5
3563 0.009296217040771932 180
3573 0.009296664308184818 180.5
3583 0.009297059506189014 181
3593 0.009297407461825068 181.5
3603 0.009297713322087111 182
3613 0.009297982767933737 182.5
3623 0.009298221515729094 183
3633 0.009298435192001344 183.5
3643 0.009298628355397773 184
3653 0.009298806050807712 184.5
3663 0.009298973540274298 185
3673 0.009299134630996674 185.5
3683 0.009299293144101429 186
3693 0.009299453299004928 186.5
3703 0.009299617672517829 187
3713 0.009299789071162296 187.5
3723 0.009299971270533246 188
3733 0.009300167111526807 188.5
3743 0.00930037922548199 189
3753 0.009300610326190336 189.5
3763 0.009300862784588519 190
3773 0.009301139456549581 190.5
3783 0.009301441682848896 191
3793 0.009301772334379911 191.5
3803 0.009302133124324277 192
3813 0.009302526657739365 192.5
3823 0.009302953793849347 193
3833 0.009303415989755813 193.5
3843 0.009303913598907769 194
3853 0.009304447675143084 194.5
3863 0.00930501951619735 195
3873 0.009305628785032072 195.5
3883 0.009306275532469193 196
3893 0.009306959438752278 196.5
3903 0.009307679927660633 197
3913 0.009308436217261936 197.5
3923 0.009309227293383592 198
3933 0.009310051453067177 198.5
3943 0.009310906981400129 199
3953 0.009311791252575388 199.5
3963 0.009312702060458122 200
3973 0.009313637853083128 200.5
3983 0.009314596146907462 201
3993 0.009315574592759319 201.5
4003 0.009316570366654542 202
4013 0.009317581502001225 202.5
4023 0.009318605989007698 203
4033 0.009319641483042391 203.5
4043 0.009320685874067303 204
4053 0.009321737538453471 204.5
4063 0.009322795008665979 205
4073 0.009323856944226895 205.5
4083 0.009324922539567692 206
4093 0.009325991138302892 206.5
4103 0.009327061544579315 207
4113 0.009328133607877796 207.5
4123 0.009329207295556727 208
4133 0.00933028273899989 208.5
4143 0.009331359931979508 209
4153 0.009332439323746323 209.5
4163 0.009333521078782022 210
4173 0.009334606354300947 210.5
4183 0.009335694755429561 211
4193 0.009336787172841889 211.5
4203 0.009337884197260034 212
4213 0.009338985709760059 212.5
4223 0.00934009227369572 213
4233 0.009341204607794199 213.5
4243 0.009342322666840723 214
4253 0.009343446419694245 214.5
4263 0.009344575747458284 215
4273 0.009345710775498842 215.5
4283 0.009346851287751068 216
4293 0.009347996542957903 216.5
4303 0.009349146112744082 217
4313 0.009350298781095922 217.5
4323 0.009351453089970379 218
4333 0.009352608081746908 218.5
4343 0.009353761762915008 219
4353 0.009354912001358481 219.5
4363 0.00935605595280297 220
4373 0.009357190975244256 220.5
4383 0.009358313695136147 221
4393 0.009359420872411577 221.5
4403 0.009360508889764963 222
4413 0.009361574182164604 222.5
4423 0.00936261289587062 223
4433 0.009363620937626495 223.5
4443 0.009364593983353041 224
4453 0.00936552777637195 224.5
4463 0.009366417855444495 225
4473 0.009367260209146638 225.5
4483 0.00936805082475143 226
4493 0.009368785621395335 226.5
4503 0.009369460679694963 227
4513 0.009370072569894078 227.5
4523 0.009370618688877954 228
4533 0.009371095685052318 228.5
4543 0.009371501729133062 229
4553 0.009371834426490453 229.5
4563 0.009372092331261468 230
4573 0.009372275370461381 230.5
4583 0.009372383207444429 231
4593 0.009372416394137752 231.5
4603 0.009372376549329316 232
4613 0.009372265239033268 232.5
4623 0.009372083863142977 233
4633 0.009371835229113713 233.5
4643 0.009371522595961078 234
4653 0.009371149801162239 234.5
4663 0.009370721736337866 235
4673 0.009370243360327036 235.5
4683 0.009369721168227582 236
4693 0.009369161562100308 236.5
4703 0.009368571530036467 237
4713 0.009367958338789445 237.5
4723 0.00936733008329961 238
4733 0.009366695121167709 238.5
4743 0.009366060943910386 239
4753 0.009365435850403784 239.5
4763 0.009364828492895929 240
4773 0.009364246454761239 240.5
4783 0.009363697524404375 241
4793 0.009363188843905565 241.5
4803 0.009362726392024916 242
4813 0.009362316847339637 242.5
4823 0.009361964895790423 243
4833 0.009361675117055868 243.5
4843 0.009361450694408864 244
4853 0.009361293849910163 244.5
4863 0.009361205533419108 245
4873 0.009361186228496415 245.5
4883 0.009361235171457725 246
4893 0.009361350568419245 246.5
4903 0.009361529416553613 247
4913 0.009361767886706736 247.5
4923 0.009362062817499833 248
4933 0.009362409211040942 248.5
4943 0.009362803206967984 249
4953 0.009363239089960668 249.5
4963 0.009363711019624627 250
4973 0.009364214142447915 250.5
4983 0.009364742133131997 251
4993 0.009365288859761437 251.5
5003 0.009365849342716013 252
5013 0.009366418131598834 252.5
5023 0.00936699062964769 253
5033 0.009367561701690586 253.5
5043 0.009368126340765434 254
5053 0.009368680413370684 254.5
5063 0.009369219928977251 255
5073 0.009369740882740635 255.5
5083 0.009370239881904198 256
5093 0.009370713759895068 256.5
5103 0.009371160009337662 257
5113 0.009371575782925946 257.5
5123 0.009371958608186001 258
5133 0.009372305770915251 258.5
5143 0.009372615645479547 259
5153 0.00937288607916111 259.5
5163 0.009373115425030816 260
5173 0.009373302866375596 260.5
5183 0.009373447028551297 261
5193 0.009373548080840802 261.5
5203 0.009373604675100736 262
5213 0.009373617301779746 262.5
5223 0.009373586454077799 263
5233 0.009373512466299048 263.5
5243 0.009373397160532483 264
5253 0.009373242111988304 264.5
5263 0.009373049538197771 265
5273 0.009372821717230704 265.5
5283 0.009372561846252687 266
5293 0.009372272657787645 266.5
5303 0.009371958181472654 267
5313 0.009371621257964428 267.5
5323 0.009371265292971153 268
5333 0.009370893607507163 268.5
5343 0.009370509426140311 269
5353 0.009370115853208721 269.5
5363 0.009369715210074864 270
5373 0.009369310455424766 270.5
5383 0.009368904100574475 271
5393 0.009368499090101619 271.5
5403 0.009368096997818256 272
5413 0.009367700094620356 272.5
5423 0.009367310461036537 273
5433 0.009366929549458088 273.5
5443 0.009366558787535024 274
5453 0.009366199399189664 274.5
5463 0.00936585277250317 275
5473 0.00936551969948542 275.5
5483 0.009365201942262936 276
5493 0.009364898786525333 276.5
5503 0.0093646123011519 277
5513 0.009364342984535236 277.5
5523 0.009364090772173338 278
5533 0.009363856155052117 278.5
5543 0.009363638855821737 279
5553 0.00936343923734762 279.5
5563 0.009363256514882437 280
5573 0.009363090608129248 280.5
5583 0.009362940979191258 281
5593 0.009362805976310522 281.5
5603 0.009362684728661964 282
5613 0.009362575669441139 282.5
5623 0.009362477587694 283
5633 0.009362388293109864 283.5
5643 0.009362306043942179 284
5653 0.009362227784060895 284.5
5663 0.009362151624275629 285
5673 0.009362075113854654 285.5
5683 0.009361995051995567 286
5693 0.009361909058985814 286.5
5703 0.009361815145308183 287
5713 0.009361711083659898 287.5
5723 0.009361594997212019 288
5733 0.009361465236323609 288.5
5743 0.009361320240330585 289
5753 0.009361159155489822 289.5
5763 0.009360980765456526 290
5773 0.009360785132039352 290.5
5783 0.009360571646124577 291
5793 0.009360339986557891 291.5
5803 0.009360090477126722 292
5813 0.009359824321766293 292.5
5823 0.009359541685588869 293
5833 0.009359243821443063 293.5
5843 0.009358931829069146 294
5853 0.009358607018523771 294.5
5863 0.009358270978986354 295
5873 0.009357925751823962 295.5
5883 0.009357572518303939 296
5893 0.009357213719022742 296.5
5903 0.009356850623383695 297
5913 0.009356486062716288 297.5
5923 0.009356120537122127 298
5933 0.009355757198214748 298.5
5943 0.009355397747765695 299
5953 0.009355043936104463 299.5
