0 0 0
10 8.908840043475268e-06 0.5
20 1.786214390916724e-05 1
30 2.681137945871417e-05 1.5
40 3.57522974018366e-05 2
50 4.468127610022167e-05 2.5
60 5.359572046740342e-05 3
70 6.250323365492548e-05 3.5
80 7.140474699058581e-05 4
90 8.030198127638367e-05 4.5
100 8.919302843116866e-05 5
110 9.807662313390663e-05 5.5
120 0.000106951435650656 6
130 0.0001158150027063749 6.5
140 0.0001246668354846681 7
150 0.0001335103605606354 7.5
160 0.0001423491382576503 8
170 0.0001511853323412305 8.500000000000002
180 0.0001600209202070001 9.000000000000002
190 0.0001688559331118474 9.500000000000002
200 0.000177689538928629 10
210 0.000186517866379507 10.5
220 0.0001953317589270128 11
230 0.0002041164837715875 11.5
240 0.0002128546580650589 12
250 0.000221528189883575 12.5
260 0.0002301212200237353 13
270 0.0002386189203976517 13.5
280 0.0002470078453022031 14
290 0.0002552736780507287 14.5
300 0.0002634009063015242 15
310 0.0002713699041156935 15.5
320 0.0002791601229943253 16
330 0.0002867548949784043 16.5
340 0.0002941490629106774 17
350 0.0003013501551589032 17.5
360 0.0003083734524060838 18
370 0.00031524413457247 18.5
380 0.0003219895274863387 19
390 0.0003286365114745081 19.5
400 0.0003352079326412578 20
410 0.000341721076122704 20.5
420 0.0003481880582283815 21
430 0.0003546135694040484 21.5
440 0.0003609976558249169 22
450 0.0003673378309505947 22.5
460 0.0003736293087176812 23
470 0.0003798653255645155 23.5
480 0.0003860388590196802 24
490 0.0003921462274300329 24.5
500 0.0003981834586132753 25
510 0.0004041506746409883 25.5
520 0.0004100487287296976 26
530 0.0004158783542377652 26.5
540 0.0004216429124087386 27
550 0.0004273426139322153 27.5
560 0.0004329754087590467 28
570 0.0004385396776598529 28.5
580 0.0004440366234175718 29
590 0.0004494638114777225 29.5
600 0.0004548163368252106 30
610 0.0004600893861464683 30.5
620 0.0004652750165182153 31
630 0.0004703644145436267 31.5
640 0.0004753475039131098 32
650 0.0004802225820699159 32.5
660 0.0004849913830979917 33
670 0.0004896472958805414 33.5
680 0.0004941875967677419 34
690 0.0004986167794874116 34.5
700 0.0005029440006014402 35
710 0.000507171222768119 35.5
720 0.0005113045719649268 36
730 0.0005153494576585544 36.5
740 0.0005193073003433765 37
750 0.0005231755734277654 37.5
760 0.0005269572699190631 38
770 0.0005306568671472837 38.5
780 0.0005342775347356141 39
790 0.0005378210424209592 39.5
800 0.000541286898466811 40
810 0.0005446783526005568 40.5
820 0.0005480009540355693 41
830 0.0005512645773985806 41.5
840 0.0005544813865626913 42
850 0.0005576600875774758 42.5
860 0.0005608114360602426 43
870 0.0005639452013585075 43.5
880 0.0005670651711701402 44
890 0.0005701759480094237 44.5
900 0.0005732887022320061 45
910 0.0005764135489841249 45.5
920 0.0005795469459864115 46
930 0.0005826743581819162 46.5
940 0.0005857807602156192 47
950 0.0005888588904902151 47.5
960 0.0005919098421593346 48
970 0.0005949262435916043 48.5
980 0.0005979009332381503 49
990 0.0006008343233085618 49.5
1000 0.0006037246012060299 50
1010 0.0006065626506720661 50.5
1020 0.0006093336046161901 51
1030 0.0006120217350122069 51.5
1040 0.0006146114490631531 52
1050 0.0006170811367291375 52.5
1060 0.0006194160549023828 53
1070 0.0006216206080477791 53.5
1080 0.0006237057962936363 54
1090 0.0006256896569787501 54.5
1100 0.0006275959912958759 55
1110 0.0006294375448792297 55.5
1120 0.0006312192281296095 56
1130 0.0006329421375539893 56.5
1140 0.0006346017610099017 57
1150 0.0006361985873430076 57.5
1160 0.000637740323185118 58
1170 0.0006392385928156273 58.5
1180 0.0006407156824007313 59
1190 0.0006421853866044446 59.5
1200 0.0006436467977580341 60
1210 0.0006450952859946798 60.5
1220 0.0006465285531889788 61
1230 0.0006479527633464241 61.5
1240 0.0006493678633848764 62
1250 0.000650767227123809 62.5
1260 0.0006521444744903268 63
1270 0.0006534996988855956 63.5
1280 0.000654829077625364 64
1290 0.0006561286191018994 64.5
1300 0.0006573881794134621 65
1310 0.0006585954974755788 65.5
1320 0.0006597433756522361 66
1330 0.0006608338779956625 66.5
1340 0.0006618731711032993 67
1350 0.0006628677157979549 67.5
1360 0.0006638327140032792 68
1370 0.0006647821429470823 68.5
1380 0.0006657208829784582 69
1390 0.0006666516296422176 69.5
1400 0.0006675730457227059 70
1410 0.0006684847266088966 70.5
1420 0.0006693935770978992 71
1430 0.0006703027786297692 71.5
1440 0.0006712071617024266 72
1450 0.0006720975114317012 72.5
1460 0.0006729681461866031 73
1470 0.0006738285085005861 73.5
1480 0.0006746893320855628 74
1490 0.0006755540664711505 74.5
1500 0.0006764262057892774 75
1510 0.0006773061707891157 75.5
1520 0.0006781892321726105 76
1530 0.000679074171729987 76.5
1540 0.0006799599115667595 77
1550 0.0006808385066570427 77.5
1560 0.0006817100320577905 78
1570 0.0006825741842029649 78.5
1580 0.000683434262161566 79
1590 0.000684289576244099 79.5
1600 0.0006851370698994076 80
1610 0.0006859795144930678 80.5
1620 0.0006868236017383107 81
1630 0.0006876817131542387 81.5
1640 0.0006885636609846147 82
1650 0.0006894640831589212 82.5
1660 0.0006903781643362142 83
1670 0.0006913180754467584 83.5
1680 0.0006922973006513674 84
1690 0.0006933069903587377 84.5
1700 0.0006943291737018841 85
1710 0.0006953460790946758 85.5
1720 0.0006963472520543621 86
1730 0.0006973202867785275 86.5
1740 0.000698254990778627 87
1750 0.0006991436002616714 87.5
1760 0.0006999767923728263 88
1770 0.0007007530703627902 88.5
1780 0.0007014747208577859 89
1790 0.0007021463787199139 89.5
1800 0.0007027767872091519 90
1810 0.0007033754989498809 90.5
1820 0.0007039500034734248 91
1830 0.0007045101309073073 91.5
1840 0.0007050626566271 92
1850 0.0007056002364198721 92.5
1860 0.000706113748980253 93
1870 0.0007065974199411307 93.5
1880 0.0007070443690314168 94
1890 0.0007074511011923809 94.5
1900 0.0007078234957194882 95
1910 0.0007081702488874646 95.5
1920 0.0007084969124012014 96
1930 0.0007088081377527857 96.5
1940 0.0007091094825036442 97
1950 0.000709405370893617 97.5
1960 0.0007096974270574965 98
1970 0.0007099837885715833 98.5
1980 0.0007102652221300148 99
1990 0.0007105427073198418 99.5
2000 0.0007108171744531983 100
2010 0.0007110883262578015 100.5
2020 0.0007113555693882806 101
2030 0.0007116186289816252 101.5
2040 0.0007118818317793923 102
2050 0.0007121495251570982 102.5
2060 0.0007124262057859619 103
2070 0.0007127098274309993 103.5
2080 0.000713000080065345 104
2090 0.0007132996563771392 104.5
2100 0.0007136062255546548 105
2110 0.0007139149838598843 105.5
2120 0.0007142265424779793 106
2130 0.0007145432981379622 106.5
2140 0.0007148602814045285 107
2150 0.0007151727929969788 107.5
2160 0.0007154883639286277 108
2170 0.0007158149672777206 108.5
2180 0.0007161587018441384 109
2190 0.0007165161933681751 109.5
2200 0.000716883199000173 110
2210 0.0007172559917771295 110.5
2220 0.0007176326780231788 111
2230 0.0007180133761099751 111.5
2240 0.0007183989285035414 112
2250 0.0007187874247692996 112.5
2260 0.0007191716480910137 113
2270 0.0007195412570489228 113.5
2280 0.0007198857264426843 114
2290 0.0007201960662499366 114.5
2300 0.0007204559947570916 115
2310 0.0007206557120809125 115.5
2320 0.0007207906945244471 116
2330 0.000720864854697245 116.5
2340 0.0007208865800349974 117
2350 0.0007208681656467838 117.5
2360 0.0007208204136895403 118
2370 0.0007207473018313205 118.5
2380 0.0007206480560096336 119
2390 0.0007205230443315467 119.5
2400 0.0007203778223945275 120
2410 0.0007202187112443906 120.5
2420 0.0007200470645402721 121
2430 0.0007198660560834193 121.5
2440 0.0007196799372971707 122
2450 0.0007194917485647271 122.5
2460 0.0007192997727321815 123
2470 0.0007191113765315614 123.5
2480 0.0007189245025157969 124
2490 0.000718735028237984 124.5
2500 0.0007185420310554787 125
2510 0.0007183416783467532 125.5
2520 0.0007181318414727047 126
2530 0.0007179139538041477 126.5
2540 0.0007176936123643142 127
2550 0.0007174751316590146 127.5
2560 0.000717264603797872 128
2570 0.0007170720279241709 128.5
2580 0.0007169070865728317 129
2590 0.0007167749530840443 129.5
2600 0.0007166790108165488 130
2610 0.0007166135897729964 130.5
2620 0.0007165726258156909 131
2630 0.0007165546286115357 131.5
2640 0.0007165620534788113 132
2650 0.0007165987941916217 132.5
2660 0.0007166689407276305 133
2670 0.000716774877514208 133.5
2680 0.0007169150771119876 134
2690 0.0007170827541368143 134.5
2700 0.0007172702095014411 135
2710 0.0007174728554890482 135.5
2720 0.0007176869338085179 136
2730 0.0007179075610453626 136.5
2740 0.0007181336376480618 137
2750 0.0007183661079753813 137.5
2760 0.0007186027248694542 138
2770 0.0007188445430869115 138.5
2780 0.0007190958858780927 139
2790 0.0007193440874670707 139.5
2800 0.0007195755770634632 140
2810 0.0007197876117646748 140.5
2820 0.0007199874163092536 141
2830 0.0007201806019657908 141.5
2840 0.0007203720808682295 142
2850 0.0007205633754269677 142.5
2860 0.0007207520918015371 143
2870 0.0007209408966526275 143.5
2880 0.0007211333634309771 144
2890 0.0007213331169422922 144.5
2900 0.0007215429166453246 145
2910 0.0007217616054615458 145.5
2920 0.0007219851345971613 146
2930 0.0007222144342708185 146.5
2940 0.000722448963035129 147
2950 0.0007226869321810851 147.5
2960 0.0007229305408772908 148
2970 0.0007231801339698052 148.5
2980 0.00072343295761113 149
2990 0.0007236838651475764 149.5
3000 0.0007239326899851521 150
3010 0.0007241797752988219 150.5
3020 0.0007244238824106149 151
3030 0.0007246582905821016 151.5
3040 0.0007248718176170016 152
3050 0.000725054225685206 152.5
3060 0.0007252086554813374 153
3070 0.0007253451489814132 153.5
3080 0.000725474845169601 154
3090 0.0007255997414452917 154.5
3100 0.0007257188191811087 155
3110 0.0007258324884499555 155.5
3120 0.0007259465967469819 156
3130 0.0007260597311505177 156.5
3140 0.0007261697687882502 157
3150 0.0007262819348975929 157.5
3160 0.0007264005900973327 158
3170 0.0007265276299611664 158.5
3180 0.0007266664970715694 159
3190 0.0007268189867071932 159.5
3200 0.0007269849343048929 160
3210 0.0007271644720645433 160.5
3220 0.0007273561408692052 161
3230 0.0007275619639262995 161.5
3240 0.0007277867130357462 162
3250 0.0007280307704102422 162.5
3260 0.0007282910984315363 163
3270 0.0007285674124710926 163.5
3280 0.0007288614241991272 164
3290 0.000729171909206947 164.5
3300 0.0007294989097573503 165
3310 0.0007298411198337135 165.5
3320 0.0007301955834041921 166
3330 0.0007305575248278771 166.5
3340 0.0007309154893852155 167
3350 0.0007312625431380806 167.5
3360 0.000731594787635944 168
3370 0.00073190993503162 168.5
3380 0.0007322052738108147 169
3390 0.0007324746085967025 169.5
3400 0.000732714830747517 170
3410 0.0007329204489798285 170.5
3420 0.0007330875506343628 171
3430 0.0007332146816239004 171.5
3440 0.0007333004286937024 172
3450 0.0007333431559600085 172.5
3460 0.0007333437208946727 173
3470 0.0007333004423976209 173.5
3480 0.0007332124228841396 174
3490 0.0007330887870063808 174.5
3500 0.0007329445561755878 175
3510 0.000732792043830029 175.5
3520 0.0007326386809962194 176
3530 0.00073248768132684 176.5
3540 0.0007323358413113596 177
3550 0.0007321798955716247 177.5
3560 0.0007320169830723626 178
3570 0.0007318500002349461 178.5
3580 0.0007316826277228728 179
3590 0.0007315161428525642 179.5
3600 0.0007313518147647933 180
3610 0.0007311856135627365 180.5
3620 0.0007310139526693758 181
3630 0.0007308306599200886 181.5
3640 0.0007306326871461362 182
3650 0.0007304227047425228 182.5
3660 0.0007302052939298001 183
3670 0.0007299855417595056 183.5
3680 0.0007297586964342633 184
3690 0.0007295237910225644 184.5
3700 0.0007292878151069995 185
3710 0.0007290528770040325 185.5
3720 0.0007288135020893775 186
3730 0.000728565956601092 186.5
3740 0.0007283159365193391 187
3750 0.0007280721551802496 187.5
3760 0.0007278423766141169 188
3770 0.0007276302569474448 188.5
3780 0.0007274345449231431 189
3790 0.0007272497133811784 189.5
3800 0.0007270749768795167 190
3810 0.0007269067365691989 190.5
3820 0.0007267402681369231 191
3830 0.0007265742967020023 191.5
3840 0.0007264086157233845 192
3850 0.0007262400403995905 192.5
3860 0.0007260665324795274 193
3870 0.0007258887671460717 193.5
3880 0.0007257053881038307 194
3890 0.0007255126294431273 194.5
3900 0.0007253052286406005 195
3910 0.0007250830670462472 195.5
3920 0.0007248490994404964 196
3930 0.0007246103455327855 196.5
3940 0.0007243730917294968 197
3950 0.0007241420824227426 197.5
3960 0.0007239208755595899 198
3970 0.0007237177906240181 198.5
3980 0.0007235438957652421 199
3990 0.0007234051926039121 199.5
4000 0.0007233003659704963 200
4010 0.0007232267679108837 200.5
4020 0.0007231874716255756 201
4030 0.0007231795839605655 201.5
4040 0.0007232012617676798 202
4050 0.0007232532930996189 202.5
4060 0.0007233336515780318 203
4070 0.0007234414385651226 203.5
4080 0.0007235683310911245 204
4090 0.000723707940480364 204.5
4100 0.0007238626588522849 205
4110 0.0007240372277471538 205.5
4120 0.0007242333722503972 206
4130 0.0007244485292778228 206.5
4140 0.0007246802442093123 207
4150 0.0007249279260032169 207.5
4160 0.0007251934406197798 208
4170 0.0007254752311351176 208.5
4180 0.0007257717811324952 209
4190 0.0007260803498609443 209.5
4200 0.0007263990638794865 210
4210 0.0007267242595689816 210.5
4220 0.000727050511280963 211
4230 0.0007273758808815542 211.5
4240 0.0007276987871261445 212
4250 0.0007280154767650721 212.5
4260 0.0007283210295721472 213
4270 0.0007286105918471172 213.5
4280 0.000728880937752286 214
4290 0.0007291306178481271 214.5
4300 0.0007293612557647055 215
4310 0.0007295741116683965 215.5
4320 0.0007297683883000981 216
4330 0.0007299438409083736 216.5
4340 0.0007301041384059953 217
4350 0.0007302539472608001 217.5
4360 0.0007303963191338975 218
4370 0.0007305336844379569 218.5
4380 0.0007306720520453057 219
4390 0.0007308170579706396 219.5
4400 0.0007309762380748018 220
4410 0.0007311537584443061 220.5
4420 0.0007313508366339698 221
4430 0.0007315647452687861 221.5
4440 0.0007317972205308508 222
4450 0.0007320540076285693 222.5
4460 0.0007323390041289505 223
4470 0.0007326533740747276 223.5
4480 0.0007329940714344787 224
4490 0.0007333564678483369 224.5
4500 0.0007337360346642266 225
4510 0.0007341279174866626 225.5
4520 0.0007345289026257203 226
4530 0.0007349376985516509 226.5
4540 0.0007353530384440191 227
4550 0.0007357747167711779 227.5
4560 0.0007362017453800783 228
4570 0.0007366310950180704 228.5
4580 0.0007370606708585089 229
4590 0.0007374908105919265 229.5
4600 0.0007379241003309258 230
4610 0.0007383595395292599 230.5
4620 0.0007387937230818981 231
4630 0.0007392236051267333 231.5
4640 0.0007396463701747865 232
4650 0.0007400592283438345 232.5
4660 0.0007404609590204878 233
4670 0.000740852431730338 233.5
4680 0.0007412366104526213 234
4690 0.0007416160191905578 234.5
4700 0.0007419930905202951 235
4710 0.0007423687671040832 235.5
4720 0.000742743361661152 236
4730 0.0007431193059601074 236.5
4740 0.0007434962284347076 237
4750 0.0007438750695561284 237.5
4760 0.0007442579151731001 238
4770 0.0007446460117956929 238.5
4780 0.0007450388570334534 239
4790 0.0007454342746731649 239.5
4800 0.000745831273131526 240
4810 0.0007462283113268715 240.5
4820 0.0007466223259248989 241
4830 0.0007470110996496016 241.5
4840 0.0007473891318276872 242
4850 0.0007477527597025316 242.5
4860 0.00074809850718586 243
4870 0.0007484230360547476 243.5
4880 0.0007487237463075047 244
4890 0.0007489992227293599 244.5
4900 0.0007492503975470509 245
4910 0.0007494785357399296 245.5
4920 0.0007496836655528812 246
4930 0.0007498656365967395 246.5
4940 0.0007500234073561298 247
4950 0.0007501566802873268 247.5
4960 0.0007502681462234 248
4970 0.0007503594820942917 248.5
4980 0.0007504322050024646 249
4990 0.0007504866068462023 249.5
5000 0.0007505220467605692 250
