0 0.03951878845691681 0
5 0.07662642002105713 0.5
10 0.07474644482135773 1
15 0.07341061532497406 1.5
20 0.07251647114753723 2
25 0.07195407897233963 2.5
30 0.0716000497341156 3
35 0.07137301564216614 3.5
40 0.07121887803077698 4
45 0.07110553979873657 4.5
50 0.07101737707853317 5
55 0.0709305927157402 5.500000000000001
60 0.07083901762962341 6.000000000000001
65 0.07073342055082321 6.500000000000001
70 0.07060252130031586 7.000000000000001
75 0.07044704258441925 7.500000000000001
80 0.07024506479501724 8
85 0.07001302391290665 8.5
90 0.06974875926971436 9
95 0.06946713477373123 9.5
100 0.06917750835418701 10
105 0.06888239830732346 10.5
110 0.06859931349754333 11
115 0.06833809614181519 11.5
120 0.06808862090110779 12
125 0.06786935776472092 12.5
130 0.06767276674509048 13
135 0.06750666350126266 13.5
140 0.06736729294061661 14
145 0.0672537088394165 14.5
150 0.06716861575841904 15
155 0.06710416078567505 15.5
160 0.06712441146373749 16
165 0.06727588176727295 16.5
170 0.06744681298732758 17
175 0.0676301047205925 17.5
180 0.06780953705310822 18
185 0.06800061464309692 18.5
190 0.06819496303796768 19
195 0.06836916506290436 19.5
200 0.06853577494621277 20
205 0.06867916882038116 20.5
210 0.06879325211048126 21
215 0.06921054422855377 21.5
220 0.0694681778550148 22
225 0.06925872713327408 22.5
230 0.06881442666053772 23
235 0.06895332783460617 23.5
240 0.06925056874752045 24
245 0.06937567144632339 24.5
250 0.06932632625102997 25
255 0.06912160664796829 25.5
260 0.06888996064662933 26
265 0.06918811053037643 26.5
270 0.0700661763548851 27
275 0.07079799473285675 27.5
280 0.07135052978992462 28
285 0.07173898816108704 28.5
290 0.07194438576698303 29
295 0.07195865362882614 29.5
300 0.07179297506809235 30
305 0.07147655636072159 30.5
310 0.07106812298297882 31
315 0.07094153016805649 31.5
320 0.07113569974899292 32
325 0.07127624750137329 32.5
330 0.07136419415473938 33.00000000000001
335 0.07141160219907761 33.50000000000001
340 0.07170770317316055 34.00000000000001
345 0.0722082257270813 34.50000000000001
350 0.07267563045024872 35.00000000000001
355 0.07311461865901947 35.50000000000001
360 0.07350548356771469 36.00000000000001
365 0.07381507009267807 36.50000000000001
370 0.07395496964454651 37.00000000000001
375 0.07388553768396378 37.50000000000001
380 0.07348363846540451 38.00000000000001
385 0.0727304220199585 38.50000000000001
390 0.07162981480360031 39.00000000000001
395 0.07069295644760132 39.50000000000001
400 0.07026538252830505 40.00000000000001
405 0.07012377679347992 40.50000000000001
410 0.07000607252120972 41.00000000000001
415 0.06991447508335114 41.50000000000001
420 0.06988032907247543 42.00000000000001
425 0.06985338032245636 42.50000000000001
430 0.06984153389930725 43.00000000000001
435 0.06981460750102997 43.50000000000001
440 0.06975144147872925 44.00000000000001
445 0.06973967701196671 44.50000000000001
450 0.06977851688861847 45.00000000000001
455 0.0697995126247406 45.50000000000001
460 0.06979351490736008 46.00000000000001
465 0.06977939605712891 46.50000000000001
470 0.06973597407341003 47.00000000000001
475 0.06966405361890793 47.50000000000001
480 0.07131610065698624 48.00000000000001
485 0.07348395884037018 48.50000000000001
490 0.07556618750095367 49.00000000000001
495 0.07764297723770142 49.50000000000001
500 0.07993928343057632 50.00000000000001
505 0.08144586533308029 50.50000000000001
510 0.08217582106590271 51.00000000000001
515 0.0823352262377739 51.50000000000001
520 0.08221162110567093 52.00000000000001
525 0.08199755102396011 52.50000000000001
530 0.08154986053705215 53.00000000000001
535 0.08094402402639389 53.50000000000001
540 0.08031640946865082 54.00000000000001
545 0.07962130755186081 54.50000000000001
550 0.07884787768125534 55.00000000000001
555 0.07801565527915955 55.50000000000001
560 0.07715461403131485 56.00000000000001
565 0.07629267126321793 56.50000000000001
570 0.07547511905431747 57.00000000000001
575 0.07474689930677414 57.50000000000001
580 0.07415119558572769 58.00000000000001
585 0.07372676581144333 58.50000000000001
590 0.07351715862751007 59.00000000000001
595 0.07354432344436646 59.50000000000001
600 0.07382996380329132 60.00000000000001
605 0.07439053803682327 60.50000000000001
610 0.07520993053913116 61.00000000000001
615 0.07622242718935013 61.50000000000001
620 0.07742560654878616 62.00000000000001
625 0.07869412750005722 62.50000000000001
630 0.07992854714393616 63.00000000000001
635 0.08106783777475357 63.50000000000001
640 0.08205226808786392 64
645 0.08285126090049744 64.5
650 0.08340390771627426 65
655 0.08372563868761063 65.5
660 0.08385290205478668 66
665 0.08379056304693222 66.5
670 0.08358167111873627 67
675 0.08322117477655411 67.5
680 0.08274038136005402 68
685 0.08217441290616989 68.5
690 0.0815088152885437 69
695 0.08079300075769424 69.5
700 0.08001227676868439 70
705 0.07920641452074051 70.5
710 0.07838599383831024 71
715 0.07757877558469772 71.5
720 0.07684696465730667 72
725 0.07617534697055817 72.5
730 0.07559219002723694 73
735 0.07511383295059204 73.5
740 0.07476920634508133 74
745 0.07459118217229843 74.5
750 0.0745757669210434 75
755 0.07472645491361618 75.5
760 0.07503995299339294 76
765 0.07549270242452621 76.5
770 0.07608852535486221 77
775 0.07680762559175491 77.50000000000001
780 0.07758725434541702 78.00000000000001
785 0.07839618623256683 78.50000000000001
790 0.07918775826692581 79.00000000000001
795 0.07992946356534958 79.50000000000001
800 0.08059217035770416 80.00000000000001
805 0.08111769706010818 80.50000000000001
810 0.08151399344205856 81.00000000000001
815 0.08177588880062103 81.50000000000001
820 0.08189348876476288 82.00000000000001
825 0.08188280463218689 82.50000000000001
830 0.08170779049396515 83.00000000000001
835 0.08147227764129639 83.50000000000001
840 0.08115638792514801 84.00000000000001
845 0.08074172586202621 84.50000000000001
850 0.08028540760278702 85.00000000000001
855 0.07980059087276459 85.50000000000001
860 0.0792948454618454 86.00000000000001
865 0.07881665974855423 86.50000000000001
870 0.07839629799127579 87.00000000000001
875 0.07800512760877609 87.50000000000001
880 0.07769270241260529 88.00000000000001
885 0.07749190926551819 88.50000000000001
890 0.07742484658956528 89.00000000000001
895 0.07747494429349899 89.50000000000001
900 0.07766444981098175 90.00000000000001
905 0.07800950109958649 90.50000000000001
910 0.07847555726766586 91.00000000000001
915 0.07905854284763336 91.50000000000001
920 0.07969266176223755 92.00000000000001
925 0.08036373555660248 92.50000000000001
930 0.08101281523704529 93.00000000000001
935 0.08159800618886948 93.50000000000001
940 0.08209392428398132 94.00000000000001
945 0.08244782686233521 94.50000000000001
950 0.08265084028244019 95.00000000000001
955 0.08271025866270065 95.50000000000001
960 0.08262135088443756 96.00000000000001
965 0.08239726722240448 96.50000000000001
970 0.08202590048313141 97.00000000000001
975 0.08155385404825211 97.50000000000001
980 0.08098237961530685 98.00000000000001
985 0.08033831417560577 98.50000000000001
990 0.07964015752077103 99.00000000000001
995 0.07890462130308151 99.50000000000001
1000 0.07816637307405472 100
1005 0.07744687050580978 100.5
1010 0.07679595798254013 101
1015 0.07622277736663818 101.5
1020 0.07577686756849289 102
1025 0.07545837014913559 102.5
1030 0.07530160248279572 103
1035 0.07532439380884171 103.5
1040 0.07553202658891678 104
1045 0.07592152804136276 104.5
1050 0.076486736536026 105
1055 0.07719796150922775 105.5
1060 0.07800084352493286 106
1065 0.07885884493589401 106.5
1070 0.0797155499458313 107
1075 0.08050315827131271 107.5
1080 0.08118430525064468 108
1085 0.08171339333057404 108.5
1090 0.08205495029687881 109
1095 0.08220835775136948 109.5
1100 0.08219257742166519 110
1105 0.08200021833181381 110.5
1110 0.08166727423667908 111
1115 0.08118666708469391 111.5
1120 0.08060977607965469 112
1125 0.07992130517959595 112.5
1130 0.07916873693466187 113
1135 0.07837856560945511 113.5
1140 0.07755320519208908 114
1145 0.07676099240779877 114.5
1150 0.07601407915353775 115
1155 0.07533890008926392 115.5
1160 0.07476643472909927 116
1165 0.07431687414646149 116.5
1170 0.07404246181249619 117
1175 0.0739375501871109 117.5
1180 0.07403713464736938 118
1185 0.07434407621622086 118.5
1190 0.07484693825244904 119
1195 0.07552241533994675 119.5
1200 0.07634744793176651 120
1205 0.07725539058446884 120.5
1210 0.07820171117782593 121
1215 0.07913368940353394 121.5
1220 0.07996322214603424 122
1225 0.08066907525062561 122.5
1230 0.08121339976787567 123
1235 0.08154591917991638 123.5
1240 0.08170090615749359 124
1245 0.08167872577905655 124.5
1250 0.08148550987243652 125
1255 0.08114206790924072 125.5
1260 0.08067578822374344 126
1265 0.08010334521532059 126.5
1270 0.07945280522108078 127
1275 0.07874157279729843 127.5
1280 0.07799142599105835 128
1285 0.07723545283079147 128.5
1290 0.07650236785411835 129
1295 0.07582119852304459 129.5
1300 0.0752236470580101 130
1305 0.07473760098218918 130.5
1310 0.07438066601753235 131
1315 0.07418434321880341 131.5
1320 0.07416482269763947 132
1325 0.07433339953422546 132.5
1330 0.07470409572124481 133
1335 0.0752519890666008 133.5
1340 0.07596729695796967 134
1345 0.07680725306272507 134.5
1350 0.07772204279899597 135
1355 0.07863978296518326 135.5
1360 0.07951793074607849 136
1365 0.08029256761074066 136.5
1370 0.08093972504138947 137
1375 0.08139842003583908 137.5
1380 0.0816604346036911 138
1385 0.08175291866064072 138.5
1390 0.0816732719540596 139
1395 0.08144605904817581 139.5
1400 0.08108331263065338 140
1405 0.08061008900403976 140.5
1410 0.08003005385398865 141
1415 0.07938980311155319 141.5
1420 0.07869081944227219 142
1425 0.07796674966812134 142.5
1430 0.07724235206842422 143
1435 0.07652761042118073 143.5
1440 0.07588541507720947 144
1445 0.07532396167516708 144.5
1450 0.07487182319164276 145
1455 0.07454352080821991 145.5
1460 0.07437065988779068 146
1465 0.07437177747488022 146.5
1470 0.07457202672958374 147
1475 0.07496487349271774 147.5
1480 0.07553935796022415 148
1485 0.07627391815185547 148.5
1490 0.07713990658521652 149
1495 0.07806135714054108 149.5
1500 0.07897043973207474 150
1505 0.07982981204986572 150.5
1510 0.08060813695192337 151
1515 0.08121677488088608 151.5
1520 0.08164482563734055 152
1525 0.08187142759561539 152.5
1530 0.08194824308156967 153
1535 0.08186006546020508 153.5
1540 0.08163008093833923 154
1545 0.0812842920422554 154.5
1550 0.08083085715770721 155
1555 0.0803043469786644 155.5
1560 0.07969631254673004 156
1565 0.07904906570911407 156.5
1570 0.0783684104681015 157
1575 0.07769253849983215 157.5
1580 0.07702748477458954 158
1585 0.07641841471195221 158.5
1590 0.07588332891464233 159
1595 0.07543717324733734 159.5
1600 0.07511118054389954 160
1605 0.07494407892227173 160.5
1610 0.07493233680725098 161
1615 0.07510764896869659 161.5
1620 0.075470931828022 162
1625 0.07600046694278717 162.5
1630 0.07668536156415939 163
1635 0.07747580111026764 163.5
1640 0.07832486927509308 164
1645 0.0791746973991394 164.5
1650 0.07996971905231476 165
1655 0.08068250119686127 165.5
1660 0.08122727274894714 166
1665 0.08159065991640091 166.5
1670 0.08178218454122543 167
1675 0.08180542290210724 167.5
1680 0.0816783607006073 168
1685 0.08142293989658356 168.5
1690 0.08104733377695084 169
1695 0.08058367669582367 169.5
1700 0.08003281801939011 170
1705 0.07941465079784393 170.5
1710 0.07874950021505356 171
1715 0.0780750960111618 171.5
1720 0.07738823443651199 172
1725 0.07671993970870972 172.5
1730 0.07611104100942612 173
1735 0.07558022439479828 173.5
1740 0.07513638585805893 174
1745 0.07482312619686127 174.5
1750 0.07466217130422592 175
1755 0.07467013597488403 175.5
1760 0.07487479597330093 176
1765 0.07524196803569794 176.5
1770 0.07580375671386719 177
1775 0.07650549709796906 177.5
1780 0.07730887830257416 178
1785 0.07817762345075607 178.5
1790 0.07901009917259216 179
1795 0.07981494814157486 179.5
1800 0.08052249997854233 180
1805 0.0810559093952179 180.5
1810 0.08140113949775696 181
1815 0.08156826347112656 181.5
1820 0.08158188313245773 182
1825 0.08145718276500702 182.5
1830 0.08119095116853714 183
1835 0.08082360774278641 183.5
1840 0.08035576343536377 184
1845 0.07981343567371368 184.5
1850 0.07920680940151215 185
1855 0.07855197787284851 185.5
1860 0.07790915668010712 186
1865 0.07724042981863022 186.5
1870 0.0766020268201828 187
1875 0.07601940631866455 187.5
1880 0.07551621645689011 188
1885 0.07511405646800995 188.5
1890 0.07483665645122528 189
1895 0.07470696419477463 189.5
1900 0.07475575059652328 190
1905 0.07499108463525772 190.5
1910 0.07539916038513184 191
1915 0.07597985863685608 191.5
1920 0.07669638097286224 192
1925 0.0775025337934494 192.5
1930 0.07835622131824493 193
1935 0.07918104529380798 193.5
1940 0.07994978874921799 194
1945 0.08060798048973083 194.5
1950 0.08110402524471283 195
1955 0.08141754567623138 195.5
1960 0.08155432343482971 196
1965 0.08153001219034195 196.5
1970 0.08137712627649307 197
1975 0.08109330385923386 197.5
1980 0.08070220053195953 198
1985 0.08022386580705643 198.5
1990 0.07967305928468704 199
1995 0.07905526459217072 199.5
2000 0.07841896265745163 200
2005 0.07776273787021637 200.5
2010 0.07710864394903183 201
2015 0.07648982852697372 201.5
2020 0.07593079656362534 202
2025 0.07544773817062378 202.5
2030 0.07508091628551483 203
2035 0.07484707981348038 203.5
2040 0.07476548850536346 204
2045 0.07485898584127426 204.5
2050 0.07513276487588882 205
2055 0.0755900964140892 205.5
2060 0.0762135311961174 206
2065 0.07695120573043823 206.5
2070 0.07778812199831009 207
2075 0.07863953709602356 207.5
2080 0.07946457713842392 208
2085 0.08021294325590134 208.5
2090 0.08083820343017578 209
2095 0.08128290623426437 209.5
2100 0.08155901730060577 210
2105 0.08165513724088669 210.5
2110 0.08160147815942764 211
2115 0.08141372352838516 211.5
2120 0.0811065211892128 212
2125 0.08068680763244629 212.5
2130 0.08019772171974182 213
2135 0.07961301505565643 213.5
2140 0.07899759709835052 214
2145 0.07834132015705109 214.5
2150 0.07768068462610245 215
2155 0.07701635360717773 215.5
2160 0.07641591131687164 216
2165 0.07587576657533646 216.5
2170 0.07540319114923477 217
2175 0.07505079358816147 217.5
2180 0.07483088225126266 218
2185 0.07478044927120209 218.5
2190 0.07491243630647659 219
2195 0.07522555440664291 219.5
2200 0.07570363581180573 220
2205 0.07636039704084396 220.5
2210 0.07712835818529129 221
2215 0.07797317206859589 221.5
2220 0.07882334291934967 222
2225 0.07963869720697403 222.5
2230 0.08038771897554398 223
2235 0.08098337799310684 223.5
2240 0.08139902353286743 224
2245 0.08162929117679596 224.5
2250 0.0817008763551712 225
2255 0.08162357658147812 225.5
2260 0.081401526927948 226
2265 0.08105421811342239 226.5
2270 0.08061452955007553 227
2275 0.08008997887372971 227.5
2280 0.0794903039932251 228
2285 0.07884326577186584 228.5
2290 0.07817591726779938 229
2295 0.07748859375715256 229.5
2300 0.07682696729898453 230
2305 0.07620998471975327 230.5
2310 0.07566043734550476 231
2315 0.07519965618848801 231.5
2320 0.07487040013074875 232
2325 0.07468140125274658 232.5
2330 0.07465847581624985 233
2335 0.07483096420764923 233.5
2340 0.0751841738820076 234
2345 0.07570115476846695 234.5
2350 0.07638546079397202 235
2355 0.07718370109796524 235.5
2360 0.07804280519485474 236
2365 0.07889705896377563 236.5
2370 0.07970183342695236 237
2375 0.08042768388986588 237.5
2380 0.08099497109651566 238
2385 0.08136358857154846 238.5
2390 0.08155413717031479 239
2395 0.08159424364566803 239.5
2400 0.08146900683641434 240
2405 0.08120773732662201 240.5
2410 0.08082707971334457 241
2415 0.08035214245319366 241.5
2420 0.07979167252779007 242
2425 0.07916292548179626 242.5
2430 0.07848550379276276 243
2435 0.07779104262590408 243.5
2440 0.07709036022424698 244
2445 0.07642992585897446 244.5
2450 0.07580661773681641 245
2455 0.07526795566082001 245.5
2460 0.07482539862394333 246
2465 0.07452475279569626 246.5
2470 0.07436611503362656 247
2475 0.07438834011554718 247.5
2480 0.07460096478462219 248
2485 0.0749996155500412 248.5
2490 0.07556266337633133 249
2495 0.0762854665517807 249.5
2500 0.07710929960012436 250
2505 0.07798365503549576 250.5
2510 0.07883355766534805 251
2515 0.07961998879909515 251.5
2520 0.08032126724720001 252
2525 0.08083949238061905 252.5
2530 0.08116909116506577 253
2535 0.08131588995456696 253.5
2540 0.08131544291973114 254
2545 0.08115431666374207 254.5
2550 0.08086736500263214 255
2555 0.08045928925275803 255.5
2560 0.07996582239866257 256
2565 0.07939166575670242 256.5
2570 0.0787549614906311 257
2575 0.07808880507946014 257.5
2580 0.07740332931280136 258
2585 0.07671485841274261 258.5
2590 0.07608050853013992 259
2595 0.07550568878650665 259.5
2600 0.07500683516263962 260
2605 0.07462256401777267 260.5
2610 0.07438328862190247 261
2615 0.07429496943950653 261.5
2620 0.074393130838871 262
2625 0.07467351853847504 262.5
2630 0.07513278722763062 263
2635 0.07576754689216614 263.5
2640 0.07653021067380905 264
2645 0.07738196849822998 264.5
2650 0.07824791222810745 265
2655 0.07907957583665848 265.5
2660 0.07985765486955643 266
2665 0.0804976224899292 266.5
2670 0.08095754683017731 267
2675 0.08122923970222473 267.5
2680 0.08133061975240707 268
2685 0.08127593994140625 268.5
2690 0.08107881247997284 269
2695 0.08076394349336624 269.5
2700 0.08033978939056396 270
2705 0.07982265949249268 270.5
2710 0.07924284785985947 271
2715 0.07860139757394791 271.5
2720 0.07794956862926483 272
2725 0.07725885510444641 272.5
2730 0.0766078382730484 273
2735 0.07598733901977539 273.5
2740 0.07544330507516861 274
2745 0.07497302442789078 274.5
2750 0.07463519275188446 275
2755 0.07442399859428406 275.5
2760 0.07439732551574707 276
2765 0.07454736530780792 276.5
2770 0.07487957179546356 277
2775 0.07538425177335739 277.5
2780 0.0760553777217865 278
2785 0.07684388011693954 278.5
2790 0.07769650965929031 279
2795 0.07856887578964233 279.5
2800 0.07938569039106369 280
2805 0.08013056963682175 280.5
2810 0.08072593808174133 281
2815 0.08113274723291397 281.5
2820 0.08137118816375732 282
2825 0.0814310684800148 282.5
2830 0.08134105801582336 283
2835 0.08111590147018433 283.5
2840 0.08077830076217651 284
2845 0.08032782375812531 284.5
2850 0.07980673760175705 285
2855 0.07921586185693741 285.5
2860 0.07857625931501389 286
2865 0.07792244851589203 286.5
2870 0.07724775373935699 287
2875 0.07660482078790665 287.5
2880 0.07601157575845718 288
2885 0.07548085600137711 288.5
2890 0.07504851371049881 289
2895 0.07474102079868317 289.5
2900 0.07457870244979858 290
2905 0.07459066808223724 290.5
2910 0.07477919012308121 291
2915 0.07515686005353928 291.5
2920 0.07570438086986542 292
2925 0.07640478760004044 292.5
2930 0.07721920311450958 293
2935 0.07808508723974228 293.5
2940 0.07893770188093185 294
2945 0.07973799854516983 294.5
2950 0.0804486945271492 295
2955 0.08098987489938736 295.5
2960 0.08134803920984268 296
2965 0.08152513951063156 296.5
2970 0.08154721558094025 297
2975 0.08141402900218964 297.5
2980 0.08114618062973022 298
2985 0.08077900856733322 298.5
2990 0.08030665665864944 299
2995 0.07974917441606522 299.5
3000 0.079128198325634 300
