0 0 0
5 5.054394236761444e-38 0.5
10 3.505975206231123e-42 1
15 1.006640898396969e-39 1.5
20 2.283353516114383e-39 2
25 6.312255764533903e-25 2.5
30 2.669404945989953e-22 3
35 7.344342631486951e-22 3.5
40 2.932153771653981e-20 4
45 7.946572826070563e-19 4.5
50 1.496509451063954e-17 5
55 1.458623919130089e-16 5.500000000000001
60 1.256725335447448e-15 6.000000000000001
65 9.72762094968372e-15 6.500000000000001
70 5.601034490464171e-14 7.000000000000001
75 2.47677448076291e-13 7.500000000000001
80 9.211929832786358e-13 8
85 2.984029408196938e-12 8.5
90 8.594580979060063e-12 9
95 2.24388195005581e-11 9.5
100 5.386908487354193e-11 10
105 1.200286421662827e-10 10.5
110 2.513418838894396e-10 11
115 5.005910154913359e-10 11.5
120 9.591621659844436e-10 12
125 1.78718138361454e-09 12.5
130 3.287674917982501e-09 13
135 6.067717075157362e-09 13.5
140 1.143512023495262e-08 14
145 2.243329232666604e-08 14.5
150 4.654147703238295e-08 15
155 1.023302167243992e-07 15.5
160 2.333457065567143e-07 16
165 5.321037643710869e-07 16.5
170 1.181347679348926e-06 17
175 2.51416994175121e-06 17.5
180 5.093094698490778e-06 18
185 9.837468867257629e-06 18.5
190 1.825893183471571e-05 19
195 3.297545416584259e-05 19.5
200 5.830922881305247e-05 20
205 0.0001005298887679075 20.5
210 0.0001660770599881211 21
215 0.0002594550265135018 21.5
220 0.0003812611810432537 22
225 0.0005282223609362557 22.5
230 0.0006958650669988526 23
235 0.0008795749826061743 23.5
240 0.00107279482756123 24
245 0.001266419026195817 24.5
250 0.001455083590381996 25
255 0.001642555324521856 25.5
260 0.001838351065412804 26
265 0.002053423189962237 26.5
270 0.002293437485907338 27
275 0.002557437950901748 27.5
280 0.002837238009222272 28
285 0.003120219621065779 28.5
290 0.003394371616293826 29
295 0.003648583467008416 29.5
300 0.003873829571123814 30
305 0.004065119061848024 30.5
310 0.004223330682076176 31
315 0.004353714945863322 31.5
320 0.004465772303764963 32
325 0.004571762782299364 32.5
330 0.004683832505021232 33.00000000000001
335 0.00481089494653886 33.50000000000001
340 0.004957765051618098 34.00000000000001
345 0.005124547838879769 34.50000000000001
350 0.005306109973305142 35.00000000000001
355 0.005496635982609746 35.50000000000001
360 0.005690385303074412 36.00000000000001
365 0.005881235630419201 36.50000000000001
370 0.00606478222400578 37.00000000000001
375 0.006237498951724855 37.50000000000001
380 0.006396806174639964 38.00000000000001
385 0.006542115931432138 38.50000000000001
390 0.00667446875451168 39.00000000000001
395 0.006795564504415992 39.50000000000001
400 0.006907735104343549 40.00000000000001
405 0.007013806043623162 40.50000000000001
410 0.007115934627805487 41.00000000000001
415 0.007216202542821728 41.50000000000001
420 0.007315835369027507 42.00000000000001
425 0.007415450059884619 42.50000000000001
430 0.007515321948116948 43.00000000000001
435 0.007615196280238228 43.50000000000001
440 0.007714050164876743 44.00000000000001
445 0.007810209451515005 44.50000000000001
450 0.007902275880035111 45.00000000000001
455 0.007988735877196246 45.50000000000001
460 0.008068058002214905 46.00000000000001
465 0.008139495647450749 46.50000000000001
470 0.00820261302984502 47.00000000000001
475 0.008257171342153286 47.50000000000001
480 0.008303448687558702 48.00000000000001
485 0.008342715450067038 48.50000000000001
490 0.008377236288757882 49.00000000000001
495 0.008411450911951347 49.50000000000001
500 0.008451104727175611 50.00000000000001
505 0.008496646776283746 50.50000000000001
510 0.008543157675492633 51.00000000000001
515 0.008585033401069113 51.50000000000001
520 0.00861689494521457 52.00000000000001
525 0.008636098955831542 52.50000000000001
530 0.008641555165325715 53.00000000000001
535 0.008632866288469439 53.50000000000001
540 0.008610141470302134 54.00000000000001
545 0.008574390888621749 54.50000000000001
550 0.008526560703170517 55.00000000000001
555 0.008467826251589473 55.50000000000001
560 0.008400471455142009 56.00000000000001
565 0.008328479227229364 56.50000000000001
570 0.008256694957339699 57.00000000000001
575 0.008189851709030669 57.50000000000001
580 0.008132571423302312 58.00000000000001
585 0.008088391279261462 58.50000000000001
590 0.008058575904136415 59.00000000000001
595 0.008042716664732401 59.50000000000001
600 0.008039734624112534 60.00000000000001
605 0.008047810857241329 60.50000000000001
610 0.008064940105880956 61.00000000000001
615 0.008089392498538326 61.50000000000001
620 0.008119255444019865 62.00000000000001
625 0.008152338018628023 62.50000000000001
630 0.008186371721475976 63.00000000000001
635 0.008219666600808532 63.50000000000001
640 0.00825020981432411 64
645 0.008275878339185132 64.5
650 0.008294354263156308 65
655 0.008303312876903475 65.5
660 0.008300884483470838 66
665 0.008284942905024618 66.5
670 0.008253710504379889 67
675 0.008206345172708917 67.5
680 0.008143263750683871 68
685 0.008066495052537908 68.5
690 0.007979157055839179 69
695 0.007885202368527952 69.5
700 0.007788809927838944 70
705 0.007694132853641279 70.5
710 0.007605370164873464 71
715 0.007526269194749156 71.5
720 0.007459505088267764 72
725 0.007406729407660532 72.5
730 0.007369124123067695 73
735 0.007347044592957066 73.5
740 0.007339889406481117 74
745 0.007346640627575646 74.5
750 0.007366041240298655 75
755 0.007396396683613613 75.5
760 0.007436120091747014 76
765 0.007483541226867139 76.5
770 0.007536937427703975 77
775 0.00759441099045108 77.50000000000001
780 0.007653866437025579 78.00000000000001
785 0.007713263148264369 78.50000000000001
790 0.007770828359108216 79.00000000000001
795 0.007824804878136219 79.50000000000001
800 0.007873166002420252 80.00000000000001
805 0.007913997067863783 80.50000000000001
810 0.007945524687161391 81.00000000000001
815 0.007966234576528326 81.50000000000001
820 0.007974878300392823 82.00000000000001
825 0.007970676452565703 82.50000000000001
830 0.007953450249932881 83.00000000000001
835 0.00792352871684961 83.50000000000001
840 0.007882014037810347 84.00000000000001
845 0.007830845487532967 84.50000000000001
850 0.007772736010000033 85.00000000000001
855 0.007710734326324731 85.50000000000001
860 0.007648305224542839 86.00000000000001
865 0.007589210906022311 86.50000000000001
870 0.007537044817389389 87.00000000000001
875 0.007494730991632871 87.50000000000001
880 0.007464271340763776 88.00000000000001
885 0.007446914299144096 88.50000000000001
890 0.007443263320895805 89.00000000000001
895 0.007453256904909498 89.50000000000001
900 0.007476192537580683 90.00000000000001
905 0.007510928082974925 90.50000000000001
910 0.007556001738168866 91.00000000000001
915 0.007609608896816786 91.50000000000001
920 0.007669694330296063 92.00000000000001
925 0.007734066328124924 92.50000000000001
930 0.007800504898232483 93.00000000000001
935 0.007866884442635738 93.50000000000001
940 0.007931001931253505 94.00000000000001
945 0.007990371580498571 94.50000000000001
950 0.008042610765457803 95.00000000000001
955 0.008085619817363936 95.50000000000001
960 0.008117352522844134 96.00000000000001
965 0.008136141720336814 96.50000000000001
970 0.008140987913346364 97.00000000000001
975 0.008131694744445783 97.50000000000001
980 0.008108937753261242 98.00000000000001
985 0.008074157395146343 98.50000000000001
990 0.008029556397082582 99.00000000000001
995 0.007978129909567705 99.50000000000001
1000 0.007923276700914736 100
1005 0.007868628774686278 100.5
1010 0.007817726560007992 101
1015 0.007773620362722021 101.5
1020 0.007739023743497603 102
1025 0.007715682006338037 102.5
1030 0.00770450480846066 103
1035 0.007705855437033482 103.5
1040 0.007719387708167434 104
1045 0.007744147232286946 104.5
1050 0.007778728006490875 105
1055 0.007821453407618374 105.5
1060 0.007870490257713962 106
1065 0.007923766426068389 106.5
1070 0.007979197902432825 107
1075 0.008034747860781918 107.5
1080 0.008088258023187619 108
1085 0.008137393324859623 108.5
1090 0.008179592203409832 109
1095 0.008212585585579447 109.5
1100 0.008234440233225747 110
1105 0.008243539079450921 110.5
1110 0.00823894246443552 111
1115 0.008220397308891448 111.5
1120 0.008188646785286567 112
1125 0.008145208570800758 112.5
1130 0.008092453989121461 113
1135 0.008033401288440711 113.5
1140 0.007971731254092162 114
1145 0.007911318935949494 114.5
1150 0.007855840924198497 115
1155 0.007808404257341661 115.5
1160 0.007771449249932374 116
1165 0.007746720738111765 116.5
1170 0.00773511206982608 117
1175 0.007736732820588985 117.5
1180 0.00775097756014333 118
1185 0.007776713432791593 118.5
1190 0.007812370772704752 119
1195 0.00785619757138078 119.5
1200 0.007906166146109148 120
1205 0.007960187350985307 120.5
1210 0.008016251025585567 121
1215 0.008072371899153389 121.5
1220 0.008126607503282049 122
1225 0.008176863487507052 122.5
1230 0.008221069676020671 123
1235 0.008257050758368497 123.5
1240 0.008282728889272801 124
1245 0.00829649846568379 124.5
1250 0.008297207607034708 125
1255 0.008284509045907745 125.5
1260 0.008258551989782675 126
1265 0.008220208250197711 126.5
1270 0.008171346463964882 127
1275 0.008114705714909687 127.5
1280 0.008053688693173029 128
1285 0.00799209977444987 128.5
1290 0.007933740022417226 129
1295 0.007882173755592723 129.5
1300 0.007840389154238613 130
1305 0.007810369518663713 130.5
1310 0.007793476483627889 131
1315 0.007790340795984715 131.5
1320 0.007800677651478769 132
1325 0.007823555418741697 132.5
1330 0.007857541603726386 133
1335 0.007900932587049485 133.5
1340 0.00795177877682335 134
1345 0.008007947847874499 134.5
1350 0.00806726813323864 135
1355 0.008127669876742526 135.5
1360 0.008187277106161784 136
1365 0.008244047695078992 136.5
1370 0.008295826528725098 137
1375 0.008340542635361367 137.5
1380 0.008375924971961095 138
1385 0.008399915911323268 138.5
1390 0.008410981472320726 139
1395 0.008408122036877158 139.5
1400 0.008390899948067531 140
1405 0.008359520342015212 140.5
1410 0.00831518379257091 141
1415 0.008260241815990641 141.5
1420 0.008197752486088243 142
1425 0.008131381029249495 142.5
1430 0.008065169213337609 143
1435 0.008003077716132279 143.5
1440 0.007948828557361624 144
1445 0.007905443328253891 144.5
1450 0.007875062675782519 145
1455 0.007858917552528454 145.5
1460 0.007857395076400552 146
1465 0.007869973180871409 146.5
1470 0.007895548451596658 147
1475 0.007932628548898844 147.5
1480 0.007979375763040072 148
1485 0.008033726716553131 148.5
1490 0.008093439744505644 149
1495 0.008156259644025419 149.5
1500 0.008219979820578734 150
1505 0.008282630251384667 150.5
1510 0.008342019889922284 151
1515 0.00839587306578302 151.5
1520 0.008442167046162298 152
1525 0.008478648532057584 152.5
1530 0.008503245507445436 153
1535 0.008514411828294464 153.5
1540 0.008511034199982875 154
1545 0.008492760145452218 154.5
1550 0.008459921646505861 155
1555 0.008413932962366834 155.5
1560 0.008357333018374633 156
1565 0.008293285770673795 156.5
1570 0.008225462939485707 157
1575 0.008157913920289838 157.5
1580 0.008094583702725783 158
1585 0.008039122919538552 158.5
1590 0.007994707329582035 159
1595 0.007963510796457548 159.5
1600 0.007946712975261576 160
1605 0.007944575943451278 160.5
1610 0.007956493907811784 161
1615 0.00798128734794094 161.5
1620 0.008017385348259399 162
1625 0.00806295161667428 162.5
1630 0.00811600180501138 163
1635 0.008174138728722148 163.5
1640 0.008235119299277314 164
1645 0.008296746883389477 164.5
1650 0.008356926588084002 165
1655 0.008413422374302589 165.5
1660 0.008464075558873258 166
1665 0.008506872699378982 166.5
1670 0.008539564060852423 167
1675 0.008560178408981375 167.5
1680 0.008567140390440877 168
1685 0.008559472547180948 168.5
1690 0.008536904736496854 169
1695 0.008499932897212006 169.5
1700 0.008450181160682064 170
1705 0.008390343826878711 170.5
1710 0.008323652971846326 171
1715 0.008253897418579226 171.5
1720 0.008185113614921581 172
1725 0.008121206859176826 172.5
1730 0.008065857245941445 173
1735 0.008022072625857404 173.5
1740 0.007991813701505434 174
1745 0.007976146297985676 174.5
1750 0.007975107338988201 175
1755 0.007987994019565563 175.5
1760 0.008013583428215192 176
1765 0.008050222951624143 176.5
1770 0.008096228694673123 177
1775 0.008149316956672807 177.5
1780 0.008207170451478604 178
1785 0.008267558938297795 178.5
1790 0.008328316747811645 179
1795 0.008387252824295359 179.5
1800 0.008442095213561511 180
1805 0.008490772636160316 180.5
1810 0.008531244994996523 181
1815 0.008561279416516854 181.5
1820 0.008578965837875268 182
1825 0.008582883144792743 182.5
1830 0.008572212909570033 183
1835 0.008546720582919349 183.5
1840 0.008507117583463139 184
1845 0.008455256544627447 184.5
1850 0.008394003294902246 185
1855 0.008326674760521801 185.5
1860 0.008257084191423323 186
1865 0.008189256983153613 186.5
1870 0.008127043156154055 187
1875 0.00807400271814274 187.5
1880 0.008032951424902339 188
1885 0.00800557495216285 188.5
1890 0.007992801158096223 189
1895 0.007994463836213354 189.5
1900 0.008009736086159147 190
1905 0.008037377322484203 190.5
1910 0.008075725404709572 191
1915 0.008122959462696068 191.5
1920 0.00817684974273384 192
1925 0.008235138683603552 192.5
1930 0.00829559068470544 193
1935 0.008356035339757496 193.5
1940 0.008414259856486724 194
1945 0.00846791745805975 194.5
1950 0.008515034927191993 195
1955 0.008553484113730971 195.5
1960 0.008581077254843753 196
1965 0.008596087353765129 196.5
1970 0.008597182916018279 197
1975 0.008583653371560482 197.5
1980 0.008555449386440837 198
1985 0.008513443991310207 198.5
1990 0.008459679760696042 199
1995 0.008397115988302933 199.5
2000 0.008329172876916383 200
2005 0.008259773745600872 200.5
2010 0.00819290661920884 201
2015 0.008132381818334292 201.5
2020 0.008081691614595939 202
2025 0.008043392093845692 202.5
2030 0.00801898128848782 203
2035 0.0080091908315865 203.5
2040 0.00801368870699232 204
2045 0.008031593182439553 204.5
2050 0.008061603918369509 205
2055 0.008101957358852359 205.5
2060 0.008150815791881413 206
2065 0.008205863942365176 206.5
2070 0.008264865581846265 207
2075 0.008325571449565635 207.5
2080 0.008385826018229812 208
2085 0.008443362259070351 208.5
2090 0.008495878196607682 209
2095 0.00854136413189679 209.5
2100 0.008577639781813671 210
2105 0.008602580198927985 210.5
2110 0.008614580251793815 211
2115 0.008612333231463935 211.5
2120 0.008595304925303186 212
2125 0.00856360819854173 212.5
2130 0.008518341493200557 213
2135 0.00846181270613084 213.5
2140 0.008397134404845972 214
2145 0.00832786959499777 214.5
2150 0.00825808182461317 215
2155 0.00819172525068225 215.5
2160 0.008132587056956518 216
2165 0.00808405111277086 216.5
2170 0.00804836647512649 217
2175 0.008026889793374842 217.5
2180 0.00802008472524179 218
2185 0.008027456891066216 218.5
2190 0.008048007880795321 219
2195 0.00808030585029058 219.5
2200 0.008122589459058539 220
2205 0.008172882875831212 220.5
2210 0.008228795846162667 221
2215 0.008288050402913329 221.5
2220 0.008348443670456918 222
2225 0.008407808217765043 222.5
2230 0.008463847015055471 223
2235 0.008514313461327142 223.5
2240 0.008557236563291508 224
2245 0.008590449256599481 224.5
2250 0.008611855718243567 225
2255 0.008619928244829884 225.5
2260 0.008613609611934948 226
2265 0.008592507807626241 226.5
2270 0.008556878488576638 227
2275 0.008508106681634688 227.5
2280 0.008448810142039373 228
2285 0.008382225683060383 228.5
2290 0.008312117063031334 229
2295 0.00824259791588192 229.5
2300 0.008177584101311156 230
2305 0.008120851214737591 230.5
2310 0.008075483723328015 231
2315 0.008043436804120689 231.5
2320 0.008025833098843627 232
2325 0.008022848315013941 232.5
2330 0.008033814238123094 233
2335 0.008057598654960023 233.5
2340 0.008092706922192138 234
2345 0.008137271315713401 234.5
2350 0.008189131720315209 235
2355 0.008245908614404662 235.5
2360 0.008305299445572664 236
2365 0.008365158453693431 236.5
2370 0.008423319726553602 237
2375 0.008477461890503853 237.5
2380 0.008525487443714761 238
2385 0.008565451707075752 238.5
2390 0.008595226183727758 239
2395 0.008612748170171268 239.5
2400 0.008616631540478679 240
2405 0.008606050637217168 240.5
2410 0.008580741453593898 241
2415 0.008541169686551948 241.5
2420 0.008489142986803979 242
2425 0.008427466382037974 242.5
2430 0.008359536170527234 243
2435 0.008289258593079728 243.5
2440 0.008220745058617623 244
2445 0.00815782468673089 244.5
2450 0.008104159589868935 245
2455 0.008062444382358737 245.5
2460 0.008034346920615613 246
2465 0.008020742131684088 246.5
2470 0.008021514042644692 247
2475 0.008035868468601725 247.5
2480 0.008062599397817175 248
2485 0.008100059340478687 248.5
2490 0.008146366017119598 249
2495 0.008199257477543017 249.5
2500 0.008256367183459195 250
2505 0.008315462928625677 250.5
2510 0.008374398010971874 251
2515 0.008431001377363736 251.5
2520 0.008482990293124049 252
2525 0.008528375599358576 252.5
2530 0.008565218249622218 253
2535 0.008591416590716758 253.5
2540 0.008605061962737831 254
2545 0.00860495736283865 254.5
2550 0.00859038014759379 255
2555 0.008561220167660238 255.5
2560 0.008518285494244294 256
2565 0.008463724390780834 256.5
2570 0.008400486162471639 257
2575 0.00833210253849493 257.5
2580 0.008262528494853255 258
2585 0.008195800074115932 258.5
2590 0.008135674136992057 259
2595 0.008085622247377692 259.5
2600 0.00804799361755845 260
2605 0.008024196057214012 260.5
2610 0.008014892193044455 261
2615 0.008019722967298373 261.5
2620 0.008037790467479562 262
2625 0.008067788610997271 262.5
2630 0.008108023135881895 263
2635 0.008156519600120284 263.5
2640 0.008210962310876247 264
2645 0.008269083451944294 264.5
2650 0.008328659236069555 265
2655 0.008387542140599391 265.5
2660 0.008443505346391586 266
2665 0.00849427934611101 266.5
2670 0.008537928832676863 267
2675 0.008572341162866764 267.5
2680 0.008595457180250534 268
2685 0.008605641203583392 268.5
2690 0.008601784051016276 269
2695 0.008583355491166393 269.5
2700 0.008550455937587064 270
2705 0.008504278841339538 270.5
2710 0.008447254061364826 271
2715 0.008382504101061426 271.5
2720 0.008313671649590265 272
2725 0.008244790672371145 272.5
2730 0.008179793709207572 273
2735 0.008122432685040634 273.5
2740 0.008075935211217777 274
2745 0.008042354929864394 274.5
2750 0.008022897802967548 275
2755 0.008017945845956082 275.5
2760 0.008026932071156592 276
2765 0.008048853516847596 276.5
2770 0.008082297169142036 277
2775 0.008125461564006117 277.5
2780 0.008176255781356829 278
2785 0.008232348232753529 278.5
2790 0.00829147649585819 279
2795 0.008351481415694624 279.5
2800 0.008410235296823042 280
2805 0.008465422545547736 280.5
2810 0.008514899248821779 281
2815 0.00855669078017943 281.5
2820 0.008588648975243376 282
2825 0.008608804459329053 282.5
2830 0.008615688576951674 283
2835 0.008608309789109637 283.5
2840 0.008586320273619866 284
2845 0.008550012006580846 284.5
2850 0.008500887748998936 285
2855 0.008441588871521036 285.5
2860 0.00837538993770821 286
2865 0.008306054211354523 286.5
2870 0.00823764607286926 287
2875 0.008174036400587807 287.5
2880 0.008118932593426297 288
2885 0.008075294752014493 288.5
2890 0.008044945217863017 289
2895 0.00802893760555474 289.5
2900 0.008027379444605166 290
2905 0.008039578179520165 290.5
2910 0.008064391498979728 291
2915 0.008100342502308049 291.5
2920 0.008145538965629936 292
2925 0.008197810884004446 292.5
2930 0.008254812162356134 293
2935 0.008314287439539386 293.5
2940 0.008374107759745012 294
2945 0.008432103974125981 294.5
2950 0.008485922080641122 295
2955 0.008533523865061522 295.5
2960 0.0085728776270613 296
2965 0.008601820997257125 296.5
2970 0.008618443626964491 297
2975 0.008621378710173995 297.5
2980 0.008609791186561626 298
2985 0.008583484412555147 298.5
2990 0.008543029672352801 299
2995 0.008490312430567517 299.5
3000 0.00842820778593073 300
