0 0 0
5 1.96516093691937e-38 0.5
10 1.363131801429842e-42 1
15 3.913844623846884e-40 1.5
20 8.877734748923311e-40 2
25 2.454220599193756e-25 2.5
30 1.03787122233663e-22 3
35 2.855498516870236e-22 3.5
40 1.140028613357087e-20 4
45 3.089647100853144e-19 4.5
50 5.818465630504269e-18 5
55 5.671165748573124e-17 5.500000000000001
60 4.886179078980259e-16 6.000000000000001
65 3.782123001098855e-15 6.500000000000001
70 2.177696014874152e-14 7.000000000000001
75 9.629760226761969e-14 7.500000000000001
80 3.581621023814956e-13 8
85 1.160197988703907e-12 8.5
90 3.341594267894111e-12 9
95 8.724268327223999e-12 9.5
100 2.094443297104352e-11 10
105 4.666743191124463e-11 10.5
110 9.772234394358007e-11 11
115 1.946310206397149e-10 11.5
120 3.729246142009173e-10 12
125 6.948605268510181e-10 12.5
130 1.278256111309693e-09 13
135 2.359143354044761e-09 13.5
140 4.44600293171903e-09 14
145 8.722119348391831e-09 14.5
150 1.809544098189937e-08 15
155 3.978624047777733e-08 15.5
160 9.072538584107841e-08 16
165 2.068832550742642e-07 16.5
170 4.593108894221048e-07 17
175 9.775154700777883e-07 17.5
180 1.980207771825537e-06 18
185 3.824832142195949e-06 18.5
190 7.099117700491787e-06 19
195 1.282093785494071e-05 19.5
200 2.267077187843675e-05 20
205 3.908626853098903e-05 20.5
210 6.457117025683139e-05 21
215 0.0001008767537924403 21.5
220 0.000148235286891672 22
225 0.0002053741558522292 22.5
230 0.000270554053161696 23
235 0.0003419809211433243 23.5
240 0.0004171052730946645 24
245 0.0004923868387532252 24.5
250 0.0005657400863141348 25
255 0.0006386295586130432 25.5
260 0.0007147554252531207 26
265 0.0007983759973705053 26.5
270 0.0008916941472019939 27
275 0.0009943381786790442 27.5
280 0.001103125130982862 28
285 0.001213149079138053 28.5
290 0.001319740050590621 29
295 0.001418578244709484 29.5
300 0.001506154485158127 30
305 0.001580528310626732 30.5
310 0.00164204137851878 31
315 0.001692735101639924 31.5
320 0.001736303278582093 32
325 0.001777512637873119 32.5
330 0.001821085622287867 33.00000000000001
335 0.001870487812723261 33.50000000000001
340 0.001927591271571753 34.00000000000001
345 0.001992436830331961 34.50000000000001
350 0.002063028635696368 35.00000000000001
355 0.002137105617707262 35.50000000000001
360 0.002212435831041748 36.00000000000001
365 0.002286638908706019 36.50000000000001
370 0.00235800227668344 37.00000000000001
375 0.002425154966118987 37.50000000000001
380 0.002487094007036079 38.00000000000001
385 0.002543590798624739 38.50000000000001
390 0.002595049902450713 39.00000000000001
395 0.002642132228480626 39.50000000000001
400 0.00268574443420158 40.00000000000001
405 0.002726985076828658 40.50000000000001
410 0.002766692922077109 41.00000000000001
415 0.002805677334567758 41.50000000000001
420 0.002844414822963584 42.00000000000001
425 0.002883145260291149 42.50000000000001
430 0.002921975696592118 43.00000000000001
435 0.002960807083083135 43.50000000000001
440 0.002999241717077735 44.00000000000001
445 0.003036628684728408 44.50000000000001
450 0.003072424339054992 45.00000000000001
455 0.003106040199050925 45.50000000000001
460 0.003136880836765007 46.00000000000001
465 0.003164655969306495 46.50000000000001
470 0.003189196163148062 47.00000000000001
475 0.003210408569444478 47.50000000000001
480 0.003228401315398803 48.00000000000001
485 0.003243668329443618 48.50000000000001
490 0.00325709011661082 49.00000000000001
495 0.003270392846437905 49.50000000000001
500 0.003285810347532649 50.00000000000001
505 0.003303517208474291 50.50000000000001
510 0.00332160076072305 51.00000000000001
515 0.003337882146039123 51.50000000000001
520 0.003350269992932662 52.00000000000001
525 0.003357736559593049 52.50000000000001
530 0.003359857947292412 53.00000000000001
535 0.003356479690555044 53.50000000000001
540 0.003347644225241282 54.00000000000001
545 0.003333744310968775 54.50000000000001
550 0.003315147816977322 55.00000000000001
555 0.003292311717438635 55.50000000000001
560 0.003266124006569147 56.00000000000001
565 0.003238133250916027 56.50000000000001
570 0.003210223349854801 57.00000000000001
575 0.00318423453016236 57.50000000000001
580 0.003161963813891309 58.00000000000001
585 0.003144786464996542 58.50000000000001
590 0.003133194173661373 59.00000000000001
595 0.003127028062292508 59.50000000000001
600 0.003125868637549608 60.00000000000001
605 0.003129008696895737 60.50000000000001
610 0.003135668590985626 61.00000000000001
615 0.003145175741519112 61.50000000000001
620 0.003156786528326133 62.00000000000001
625 0.003169649114873068 62.50000000000001
630 0.0031828815024239 63.00000000000001
635 0.003195826633570952 63.50000000000001
640 0.003207701910266278 64
645 0.00321768189599797 64.5
650 0.003224865380775942 65
655 0.003228348511881315 65.5
660 0.003227404346529396 66
665 0.003221206221537978 66.5
670 0.003209062987188186 67
675 0.003190647229492232 67.5
680 0.003166121017130852 68
685 0.003136273158078357 68.5
690 0.003102315929698184 69
695 0.003065786115699583 69.5
700 0.003028308497179321 70
705 0.002991497817378791 70.5
710 0.002956986665210692 71
715 0.002926232013064618 71.5
720 0.002900273963909825 72
725 0.002879754649212458 72.5
730 0.002865133621876266 73
735 0.002856549046149395 73.5
740 0.002853767092012014 74
745 0.002856391983413437 74.5
750 0.002863934989457221 75
755 0.002875737260635744 75.5
760 0.002891181819625089 76
765 0.002909619273839613 76.5
770 0.002930379848331659 77
775 0.002952725711183972 77.50000000000001
780 0.002975842135353166 78.00000000000001
785 0.002998935723079069 78.50000000000001
790 0.003021317218937282 79.00000000000001
795 0.003042303422572376 79.50000000000001
800 0.003061106346890637 80.00000000000001
805 0.003076981565772225 80.50000000000001
810 0.003089239581861889 81.00000000000001
815 0.003097291637891832 81.50000000000001
820 0.003100652339034707 82.00000000000001
825 0.003099018650243144 82.50000000000001
830 0.003092321060201737 83.00000000000001
835 0.003080687494390761 83.50000000000001
840 0.003064546484858236 84.00000000000001
845 0.003044652026394242 84.50000000000001
850 0.003022058918305846 85.00000000000001
855 0.0029979525108761 85.50000000000001
860 0.002973679922233044 86.00000000000001
865 0.002950703905541315 86.50000000000001
870 0.002930421601706033 87.00000000000001
875 0.002913969881960167 87.50000000000001
880 0.002902127094627752 88.00000000000001
885 0.002895378634065773 88.50000000000001
890 0.002893959124724199 89.00000000000001
895 0.002897844654820109 89.50000000000001
900 0.002906762085332578 90.00000000000001
905 0.002920267350995252 90.50000000000001
910 0.002937792099228596 91.00000000000001
915 0.002958634694637543 91.50000000000001
920 0.002981996059268054 92.00000000000001
925 0.003007024050682866 92.50000000000001
930 0.003032855530493156 93.00000000000001
935 0.003058664060964132 93.50000000000001
940 0.003083593098570376 94.00000000000001
945 0.003106676164526419 94.50000000000001
950 0.003126986888393532 95.00000000000001
955 0.003143708913779907 95.50000000000001
960 0.003156046667882841 96.00000000000001
965 0.003163351954178106 96.50000000000001
970 0.003165236165964728 97.00000000000001
975 0.003161622958991122 97.50000000000001
980 0.003152774984728962 98.00000000000001
985 0.003139252295770045 98.50000000000001
990 0.003121911317793883 99.00000000000001
995 0.003101916572696207 99.50000000000001
1000 0.003080589509974133 100
1005 0.003059342261564672 100.5
1010 0.003039551355038049 101
1015 0.003022402756823837 101.5
1020 0.003008951505998404 102
1025 0.002999876181059919 102.5
1030 0.002995530458976531 103
1035 0.002996055586694566 103.5
1040 0.003001316967064706 104
1045 0.003010943531067666 104.5
1050 0.003024388621310079 105
1055 0.003041000362574601 105.5
1060 0.00306006601075387 106
1065 0.003080779916320909 106.5
1070 0.003102331810954469 107
1075 0.00312392977167569 107.5
1080 0.003144734654706593 108
1085 0.003163838581101429 108.5
1090 0.003180245609090169 109
1095 0.003193073517397164 109.5
1100 0.003201570658267633 110
1105 0.003205108312106089 110.5
1110 0.003203321136858732 111
1115 0.003196110734674581 111.5
1120 0.003183766052840853 112
1125 0.003166877167985735 112.5
1130 0.003146366056603552 113
1135 0.003123406221030505 113.5
1140 0.003099428759676422 114
1145 0.003075940301483105 114.5
1150 0.003054370313776552 115
1155 0.003035926820784513 115.5
1160 0.003021558622820037 116
1165 0.003011944116475327 116.5
1170 0.003007430637633735 117
1175 0.00300806078952505 117.5
1180 0.003013599179373074 118
1185 0.003023605350090438 118.5
1190 0.003037469011734033 119
1195 0.003054508979080059 119.5
1200 0.003073936884092994 120
1205 0.003094940461695988 120.5
1210 0.003116738156561829 121
1215 0.003138558090527237 121.5
1220 0.003159645027088038 122
1225 0.003179184677621648 122.5
1230 0.00319637215267162 123
1235 0.003210361686171747 123.5
1240 0.003220345406756743 124
1245 0.003225699052003486 124.5
1250 0.003225974767908558 125
1255 0.003221037536043997 125.5
1260 0.003210945368645695 126
1265 0.003196037228188479 126.5
1270 0.003177039645270534 127
1275 0.003155017582434288 127.5
1280 0.003131294013993202 128
1285 0.003107348090594198 128.5
1290 0.003084657675163459 129
1295 0.003064608583525683 129.5
1300 0.003048362627531863 130
1305 0.003036690919230346 130.5
1310 0.003030122865571817 131
1315 0.003028903702487558 131.5
1320 0.003032922697381101 132
1325 0.003041817629680218 132.5
1330 0.003055031542168694 133
1335 0.003071902063431339 133.5
1340 0.003091671187337039 134
1345 0.003113509860602757 134.5
1350 0.003136573733760228 135
1355 0.003160058080507924 135.5
1360 0.003183233518221262 136
1365 0.003205306063115878 136.5
1370 0.00322543780125781 137
1375 0.003242823533730674 137.5
1380 0.0032565802734082 138
1385 0.003265908009763161 138.5
1390 0.003270210327152482 139
1395 0.003269098571604315 139.5
1400 0.003262402581027505 140
1405 0.003250202112852421 140.5
1410 0.003232963953151297 141
1415 0.003211602377240301 141.5
1420 0.003187306371755548 142
1425 0.003161500985749586 142.5
1430 0.003135757668529458 143
1435 0.003111616341377871 143.5
1440 0.003090524134738854 144
1445 0.003073655850729326 144.5
1450 0.003061843778168655 145
1455 0.003055566514454267 145.5
1460 0.003054974571983261 146
1465 0.003059864970003036 146.5
1470 0.003069808698296894 147
1475 0.003084225531520041 147.5
1480 0.003102400963596944 148
1485 0.003123532748282702 148.5
1490 0.003146749320726533 149
1495 0.003171173852493284 149.5
1500 0.003195948414189606 150
1505 0.003220307056102722 150.5
1510 0.003243397893944977 151
1515 0.00326433614145263 151.5
1520 0.003282335355125792 152
1525 0.003296519446758527 152.5
1530 0.003306082811413981 153
1535 0.003310424304481937 153.5
1540 0.003309111074269483 154
1545 0.003302006076827537 154.5
1550 0.003289238387499489 155
1555 0.003271357873757005 155.5
1560 0.003249351676029824 156
1565 0.003224449948265206 156.5
1570 0.00319808026433499 157
1575 0.003171817039182218 157.5
1580 0.00314719409450206 158
1585 0.003125630805303564 158.5
1590 0.003108361914456478 159
1595 0.003096232625486958 159.5
1600 0.003089701591204038 160
1605 0.003088870707969009 160.5
1610 0.003093504441886819 161
1615 0.003103144192517923 161.5
1620 0.003117179184013203 162
1625 0.003134895461481001 162.5
1630 0.003155521505460325 163
1635 0.00317812528469031 163.5
1640 0.00320183468082219 164
1645 0.003225795637419737 164.5
1650 0.00324919365493109 165
1655 0.00327115935585917 165.5
1660 0.003290853438866163 166
1665 0.003307493072577756 166.5
1670 0.003320203554493683 167
1675 0.003328218463854815 167.5
1680 0.003330925299405604 168
1685 0.003327944023047057 168.5
1690 0.003319169602629747 169
1695 0.003304794860390567 169.5
1700 0.003285451262603626 170
1705 0.003262186359738609 170.5
1710 0.003236256790927735 171
1715 0.003209135659889579 171.5
1720 0.003182392347494671 172
1725 0.003157545243348851 172.5
1730 0.003136025177301637 173
1735 0.003119001609096133 173.5
1740 0.003107236864728312 174
1745 0.003101145339624067 174.5
1750 0.003100741389805106 175
1755 0.003105751762975644 175.5
1760 0.003115700988129346 176
1765 0.003129946525136912 176.5
1770 0.00314783367142563 177
1775 0.003168474518538808 177.5
1780 0.003190968099911967 178
1785 0.003214447292427979 178.5
1790 0.003238070078517952 179
1795 0.003260984570315746 179.5
1800 0.003282307426433559 180
1805 0.003301233328316191 180.5
1810 0.00331696908118474 181
1815 0.003328646538298284 181.5
1820 0.003335523062514512 182
1825 0.003337046121099091 182.5
1830 0.003332897507345359 183
1835 0.003322986027912126 183.5
1840 0.003307588284113247 184
1845 0.003287424584390991 184.5
1850 0.003263609169925723 185
1855 0.003237431669812622 185.5
1860 0.003210374685025867 186
1865 0.003184003299275527 186.5
1870 0.003159814409998436 187
1875 0.003139192156969809 187.5
1880 0.003123231312977998 188
1885 0.003112587272901545 188.5
1890 0.003107620790284614 189
1895 0.003108267243634591 189.5
1900 0.003114205132055336 190
1905 0.003124952112866425 190.5
1910 0.003139861941752933 191
1915 0.00315822665991681 191.5
1920 0.003179179333619946 192
1925 0.003201842217496008 192.5
1930 0.003225346104521678 193
1935 0.003248847135385067 193.5
1940 0.003271484970996521 194
1945 0.003292347178739077 194.5
1950 0.003310666566869061 195
1955 0.003325615705361894 195.5
1960 0.00333634398663591 196
1965 0.003342179950092232 196.5
1970 0.003342605907396511 197
1975 0.003337345587164781 197.5
1980 0.003326379808235337 198
1985 0.003310048007077011 198.5
1990 0.00328914434170045 199
1995 0.003264819392791828 199.5
2000 0.003238402943623993 200
2005 0.003211420390319096 200.5
2010 0.003185422286769131 201
2015 0.003161890095012419 201.5
2020 0.003142181618861789 202
2025 0.003127290670796499 202.5
2030 0.003117799689507558 203
2035 0.00311399313573359 203.5
2040 0.003115741920777377 204
2045 0.003122703224960779 204.5
2050 0.003134371473058407 205
2055 0.003150060990178071 205.5
2060 0.003169057269362124 206
2065 0.003190460125948487 206.5
2070 0.003213400108801255 207
2075 0.003237002699793512 207.5
2080 0.003260429824600784 208
2085 0.003282800056850309 208.5
2090 0.003303218382801904 209
2095 0.003320903426552403 209.5
2100 0.003335007488649406 210
2105 0.003344704384294596 210.5
2110 0.003349370034425601 211
2115 0.003348496387383068 211.5
2120 0.003341875739977762 212
2125 0.003329551974489352 212.5
2130 0.00331195216788295 213
2135 0.003289973636142613 213.5
2140 0.003264826553189154 214
2145 0.003237896224401811 214.5
2150 0.003210762567268966 215
2155 0.00318496296777425 215.5
2160 0.003161969892294597 216
2165 0.003143098997567701 216.5
2170 0.00312922472249893 217
2175 0.003120874535699883 217.5
2180 0.003118228708437165 218
2185 0.003121095024680026 218.5
2190 0.003129085300139137 219
2195 0.003141642830284345 219.5
2200 0.003158082801590583 220
2205 0.003177637005990988 220.5
2210 0.003199376106665674 221
2215 0.003222414424376222 221.5
2220 0.003245895475649663 222
2225 0.003268976557960049 222.5
2230 0.003290764580466511 223
2235 0.003310386059162596 223.5
2240 0.003327074666999769 224
2245 0.003339987844017898 224.5
2250 0.003348310729066052 225
2255 0.00335144934729933 225.5
2260 0.003348992647256118 226
2265 0.003340788213730854 226.5
2270 0.003326935446668073 227
2275 0.003307972847920195 227.5
2280 0.00328491820717617 228
2285 0.003259030005413092 228.5
2290 0.00323177160114768 229
2295 0.003204742385390756 229.5
2300 0.003179464854044795 230
2305 0.003157406967914313 230.5
2310 0.003139767975436107 231
2315 0.003127308054261616 231.5
2320 0.00312046369026169 232
2325 0.003119303198952052 232.5
2330 0.00312356677688482 233
2335 0.003132814216772946 233.5
2340 0.003146464397604841 234
2345 0.003163791143644659 234.5
2350 0.003183954596775218 235
2355 0.003206029593136343 235.5
2360 0.003229120894676231 236
2365 0.003252394224569279 236.5
2370 0.003275007470808566 237
2375 0.003296058077597698 237.5
2380 0.00331473053105564 238
2385 0.003330268735151112 238.5
2390 0.00334184512505916 239
2395 0.003348657716575186 239.5
2400 0.003350167580522128 240
2405 0.003346053699255089 240.5
2410 0.003336213426282311 241
2415 0.003320827825723076 241.5
2420 0.003300599716629818 242
2425 0.003276619700681235 242.5
2430 0.003250208267016908 243
2435 0.003222884171690768 243.5
2440 0.003196245940625223 244
2445 0.003171782344954563 244.5
2450 0.003150917223025198 245
2455 0.003134698247528927 245.5
2460 0.003123773885150825 246
2465 0.003118484309682253 246.5
2470 0.00311878443056628 247
2475 0.003124365466758015 247.5
2480 0.003134758517921238 248
2485 0.003149323035956303 248.5
2490 0.003167327185967281 249
2495 0.003187891516142546 249.5
2500 0.00321009591056219 250
2505 0.003233072481937383 250.5
2510 0.00325598658721206 251
2515 0.003277994115576664 251.5
2520 0.003298207534162394 252
2525 0.00331585345308845 252.5
2530 0.003330177966317771 253
2535 0.003340363945906903 253.5
2540 0.003345669300180717 254
2545 0.003345628631482106 254.5
2550 0.00333996097426615 255
2555 0.0033286235021968 255.5
2560 0.003311930395350733 256
2565 0.003290716903846297 256.5
2570 0.003266129724815157 257
2575 0.003239542003266527 257.5
2580 0.003212491443618108 258
2585 0.003186547269168564 258.5
2590 0.003163170156621202 259
2595 0.003143709858575244 259.5
2600 0.003129079754557487 260
2605 0.003119827204441246 260.5
2610 0.003116209839120703 261
2615 0.003118088056057132 261.5
2620 0.003125112744658907 262
2625 0.003136776096795617 262.5
2630 0.003152419379237596 263
2635 0.003171274924063687 263.5
2640 0.003192442384191643 264
2645 0.003215040027091238 264.5
2650 0.003238203238796765 265
2655 0.003261097057207838 265.5
2660 0.003282855689553475 266
2665 0.003302596745788079 266.5
2670 0.003319567773748645 267
2675 0.003332947372543237 267.5
2680 0.003341934937076557 268
2685 0.003345894510449138 268.5
2690 0.003344394840024242 269
2695 0.003337229770533368 269.5
2700 0.003324438343013537 270
2705 0.003306484574178887 270.5
2710 0.003284313199174604 271
2715 0.00325913825501812 271.5
2720 0.003232376028233413 272
2725 0.003205594934518298 272.5
2730 0.003180323955040986 273
2735 0.003158021847466018 273.5
2740 0.003139943515040437 274
2745 0.003126887418884251 274.5
2750 0.003119322439990388 275
2755 0.003117397106899142 275.5
2760 0.00312089097340563 276
2765 0.003129414085520518 276.5
2770 0.003142417059961834 277
2775 0.003159199483073136 277.5
2780 0.003178948399972615 278
2785 0.003200757283327839 278.5
2790 0.003223746497757544 279
2795 0.003247076558485274 279.5
2800 0.003269920212279869 280
2805 0.003291377150605145 280.5
2810 0.003310613814784313 281
2815 0.00332686246518059 281.5
2820 0.003339287890189455 282
2825 0.003347124392079591 282.5
2830 0.003349800953978688 283
2835 0.003346932063079058 283.5
2840 0.003338382485258637 284
2845 0.003324265741544154 284.5
2850 0.003305166109118767 285
2855 0.003282110559400231 285.5
2860 0.003256372250771969 286
2865 0.003229414349472504 286.5
2870 0.003202817096622528 287
2875 0.003178085499259468 287.5
2880 0.003156661003219618 288
2885 0.003139694502923648 288.5
2890 0.003127894529242451 289
2895 0.003121670730122711 289.5
2900 0.003121064913305086 290
2905 0.003125807811506503 290.5
2910 0.003135455291270266 291
2915 0.003149433129973474 291.5
2920 0.00316700562630965 292
2925 0.003187329077009302 292.5
2930 0.003209491314524628 293
2935 0.003232615448883381 293.5
2940 0.003255873736819668 294
2945 0.003278422807915418 294.5
2950 0.003299347420375067 295
2955 0.003317855111482788 295.5
2960 0.003333155951144307 296
2965 0.003344409204813746 296.5
2970 0.003350872124214098 297
2975 0.003352013291800111 297.5
2980 0.003347508034059621 298
2985 0.00333727989548707 298.5
2990 0.003321550992786791 299
2995 0.003301054399247433 299.5
3000 0.003276907960342091 300
