0 0 0
10 8.481832470770404e-06 0.5
20 1.701207393435081e-05 1
30 2.556043854122258e-05 1.5
40 3.411427177328102e-05 2
50 4.266595155174285e-05 2.5
60 5.12122400093172e-05 3
70 5.975150588668051e-05 3.5
80 6.828185083465667e-05 4
90 7.6801605375147e-05 4.5
100 8.531117133733998e-05 5
110 9.381215296274241e-05 5.5
120 0.0001023064701116936 6
130 0.0001107967981436395 6.5
140 0.0001192842685696587 7
150 0.0001277661734375503 7.5
160 0.0001362387595731101 8
170 0.0001446984125276635 8.5
180 0.0001531448608372639 9
190 0.000161582159874012 9.5
200 0.0001700147461584366 10
210 0.0001784460476710288 10.5
220 0.0001868785995555586 11
230 0.0001953131484480579 11.5
240 0.0002037492876206257 12
250 0.0002121830412571289 12.5
260 0.0002206009113522298 13
270 0.0002289762435626718 13.5
280 0.0002372745181206065 14
290 0.0002454651051067128 14.5
300 0.0002535273741467294 15
310 0.0002614536198935968 15.5
320 0.0002692468039477232 16
330 0.0002769141064245062 16.5
340 0.000284458239545988 17
350 0.0002918700143263845 17.5
360 0.0002991281786505025 18
370 0.0003062066241860477 18.5
380 0.0003130838242672195 19
390 0.0003197477702405296 19.5
400 0.0003261980659154908 20
410 0.0003324460628370079 20.5
420 0.0003385103199576896 21
430 0.0003444126492879117 21.5
440 0.0003501755693542503 22
450 0.0003558201871424805 22.5
460 0.0003613637453455336 23
470 0.0003668190685224447 23.5
480 0.0003721940415028021 24
490 0.0003774920989394905 24.5
500 0.0003827133074877733 25
510 0.0003878554560295709 25.5
520 0.0003929139679462825 26
530 0.0003978837703508417 26.5
540 0.0004027602058935937 27
550 0.0004075404514273571 27.5
560 0.0004122235099176239 28
570 0.0004168098917104671 28.5
580 0.0004213009861672635 29
590 0.0004256984718205616 29.5
600 0.0004300042941244149 30
610 0.0004342205512787702 30.5
620 0.000438349628689309 31
630 0.0004423943460812326 31.5
640 0.0004463576329165876 32
650 0.000450242211457179 32.5
660 0.0004540515334063684 33
670 0.0004577893591140699 33.5
680 0.0004614588763479475 34
690 0.0004650629641923039 34.5
700 0.0004686042500822852 35
710 0.000472085230627189 35.5
720 0.0004755080979269067 36
730 0.0004788744054136794 36.5
740 0.0004821856337184923 37
750 0.0004854429632332897 37.5
760 0.0004886474073253582 38
770 0.000491799603297148 38.5
780 0.00049490013039423 39
790 0.0004979495946197952 39.5
800 0.0005009486445331174 40
810 0.0005038976917896939 40.5
820 0.0005067967774617032 41
830 0.0005096457465029736 41.5
840 0.0005124443985732459 42
850 0.000515192562855279 42.5
860 0.000517890055038719 43
870 0.0005205366132106978 43.5
880 0.0005231320182381144 44
890 0.0005256763067693053 44.5
900 0.0005281696334437833 45
910 0.000530612366472687 45.5
920 0.0005330052333270194 46
930 0.0005353491009152835 46.5
940 0.0005376448953872879 47
950 0.0005398936999788022 47.5
960 0.0005420968016565428 48
970 0.0005442556128803271 48.5
980 0.0005463716556422421 49
990 0.0005484464266949401 49.5
1000 0.0005504815039918046 50
1010 0.0005524785768588924 50.5
1020 0.000554439381270817 51
1030 0.0005563656351346757 51.5
1040 0.00055825902518745 52
1050 0.0005601211396812297 52.5
1060 0.0005619534911633502 53
1070 0.0005637575847714785 53.5
1080 0.0005655347749648699 54
1090 0.0005672861330358216 54.5
1100 0.0005690126648336011 55
1110 0.0005707153843097477 55.5
1120 0.0005723952337501699 56
1130 0.0005740529574031805 56.5
1140 0.0005756891526024708 57
1150 0.0005773042823366405 57.5
1160 0.0005788987768594431 58
1170 0.0005804729342237637 58.5
1180 0.0005820269447115171 59
1190 0.0005835610575405499 59.5
1200 0.00058507554018412 60
1210 0.000586570591627986 60.5
1220 0.0005880462976586972 61
1230 0.0005895027522375209 61.5
1240 0.0005909401081780082 62
1250 0.0005923584539102565 62.5
1260 0.0005937579470651665 63
1270 0.0005951387481386794 63.5
1280 0.0005965010862762066 64
1290 0.0005978451146597039 64.5
1300 0.0005991709939564885 65
1310 0.000600478915418228 65.5
1320 0.0006017690399457009 66
1330 0.0006030415658370612 66.5
1340 0.0006042967963785826 67
1350 0.0006055350236201599 67.5
1360 0.0006067564682061434 68
1370 0.0006079614469773135 68.5
1380 0.0006091503650102323 69
1390 0.0006103237067238646 69.5
1400 0.0006114818539080409 70
1410 0.0006126252894336359 70.5
1420 0.0006137544179317991 71
1430 0.0006148695856529881 71.5
1440 0.0006159713971101786 72
1450 0.0006170606810095228 72.5
1460 0.0006181382192613223 73
1470 0.0006192047741222091 73.5
1480 0.000620260985103355 74
1490 0.000621307430601058 74.5
1500 0.0006223445686261178 75
1510 0.0006233728713337364 75.5
1520 0.0006243926604953437 76
1530 0.0006254042072631005 76.5
1540 0.0006264076787054982 77
1550 0.000627403348060301 77.5
1560 0.0006283913688225156 78
1570 0.0006293718827949311 78.5
1580 0.0006303450890677616 79
1590 0.0006313111441500016 79.5
1600 0.000632270198049026 80
1610 0.0006332224247214034 80.5
1620 0.0006341677767421092 81
1630 0.0006351060108995657 81.5
1640 0.0006360369543236456 82
1650 0.0006369604904815061 82.5
1660 0.0006378765129833106 83
1670 0.0006387849338938785 83.5
1680 0.0006396856284389304 84
1690 0.0006405783685599758 84.5
1700 0.0006414629299899621 85
1710 0.0006423392583567494 85.5
1720 0.0006432073981904526 86
1730 0.0006440674743148612 86.5
1740 0.0006449192656289407 87
1750 0.0006457624555756279 87.5
1760 0.0006465968830219005 88
1770 0.0006474224640128503 88.5
1780 0.0006482390186832227 89
1790 0.0006490463830871833 89.5
1800 0.000649844522260192 90
1810 0.0006506333224098132 90.5
1820 0.0006514123887575098 91
1830 0.0006521814407570328 91.5
1840 0.0006529404947414173 92
1850 0.000653689647399339 92.5
1860 0.0006544289859941935 93
1870 0.0006551585641873654 93.5
1880 0.0006558783980711702 94
1890 0.0006565885321955105 94.5
1900 0.0006572890395179459 95
1910 0.000657980007712587 95.5
1920 0.00065866151977552 96
1930 0.0006593336895812401 96.5
1940 0.0006599963997705477 97
1950 0.0006606494756697274 97.5
1960 0.0006612928268990704 98
1970 0.0006619264216887985 98.5
1980 0.0006625502792110559 99
1990 0.0006631644460011398 99.5
2000 0.0006637688729488143 100
2010 0.0006643634955318646 100.5
2020 0.0006649482939738857 101
2030 0.0006655232608686057 101.5
2040 0.0006660883706147742 102
2050 0.0006666435874199612 102.5
2060 0.0006671889088446189 103
2070 0.0006677243861712601 103.5
2080 0.0006682501120120492 104
2090 0.0006687661504478287 104.5
2100 0.0006692725919001037 105
2110 0.0006697695721183775 105.5
2120 0.0006702572263326222 106
2130 0.0006707356841986973 106.5
2140 0.0006712050733317565 107
2150 0.0006716655079525883 107.5
2160 0.0006721170773721305 108
2170 0.0006725597789219407 108.5
2180 0.0006729935368620836 109
2190 0.0006734182798989144 109.5
2200 0.0006738339382464275 110
2210 0.0006742404906116728 110.5
2220 0.0006746379483196416 111
2230 0.0006750263046378579 111.5
2240 0.0006754055606104977 112
2250 0.0006757757697497316 112.5
2260 0.0006761369956708375 113
2270 0.000676489369275369 113.5
2280 0.0006768330034859036 114
2290 0.0006771680537827259 114.5
2300 0.000677494703838999 115
2310 0.0006778131668578204 115.5
2320 0.0006781236589669574 116
2330 0.0006784264139101944 116.5
2340 0.0006787216373012548 117
2350 0.0006790095215307461 117.5
2360 0.0006792902255557817 118
2370 0.0006795638776133917 118.5
2380 0.0006798306217138442 119
2390 0.0006800905479887894 119.5
2400 0.0006803437350493391 120
2410 0.0006805902560171739 120.5
2420 0.0006808301960912919 121
2430 0.0006810636606495435 121.5
2440 0.0006812907237921573 122
2450 0.0006815114765213295 122.5
2460 0.0006817259709112141 123
2470 0.0006819342473142097 123.5
2480 0.000682136407291246 124
2490 0.000682332563999875 124.5
2500 0.0006825228472611716 125
2510 0.000682707377525516 125.5
2520 0.000682886293674744 126
2530 0.0006830598034326179 126.5
2540 0.0006832281068666342 127
2550 0.0006833914241150744 127.5
2560 0.0006835500163601877 128
2570 0.0006837041134509152 128.5
2580 0.0006838539574721455 129
2590 0.0006839998541129432 129.5
2600 0.000684142068501968 130
2610 0.0006842808390828775 130.5
2620 0.0006844163709642903 131
2630 0.0006845489081582595 131.5
2640 0.0006846786491527957 132
2650 0.0006848056769596273 132.5
2660 0.0006849301225249339 133
2670 0.0006850520995811245 133.5
2680 0.0006851717091652046 134
2690 0.0006852890186596493 134.5
2700 0.0006854040644822149 135
2710 0.0006855168420892866 135.5
2720 0.0006856273217218874 136
2730 0.0006857354407193478 136.5
2740 0.0006858411757902777 137
2750 0.0006859444842304217 137.5
2760 0.0006860452768513304 138
2770 0.000686143470545041 138.5
2780 0.0006862390161458693 139
2790 0.0006863317942380098 139.5
2800 0.0006864216259582048 140
2810 0.0006865083723063369 140.5
2820 0.0006865919302084258 141
2830 0.0006866721500586989 141.5
2840 0.0006867489026103513 142
2850 0.0006868220229561622 142.5
2860 0.0006868913054434271 143
2870 0.0006869565078708409 143.5
2880 0.0006870174119374945 144
2890 0.0006870738375462866 144.5
2900 0.0006871256505725188 145
2910 0.0006871727688995113 145.5
2920 0.0006872151260365464 146
2930 0.0006872526557451793 146.5
2940 0.0006872853313435451 147
2950 0.0006873131805324503 147.5
2960 0.0006873362683351643 148
2970 0.0006873547021010525 148.5
2980 0.0006873686501621004 149
2990 0.0006873783586027726 149.5
3000 0.0006873839575349128 150
3010 0.0006873853010184758 150.5
3020 0.0006873824790094589 151
3030 0.0006873756058665326 151.5
3040 0.0006873648475235051 152
3050 0.0006873503322551135 152.5
3060 0.0006873321239512678 153
3070 0.0006873102142752696 153.5
3080 0.0006872846029041208 154
3090 0.0006872552826251935 154.5
3100 0.000687222322531292 155
3110 0.0006871858848696918 155.5
3120 0.0006871461787082505 156
3130 0.0006871034574630422 156.5
3140 0.0006870579932874384 157
3150 0.0006870100725531839 157.5
3160 0.0006869599152052913 158
3170 0.0006869076592818482 158.5
3180 0.0006868533742628606 159
3190 0.0006867971347096377 159.5
3200 0.0006867390431532917 160
3210 0.0006866791953339932 160.5
3220 0.00068661764977069 161
3230 0.0006865543887267726 161.5
3240 0.0006864895010380227 162
3250 0.0006864231741353357 162.5
3260 0.0006863555356839967 163
3270 0.0006862867643218354 163.5
3280 0.0006862170274415245 164
3290 0.0006861464488581364 164.5
3300 0.0006860751479774057 165
3310 0.0006860032564044237 165.5
3320 0.0006859309709779788 166
3330 0.0006858584007143033 166.5
3340 0.0006857856861070496 167
3350 0.0006857129627398341 167.5
3360 0.0006856403746516518 168
3370 0.0006855680742433307 168.5
3380 0.0006854962143560226 169
3390 0.0006854249548158837 169.5
3400 0.0006853544262857494 170
3410 0.0006852848050015464 170.5
3420 0.0006852162868030966 171
3430 0.0006851490873957799 171.5
3440 0.0006850834353690733 172
3450 0.0006850195463520115 172.5
3460 0.0006849576187275005 173
3470 0.0006848978320829271 173.5
3480 0.0006848403671260405 174
3490 0.0006847853675773631 174.5
3500 0.0006847329636420385 175
3510 0.0006846832711120837 175.5
3520 0.0006846364075294903 176
3530 0.0006845924673610246 176.5
3540 0.0006845515058737869 177
3550 0.0006845135754470769 177.5
3560 0.0006844786965292847 178
3570 0.0006844468573107788 178.5
3580 0.0006844180562392069 179
3590 0.0006843922942410226 179.5
3600 0.0006843695495572573 180
3610 0.000684349820728665 180.5
3620 0.0006843330718227166 181
3630 0.0006843192681398167 181.5
3640 0.0006843083748153756 182
3650 0.0006843003590500596 182.5
3660 0.0006842952198634685 183
3670 0.0006842929321705176 183.5
3680 0.0006842934272209702 184
3690 0.0006842966958041547 184.5
3700 0.0006843027337523116 185
3710 0.0006843115263214479 185.5
3720 0.0006843230276906561 186
3730 0.0006843372856642362 186.5
3740 0.0006843543652149079 187
3750 0.0006843743554042343 187.5
3760 0.0006843973219710352 188
3770 0.0006844233051178308 188.5
3780 0.0006844523301344713 189
3790 0.0006844844339214221 189.5
3800 0.0006845196241523763 190
3810 0.0006845578777522292 190.5
3820 0.0006845991750903193 191
3830 0.0006846434697827855 191.5
3840 0.0006846906893290398 192
3850 0.0006847407968460527 192.5
3860 0.0006847937566799774 193
3870 0.0006848495161632632 193.5
3880 0.000684908042976389 194
3890 0.0006849692980381828 194.5
3900 0.000685033267857094 195
3910 0.0006850999100211934 195.5
3920 0.0006851692003684432 196
3930 0.000685241117442979 196.5
3940 0.0006853156489870075 197
3950 0.0006853927248729187 197.5
3960 0.0006854722454966198 198
3970 0.000685554181713362 198.5
3980 0.0006856385240290521 199
3990 0.0006857252564979883 199.5
4000 0.0006858143174740256 200
4010 0.0006859056826000903 200.5
4020 0.0006859993076685156 201
4030 0.0006860951320786316 201.5
4040 0.0006861930900665883 202
4050 0.0006862931677624091 202.5
4060 0.0006863953470204111 203
4070 0.0006864995907160654 203.5
4080 0.000686605864164748 204
4090 0.0006867141200809963 204.5
4100 0.000686824313225168 205
4110 0.0006869364238224377 205.5
4120 0.0006870504173987313 206
4130 0.0006871662136581489 206.5
4140 0.000687283751535749 207
4150 0.0006874030108517473 207.5
4160 0.0006875239582973929 208
4170 0.0006876465669145105 208.5
4180 0.0006877708358700042 209
4190 0.0006878967600796934 209.5
4200 0.0006880243254757379 210
4210 0.0006881535315038986 210.5
4220 0.0006882843326187606 211
4230 0.0006884166027788027 211.5
4240 0.0006885502805023833 212
4250 0.0006886853853755628 212.5
4260 0.0006888219182678984 213
4270 0.0006889598550806483 213.5
4280 0.0006890992014261748 214
4290 0.0006892399328681665 214.5
4300 0.0006893820234022157 215
4310 0.0006895254357865065 215.5
4320 0.0006896701548311181 216
4330 0.0006898161441779841 216.5
4340 0.0006899633736809801 217
4350 0.0006901118180417865 217.5
4360 0.0006902614108449452 218
4370 0.0006904121124724708 218.5
4380 0.0006905638725846281 219
4390 0.0006907166563703751 219.5
4400 0.0006908704171376893 220
4410 0.0006910251027607556 220.5
4420 0.0006911806465180498 221
4430 0.0006913369943016954 221.5
4440 0.0006914940719438766 222
4450 0.0006916518272552044 222.5
4460 0.0006918101814225861 223
4470 0.0006919690752173367 223.5
4480 0.0006921284303126451 224
4490 0.0006922881872151062 224.5
4500 0.0006924482738744594 225
4510 0.0006926086462678646 225.5
4520 0.0006927692346237166 226
4530 0.0006929299290349462 226.5
4540 0.0006930906551559414 227
4550 0.0006932513057462411 227.5
4560 0.0006934117905146502 228
4570 0.0006935720032693115 228.5
4580 0.0006937318023101396 229
4590 0.0006938910869341799 229.5
4600 0.0006940497516217445 230
4610 0.0006942076879470467 230.5
4620 0.0006943648165268136 231
4630 0.0006945210491424278 231.5
4640 0.000694676315331827 232
4650 0.00069483054380459 232.5
4660 0.00069498367525208 233
4670 0.000695135646903386 233.5
4680 0.0006952863769262254 234
4690 0.000695435782222553 234.5
4700 0.0006955838008889167 235
4710 0.0006957303668633704 235.5
4720 0.0006958754440297251 236
4730 0.0006960189870123019 236.5
4740 0.0006961609448434042 237
4750 0.0006963012568711235 237.5
4760 0.0006964398817418293 238
4770 0.0006965768099010856 238.5
4780 0.0006967120109131592 239
4790 0.0006968454394138267 239.5
4800 0.000696977066286782 240
4810 0.0006971068543418247 240.5
4820 0.0006972347921312709 241
4830 0.000697360863525473 241.5
4840 0.0006974850271158632 242
4850 0.0006976072871082559 242.5
4860 0.0006977276238598279 243
4870 0.000697846024384975 243.5
4880 0.0006979624744168679 244
4890 0.0006980769630371153 244.5
4900 0.0006981894710708686 245
4910 0.00069829998093237 245.5
4920 0.0006984084603920657 246
4930 0.0006985148735261414 246.5
4940 0.0006986192160092627 247
4950 0.0006987214775192455 247.5
4960 0.0006988216434401275 248
4970 0.0006989197097037448 248.5
4980 0.0006990156944948962 249
4990 0.0006991096076644033 249.5
5000 0.0006992014748886681 250
5010 0.000699291302174996 250.5
5020 0.0006993791064059511 251
5030 0.0006994648831593998 251.5
5040 0.0006995486323330987 252
5050 0.00069963036479268 252.5
5060 0.0006997100740787072 253
5070 0.0006997877490966673 253.5
5080 0.0006998633809022505 254
5090 0.0006999369465217611 254.5
5100 0.0007000084504504747 255
5110 0.0007000778851634714 255.5
5120 0.0007001452584228308 256
5130 0.0007002105770517578 256.5
5140 0.0007002738456594808 257
5150 0.0007003350526800801 257.5
5160 0.0007003942161812954 258
5170 0.0007004513213030672 258.5
5180 0.00070050638557164 259
5190 0.0007005594253187142 259.5
5200 0.0007006104466354546 260
5210 0.00070065945784823 260.5
5220 0.000700706463815485 261
5230 0.0007007514665722519 261.5
5240 0.0007007944845676466 262
5250 0.0007008355381197904 262.5
5260 0.0007008746170246461 263
5270 0.0007009117161964884 263.5
5280 0.0007009468485742608 264
5290 0.0007009800007878119 264.5
5300 0.0007010112001651096 265
5310 0.0007010404480293038 265.5
5320 0.0007010677477077893 266
5330 0.0007010931278966445 266.5
5340 0.0007011165886955859 267
5350 0.0007011381383689407 267.5
5360 0.0007011578012052861 268
5370 0.0007011755920999264 268.5
5380 0.0007011915328129024 269
5390 0.0007012056528624972 269.5
5400 0.0007012179964136015 270
5410 0.0007012285764488741 270.5
5420 0.0007012374270443621 271
5430 0.0007012445585011251 271.5
5440 0.000701250015005511 272
5450 0.0007012538198044818 272.5
5460 0.0007012559814346816 273
5470 0.0007012565552722183 273.5
5480 0.0007012555463085255 274
5490 0.0007012529648807928 274.5
5500 0.0007012488239120355 275
5510 0.0007012431679551094 275.5
5520 0.0007012359916380738 276
5530 0.0007012273129753297 276.5
5540 0.0007012171540240305 277
5550 0.0007012055375367406 277.5
5560 0.0007011924848417361 278
5570 0.0007011780151533235 278.5
5580 0.0007011621614304146 279
5590 0.0007011449285855177 279.5
5600 0.000701126342889298 280
5610 0.0007011064062413332 280.5
5620 0.0007010851403411213 281
5630 0.0007010625688519499 281.5
5640 0.0007010387123807008 282
5650 0.0007010136050854778 282.5
5660 0.0007009872771247699 283
5670 0.0007009597638679923 283.5
5680 0.0007009311073316504 284
5690 0.0007009013526924595 284.5
5700 0.0007008705442444429 285
5710 0.0007008387361205775 285.5
5720 0.0007008059842267245 286
5730 0.000700772355719765 286.5
5740 0.0007007378902764171 287
5750 0.0007007026218349812 287.5
5760 0.0007006665937203028 288
5770 0.0007006298687472948 288.5
5780 0.0007005924776266979 289
5790 0.0007005544568777138 289.5
5800 0.0007005158562434999 290
5810 0.0007004767072909887 290.5
5820 0.0007004370542428393 291
5830 0.0007003969476107262 291.5
5840 0.0007003564225347646 292
5850 0.0007003155203048028 292.5
5860 0.0007002742680512144 293
5870 0.0007002327077805046 293.5
5880 0.0007001908644458455 294
5890 0.000700148814255123 294.5
5900 0.0007001065652896081 295
5910 0.0007000641764821092 295.5
5920 0.0007000216577568939 296
5930 0.0006999790238030909 296.5
5940 0.0006999363189420645 297
5950 0.0006998935702728637 297.5
5960 0.0006998508033512143 298
5970 0.0006998080540937858 298.5
5980 0.000699765347792329 299
5990 0.0006997227111129777 299.5
6000 0.0006996801713473895 300
