0 0 0
10 0.04218579809317433 0.5
20 0.06626087570313406 1
30 0.08119349652140499 1.5
40 0.08799431273279375 2
50 0.09026382289477133 2.5
60 0.09110156611568146 3
70 0.09162374066677498 3.5
80 0.09184106396419993 4
90 0.09192916511057007 4.5
100 0.09195821158309711 5
110 0.0919703633787536 5.5
120 0.09197707514297032 6
130 0.09197604753766876 6.5
140 0.09197068034235077 7
150 0.09196221253634237 7.5
160 0.09195158586324906 8
170 0.09194006134470341 8.5
180 0.09193369793320826 9
190 0.09193481730098133 9.5
200 0.09193779620016625 10
210 0.09194158201654806 10.5
220 0.09194536819831522 11
230 0.09194868445050261 11.5
240 0.09195133930807302 12
250 0.09195331760772028 12.5
260 0.09195470459707596 13
270 0.09195563494683243 13.5
280 0.09195624424543772 14
290 0.09195663065317608 14.5
300 0.09195684956423048 15
310 0.09195692894859475 15.5
320 0.09195688245277649 16
330 0.09195672134341611 16.5
340 0.09195646314926012 17
350 0.09195613528137327 17.5
360 0.09195577454021193 18
370 0.0919554225153478 18.5
380 0.0919551190776817 19
390 0.09195489561848223 19.5
400 0.0919547681448135 20
410 0.09195473776154157 20.5
420 0.09195479502560426 21
430 0.09195492463116425 21.5
440 0.09195510861096924 22
450 0.09195532889845642 22.5
460 0.09195556922569738 23
470 0.09195581609406578 23.5
480 0.09195605848908087 24
490 0.09195628803319111 24.5
500 0.09195649887543648 25
510 0.09195668767568156 25.5
520 0.09195685335884067 26
530 0.09195699637926094 26.5
540 0.09195711836452634 27
550 0.09195722200423906 27.5
560 0.09195731041120296 28
570 0.09195738621062111 28.5
580 0.09195745158756193 29
590 0.09195750792216564 29.5
600 0.0919575560895306 30
610 0.091957596577613 30.5
620 0.09195762866270804 31
630 0.09195765053774588 31.5
640 0.0919576601301076 32
650 0.09195765566858735 32.5
660 0.09195763649356881 33
670 0.09195760270740787 33.5
680 0.09195755485297682 34
690 0.09195749410175985 34.5
700 0.09195742171948645 35
710 0.09195733859065516 35.5
720 0.09195724521208157 36
730 0.0919571421233172 36.5
740 0.09195703000267866 37
750 0.09195690974603565 37.5
760 0.09195678243033739 38
770 0.09195664921122344 38.5
780 0.09195651106190376 39
790 0.09195636890458674 39.5
800 0.09195622374450728 40
810 0.09195607648427188 40.5
820 0.0919559280825003 41
830 0.09195577992998655 41.5
840 0.09195563254380565 42
850 0.09195548608346134 42.5
860 0.09195534056986297 43
870 0.09195519621835566 43.5
880 0.09195505312187971 44
890 0.09195491146350379 44.5
900 0.09195477128961302 45
910 0.09195463238714086 45.5
920 0.0919544948651503 46
930 0.09195435911513551 46.5
940 0.09195422565123884 47
950 0.09195409481584316 47.5
960 0.0919539668551491 48
970 0.09195384181810717 48.5
980 0.0919537197575826 49
990 0.09195360065942619 49.5
1000 0.09195348455310173 50
1010 0.09195337159098602 50.5
1020 0.09195326182937234 51
1030 0.09195315483414772 51.5
1040 0.09195304983773037 52
1050 0.09195294625089162 52.5
1060 0.0919528436131232 53
1070 0.09195274169483258 53.5
1080 0.09195264064182138 54
1090 0.09195254073374244 54.5
1100 0.0919524423433134 55
1110 0.09195234540849531 55.5
1120 0.09195224943539475 56
1130 0.0919521540412882 56.5
1140 0.09195205908003456 57
1150 0.09195196460424197 57.5
1160 0.09195187073987417 58
1170 0.0919517773455685 58.5
1180 0.0919516843836987 59
1190 0.09195159221601995 59.5
1200 0.09195150092203043 60
1210 0.09195141047155028 60.5
1220 0.0919513207429751 61
1230 0.09195123211547176 61.5
1240 0.09195114515249354 62
1250 0.09195105973029048 62.5
1260 0.0919509761324281 63
1270 0.09195089401536689 63.5
1280 0.09195081318219142 64
1290 0.09195073312442287 64.5
1300 0.0919506536272781 65
1310 0.09195057454142384 65.5
1320 0.09195049576074071 66
1330 0.09195041762946493 66.5
1340 0.0919503398514671 67
1350 0.09195024530861347 67.5
1360 0.09195013833562332 68
1370 0.09195002711873913 68.5
1380 0.09194991499498885 69
1390 0.09194980377768512 69.5
1400 0.09194969384177312 70
1410 0.09194958591576619 70.5
1420 0.0919494801713409 71
1430 0.09194937713044361 71.5
1440 0.09194927655600633 72
1450 0.09194917856683309 72.5
1460 0.09194908257442161 73
1470 0.09194898824064533 73.5
1480 0.09194889602385783 74
1490 0.09194880571380107 74.5
1500 0.09194871734639623 75
1510 0.09194863062249717 75.5
1520 0.09194854547738954 76
1530 0.09194846179250508 76.5
1540 0.09194837944490501 77
1550 0.09194829854015035 77.5
1560 0.09194821867397152 78
1570 0.09194813956312954 78.5
1580 0.09194806114772378 79
1590 0.09194798333737035 79.5
1600 0.09194811550301665 80
1610 0.09194827278961851 80.5
1620 0.09194842590451499 81
1630 0.09194857449695944 81.5
1640 0.09194871822783784 82
1650 0.09194885698178985 82.5
1660 0.09194899077223541 83
1670 0.09194911968525961 83.5
1680 0.09194924379047052 84
1690 0.09194936311058161 84.5
1700 0.09194947759929564 85
1710 0.0919495870969135 85.5
1720 0.09194969150177637 86
1730 0.09194979076524448 86.5
1740 0.09194988495199304 87
1750 0.09194997425906636 87.5
1760 0.09195005896473836 88
1770 0.09195013945108893 88.5
1780 0.09195021612960554 89
1790 0.09195028938038749 89.5
1800 0.09195035964763217 90
1810 0.09195042732904272 90.5
1820 0.09195049282279563 91
1830 0.09195055633735785 91.5
1840 0.0919506180635704 92
1850 0.09195067810931704 92.5
1860 0.09195073644591338 93
1870 0.09195079311576011 93.5
1880 0.09195084798220789 94
1890 0.09195090090521865 94.5
1900 0.09195095170723874 95
1910 0.09195100020085523 95.5
1920 0.09195104617152458 96
1930 0.09195108942776367 96.5
1940 0.09195112984561127 97
1950 0.09195116731188981 97.5
1960 0.09195120179838201 98
1970 0.09195123329449516 98.5
1980 0.09195126188825412 99
1990 0.09195128766898761 99.5
2000 0.09195131078032885 100
2010 0.09195133133333978 100.5
2020 0.0919513494301869 101
2030 0.09195136521579443 101.5
2040 0.0919513788335876 102
2050 0.09195139046306643 102.5
2060 0.09195140020673918 103
2070 0.0919514081762671 103.5
2080 0.09195141443543801 104
2090 0.09195141903367829 104.5
2100 0.09195142207950747 105
2110 0.0919514236447994 105.5
2120 0.09195142378000995 106
2130 0.09195142249747008 106.5
2140 0.09195141979340019 107
2150 0.09195141570176511 107.5
2160 0.09195141025560863 108
2170 0.09195140351527022 108.5
2180 0.09195139555208177 109
2190 0.09195138641607434 109.5
2200 0.0919513760829493 110
2210 0.09195136460112743 110.5
2220 0.09195135199042587 111
2230 0.09195133816161344 111.5
2240 0.09195132313583404 112
2250 0.09195130688753055 112.5
2260 0.09195128943879073 113
2270 0.09195127078048515 113.5
2280 0.09195125094051822 114
2290 0.09195122991377826 114.5
2300 0.09195120775084957 115
2310 0.09195118448800763 115.5
2320 0.09195116013982123 116
2330 0.09195113472594946 116.5
2340 0.09195110825038245 117
2350 0.09195108076213808 117.5
2360 0.09195105233527102 118
2370 0.09195102305271594 118.5
2380 0.09195099298345609 119
2390 0.09195096225863025 119.5
2400 0.09195093096086951 120
2410 0.09195089915677916 120.5
2420 0.09195086689550735 121
2430 0.09195083426038665 121.5
2440 0.09195080127238839 122
2450 0.09195076797818581 122.5
2460 0.09195073435553419 123
2470 0.09195070045479575 123.5
2480 0.09195066629797784 124
2490 0.09195063192303109 124.5
2500 0.09195059731570664 125
2510 0.09195056248981773 125.5
2520 0.09195052743995108 126
2530 0.09195049214393662 126.5
2540 0.09195045658385823 127
2550 0.09195042073419089 127.5
2560 0.09195038459976744 128
2570 0.09195034821409759 128.5
2580 0.09195031164208438 129
2590 0.09195027492675208 129.5
2600 0.09195023801727445 130
2610 0.09195020089972089 130.5
2620 0.09195016363897295 131
2630 0.09195012616648632 131.5
2640 0.09195008848503915 132
2650 0.09195005059154462 132.5
2660 0.09195001254923445 133
2670 0.09194997431812371 133.5
2680 0.09194993596181608 134
2690 0.09194989748226587 134.5
2700 0.09194985892337847 135
2710 0.09194982026630497 135.5
2720 0.091949781528608 136
2730 0.09194974264252836 136.5
2740 0.09194970364811202 137
2750 0.09194966456819965 137.5
2760 0.09194962546083307 138
2770 0.09194958619774105 138.5
2780 0.09194954664986447 139
2790 0.09194950674656413 139.5
2800 0.09194946651817906 140
2810 0.09194942611418409 140.5
2820 0.09194938563917743 141
2830 0.09194934523029584 141.5
2840 0.09194930495720514 142
2850 0.09194926486022248 142.5
2860 0.0919492249594568 143
2870 0.0919491852798531 143.5
2880 0.09194914586676974 144
2890 0.09194910677776207 144.5
2900 0.09194906806939367 145
2910 0.09194902975633155 145.5
2920 0.09194899185120692 146
2930 0.09194895438892135 146.5
2940 0.0919489173876523 147
2950 0.09194888086949451 147.5
2960 0.09194884486400048 148
2970 0.09194880937297281 148.5
2980 0.09194877435070295 149
2990 0.09194873978065216 149.5
3000 0.09194870562816432 150
3010 0.09194867190018985 150.5
3020 0.09194863862029272 151
3030 0.09194860586453167 151.5
3040 0.09194857367305072 152
3050 0.09194854214516796 152.5
3060 0.09194851134551003 153
3070 0.09194848134490793 153.5
3080 0.09194845223095709 154
3090 0.09194842404390809 154.5
3100 0.09194839680988215 155
3110 0.09194837056932198 155.5
3120 0.09194834531089523 156
3130 0.0919483210196366 156.5
3140 0.09194829767154551 157
3150 0.09194827525541652 157.5
3160 0.09194825372208192 158
3170 0.0919482330287703 158.5
3180 0.09194821316945964 159
3190 0.09194819418194826 159.5
3200 0.0919481761097809 160
3210 0.09194815893247443 160.5
3220 0.09194814271226132 161
3230 0.0919481273939949 161.5
3240 0.09194811299425938 162
3250 0.09194809950917425 162.5
3260 0.09194808699494926 163
3270 0.09194807539497776 163.5
3280 0.09194806471544574 164
3290 0.0919480549659252 164.5
3300 0.09194804612023995 165
3310 0.09194803813541427 165.5
3320 0.09194803101375298 166
3330 0.09194802477009946 166.5
3340 0.0919480193966684 167
3350 0.09194801481236345 167.5
3360 0.09194801099844706 168
3370 0.09194800788111809 168.5
3380 0.09194800549061002 169
3390 0.09194800380072853 169.5
3400 0.09194800281087732 170
3410 0.09194800255131277 170.5
3420 0.0919480030323792 171
3430 0.0919480042527047 171.5
3440 0.09194800621141962 172
3450 0.09194800891222052 172.5
3460 0.09194801239095307 173
3470 0.09194801669909147 173.5
3480 0.09194802187338662 174
3490 0.09194802795465534 174.5
3500 0.09194803497682577 175
3510 0.0919480430061646 175.5
3520 0.09194805206436774 176
3530 0.09194806220033047 176.5
3540 0.09194807351302288 177
3550 0.09194808600978545 177.5
3560 0.091948099762685 178
3570 0.09194811481381258 178.5
3580 0.09194813112322055 179
3590 0.09194814864328291 179.5
3600 0.09194816733202332 180
3610 0.0919481870438936 180.5
3620 0.09194820770617405 181
3630 0.09194822912197247 181.5
3640 0.09194825114553737 182
3650 0.09194827363773478 182.5
3660 0.09194829638978999 183
3670 0.09194831928741656 183.5
3680 0.09194834222879794 184
3690 0.09194836508354509 184.5
3700 0.09194838776651404 185
3710 0.09194841023285204 185.5
3720 0.0919484324460126 186
3730 0.09194845435332245 186.5
3740 0.09194847598912977 187
3750 0.09194849731405841 187.5
3760 0.09194851829269562 188
3770 0.09194853897963529 188.5
3780 0.09194855947063343 189
3790 0.09194857974302689 189.5
3800 0.09194859983725129 190
3810 0.09194861980186675 190.5
3820 0.09194863967438653 191
3830 0.09194865954334151 191.5
3840 0.09194867946964687 192
3850 0.09194869946018837 192.5
3860 0.09194871957035297 193
3870 0.09194873972818583 193.5
3880 0.0919487599462627 194
3890 0.09194878024283994 194.5
3900 0.09194880058425341 195
3910 0.09194882095056252 195.5
3920 0.09194884137788326 196
3930 0.09194886185074125 196.5
3940 0.09194888249585395 197
3950 0.09194890331367921 197.5
3960 0.09194892423725889 198
3970 0.09194894541837027 198.5
3980 0.0919489668060567 199
3990 0.09194898847435873 199.5
4000 0.09194901040468446 200
4010 0.09194903257687487 200.5
4020 0.09194905497241748 201
4030 0.09194907760576147 201.5
4040 0.09194910040424875 202
4050 0.09194912341036605 202.5
4060 0.09194914666897565 203
4070 0.09194917016991172 203.5
4080 0.09194919399550686 204
4090 0.09194921815580852 204.5
4100 0.09194924270401884 205
4110 0.09194926765789412 205.5
4120 0.09194929295738803 206
4130 0.09194931863533946 206.5
4140 0.09194934462762823 207
4150 0.09194937090620217 207.5
4160 0.09194939741207786 208
4170 0.09194942413358165 208.5
4180 0.09194945099196115 209
4190 0.09194947799833879 209.5
4200 0.09194950495767168 210
4210 0.09194953189007163 210.5
4220 0.09194955879065569 211
4230 0.09194958557114774 211.5
4240 0.09194961223654606 212
4250 0.0919496387377292 212.5
4260 0.0919496650662049 213
4270 0.09194969125502853 213.5
4280 0.09194971728558246 214
4290 0.0919497431651333 214.5
4300 0.09194976893946054 215
4310 0.09194979459773263 215.5
4320 0.09194982010313267 216
4330 0.09194984547559928 216.5
4340 0.09194987068725938 217
4350 0.09194989569284737 217.5
4360 0.09194992051660078 218
4370 0.09194994509651826 218.5
4380 0.09194996940020281 219
4390 0.09194999343064922 219.5
4400 0.09195001719973299 220
4410 0.09195004068371856 220.5
4420 0.09195006388747615 221
4430 0.09195008683977959 221.5
4440 0.09195010952222279 222
4450 0.09195013198416017 222.5
4460 0.09195015419240968 223
4470 0.0919501761124784 223.5
4480 0.09195019776326442 224
4490 0.09195021920250339 224.5
4500 0.09195024041239437 225
4510 0.09195026140376202 225.5
4520 0.09195028219160881 226
4530 0.0919503027298459 226.5
4540 0.09195032301270525 227
4550 0.09195034301358758 227.5
4560 0.0919503627137206 228
4570 0.09195038217077982 228.5
4580 0.09195040132004388 229
4590 0.09195042019709677 229.5
4600 0.09195043883560809 230
4610 0.09195045718921653 230.5
4620 0.09195047536572129 231
4630 0.09195049328520769 231.5
4640 0.09195051086613996 232
4650 0.09195052816529005 232.5
4660 0.0919505451542405 233
4670 0.09195056188616799 233.5
4680 0.0919505784016347 234
4690 0.09195059471014728 234.5
4700 0.0919506108269923 235
4710 0.09195062680200905 235.5
4720 0.09195064254414266 236
4730 0.09195065815550463 236.5
4740 0.09195067360065737 237
4750 0.09195068884311219 237.5
4760 0.09195070383130129 238
4770 0.0919507185803962 238.5
4780 0.0919507331309628 239
4790 0.09195074740851215 239.5
4800 0.09195076146303735 240
4810 0.09195077523308653 240.5
4820 0.09195078876518659 241
4830 0.09195080203514416 241.5
4840 0.09195081501303255 242
4850 0.09195082770938849 242.5
4860 0.09195084015004806 243
4870 0.09195085230966987 243.5
4880 0.09195086422336665 244
4890 0.09195087591082715 244.5
4900 0.09195088735467452 245
4910 0.09195089857464386 245.5
4920 0.09195090953755237 246
4930 0.0919509202359123 246.5
4940 0.09195093062300874 247
4950 0.09195094071751893 247.5
4960 0.09195095049814915 248
4970 0.0919509600047346 248.5
4980 0.09195096924577476 249
4990 0.0919509782417739 249.5
5000 0.09195098699741915 250
5010 0.09195099547634174 250.5
5020 0.09195100366260708 251
5030 0.09195101160127279 251.5
5040 0.09195101919790555 252
5050 0.09195102650242716 252.5
5060 0.091951033507066 253
5070 0.09195104022867161 253.5
5080 0.09195104667234366 254
5090 0.09195105282578539 254.5
5100 0.09195105872169337 255
5110 0.09195106435579778 255.5
5120 0.09195106973528699 256
5130 0.09195107486130848 256.5
5140 0.09195107977625895 257
5150 0.09195108446744153 257.5
5160 0.09195108893268968 258
5170 0.09195109318007021 258.5
5180 0.09195109714806887 259
5190 0.09195110082053545 259.5
5200 0.09195110422737648 260
5210 0.09195110737689019 260.5
5220 0.09195111027987386 261
5230 0.09195111292779794 261.5
5240 0.09195111534719835 262
5250 0.09195111747415961 262.5
5260 0.09195111929730458 263
5270 0.09195112082982561 263.5
5280 0.09195112206145967 264
5290 0.0919511229971068 264.5
5300 0.0919511235586415 265
5310 0.09195112376134947 265.5
5320 0.09195112356945427 266
5330 0.09195112298249283 266.5
5340 0.09195112205656042 267
5350 0.0919511207342379 267.5
5360 0.09195111906256638 268
5370 0.09195111705857383 268.5
5380 0.09195111473345233 269
5390 0.09195111205714196 269.5
5400 0.09195110906440308 270
5410 0.09195110572173314 270.5
5420 0.09195110205471582 271
5430 0.09195109809896759 271.5
5440 0.09195109382047503 272
5450 0.09195108928533212 272.5
5460 0.09195108446313253 273
5470 0.09195107938095054 273.5
5480 0.09195107404686864 274
5490 0.09195106842685742 274.5
5500 0.09195106255393055 275
5510 0.09195105648779636 275.5
5520 0.0919510502056944 276
5530 0.0919510437187885 276.5
5540 0.09195103706738326 277
5550 0.0919510302428638 277.5
5560 0.0919510232851995 278
5570 0.09195101613342811 278.5
5580 0.09195100888821321 279
5590 0.09195100147591082 279.5
5600 0.09195099395041778 280
5610 0.091950986316841 280.5
5620 0.09195097863183631 281
5630 0.09195097080917737 281.5
5640 0.09195096290323009 282
5650 0.09195095490251806 282.5
5660 0.09195094684730036 283
5670 0.09195093872512421 283.5
5680 0.09195093058524352 284
5690 0.09195092239322576 284.5
5700 0.09195091420588965 285
5710 0.09195090599695313 285.5
5720 0.09195089775438761 286
5730 0.09195088954790666 286.5
5740 0.0919508813344371 287
5750 0.09195087309882331 287.5
5760 0.09195086483604198 288
5770 0.091950856611125 288.5
5780 0.09195084840396187 289
5790 0.09195084018903626 289.5
5800 0.09195083198732915 290
5810 0.0919508237962955 290.5
5820 0.0919508155884509 291
5830 0.09195080744615816 291.5
5840 0.09195079933263582 292
5850 0.09195079128263707 292.5
5860 0.09195078322909958 293
5870 0.09195077522172782 293.5
5880 0.09195076721098644 294
5890 0.09195075933092739 294.5
5900 0.09195075142938675 295
5910 0.09195074360833615 295.5
5920 0.09195073581982702 296
5930 0.0919507280493701 296.5
5940 0.09195072032947282 297
5950 0.09195071263759115 297.5
5960 0.09195070500194505 298
5970 0.09195069742766132 298.5
5980 0.09195068994064999 299
5990 0.09195068254524227 299.5
6000 0.09195067518249901 300
