0 0.06785956770181656 0
10 0.06921733915805817 0.5
20 0.068790502846241 1
30 0.06856583058834076 1.5
40 0.06834634393453598 2
50 0.06818511337041855 2.5
60 0.06802531331777573 3
70 0.06789804995059967 3.5
80 0.06779828667640686 4
90 0.06771324574947357 4.5
100 0.06768238544464111 5
110 0.06761481612920761 5.5
120 0.06756467372179031 6
130 0.06736493855714798 6.5
140 0.06729777157306671 7
150 0.06720148772001266 7.5
160 0.06719343364238739 8
170 0.06712722778320312 8.5
180 0.0669969916343689 9
190 0.06704356521368027 9.5
200 0.06702380627393723 10
210 0.06698434054851532 10.5
220 0.0670316070318222 11
230 0.0669209212064743 11.5
240 0.06687305122613907 12
250 0.06702770292758942 12.5
260 0.06696546822786331 13
270 0.06684599071741104 13.5
280 0.06704460084438324 14
290 0.06694092601537704 14.5
300 0.06722836196422577 15
310 0.06721391528844833 15.5
320 0.06719595193862915 16
330 0.06734620034694672 16.5
340 0.06739269196987152 17
350 0.06757710129022598 17.5
360 0.06766678392887115 18
370 0.06775511056184769 18.5
380 0.06784044206142426 19
390 0.06785847246646881 19.5
400 0.06798423826694489 20
410 0.06802822649478912 20.5
420 0.06813525408506393 21
430 0.06820100545883179 21.5
440 0.06825713068246841 22
450 0.06825408339500427 22.5
460 0.0683002844452858 23
470 0.06835512071847916 23.5
480 0.06838080286979675 24
490 0.06839493662118912 24.5
500 0.06840936839580536 25
510 0.06841423362493515 25.5
520 0.06840676814317703 26
530 0.06842511147260666 26.5
540 0.06842174381017685 27
550 0.06845130771398544 27.5
560 0.06846024841070175 28
570 0.0684557631611824 28.5
580 0.06845404207706451 29
590 0.06846009939908981 29.5
600 0.06848561018705368 30
610 0.06850697100162506 30.5
620 0.06850854307413101 31
630 0.06854969263076782 31.5
640 0.06857488304376602 32
650 0.06861226260662079 32.5
660 0.06863794475793839 33
670 0.06871113926172256 33.5
680 0.06873114407062531 34
690 0.06877166032791138 34.5
700 0.06880942732095718 35
710 0.06884631514549255 35.5
720 0.06888681650161743 36
730 0.0689113438129425 36.5
740 0.06896495819091797 37
750 0.0689963698387146 37.5
760 0.069028340280056 38
770 0.06903178989887238 38.5
780 0.06906372308731079 39
790 0.06912980228662491 39.5
800 0.06917028874158859 40
810 0.06920141726732254 40.5
820 0.06922817975282669 41
830 0.0692853182554245 41.5
840 0.0693284198641777 42
850 0.06937745213508606 42.5
860 0.06941758096218109 43
870 0.06942971795797348 43.5
880 0.06945950537919998 44
890 0.06947474181652069 44.5
900 0.06949631869792938 45
910 0.0695079118013382 45.5
920 0.06955724209547043 46
930 0.06960450857877731 46.5
940 0.0696578174829483 47
950 0.06972955167293549 47.5
960 0.06984146684408188 48
970 0.0698438286781311 48.5
980 0.06996520608663559 49
990 0.06999748200178146 49.5
1000 0.07002460211515427 50
1010 0.07007338851690292 50.5
1020 0.0700983852148056 51
1030 0.07010793685913086 51.5
1040 0.07013990730047226 52
1050 0.07016530632972717 52.5
1060 0.07019531726837158 53
1070 0.07020648568868637 53.5
1080 0.07026496529579163 54
1090 0.07029777765274048 54.5
1100 0.07032593339681625 55
1110 0.07038512825965881 55.5
1120 0.07045470923185349 56
1130 0.0705573707818985 56.5
1140 0.07063395529985428 57
1150 0.07071670889854431 57.5
1160 0.07079210132360458 58
1170 0.07086212188005447 58.5
1180 0.0709335058927536 59
1190 0.0710386335849762 59.5
1200 0.07110089063644409 60
1210 0.07119181752204895 60.5
1220 0.07127473503351212 61
1230 0.07136028259992599 61.5
1240 0.07144027203321457 62
1250 0.0715366005897522 62.5
1260 0.07162667810916901 63
1270 0.07170991599559784 63.5
1280 0.07178723812103271 64
1290 0.07185668498277664 64.5
1300 0.07193274796009064 65
1310 0.07198859751224518 65.5
1320 0.07202330976724625 66
1330 0.07208025455474854 66.5
1340 0.07211367040872574 67
1350 0.07214965671300888 67.5
1360 0.07218122482299805 68
1370 0.07217187434434891 68.5
1380 0.07215034961700439 69
1390 0.07215388864278793 69.5
1400 0.07209575176239014 70
1410 0.07206618040800095 70.5
1420 0.07201515883207321 71
1430 0.07198204845190048 71.5
1440 0.07190825790166855 72
1450 0.07184986025094986 72.5
1460 0.07177218794822693 73
1470 0.07165154069662094 73.5
1480 0.07157934457063675 74
1490 0.07149212807416916 74.5
1500 0.07141004502773285 75
1510 0.07133452594280243 75.5
1520 0.07126455754041672 76
1530 0.07123278826475143 76.5
1540 0.07118929177522659 77
1550 0.0711272731423378 77.5
1560 0.07108061760663986 78
1570 0.07103568315505981 78.5
1580 0.07099606841802597 79
1590 0.07097022980451584 79.5
1600 0.07094255089759827 80
1610 0.07089341431856155 80.5
1620 0.07086183875799179 81
1630 0.07082821428775787 81.5
1640 0.07081819325685501 82
1650 0.07075485587120056 82.5
1660 0.07072070986032486 83
1670 0.07070741802453995 83.5
1680 0.07068601995706558 84
1690 0.07067267596721649 84.5
1700 0.07067383825778961 85
1710 0.0706750899553299 85.5
1720 0.07068713009357452 86
1730 0.07072137296199799 86.5
1740 0.07076404988765717 87
1750 0.07082574814558029 87.5
1760 0.07086975127458572 88
1770 0.07092972099781036 88.5
1780 0.07103786617517471 89
1790 0.07111624628305435 89.5
1800 0.0712067186832428 90
1810 0.07131372392177582 90.5
1820 0.07137438654899597 91
1830 0.07145193964242935 91.5
1840 0.07152774930000305 92
1850 0.07160717993974686 92.5
1860 0.07167635858058929 93
1870 0.07174292206764221 93.5
1880 0.07179129123687744 94
1890 0.07185916602611542 94.5
1900 0.07193775475025177 95
1910 0.07198077440261841 95.5
1920 0.07205229252576828 96
1930 0.07210555672645569 96.5
1940 0.07213734090328217 97
1950 0.07217229902744293 97.5
1960 0.07222527265548706 98
1970 0.07222264260053635 98.5
1980 0.07228681445121765 99
1990 0.07230952382087708 99.5
2000 0.07233770936727524 100
2010 0.07237101346254349 100.5
2020 0.07239024341106415 101
2030 0.07239793986082077 101.5
2040 0.07240892201662064 102
2050 0.07244398444890976 102.5
2060 0.0724671334028244 103
2070 0.07247133553028107 103.5
2080 0.0724852979183197 104
2090 0.07250438630580902 104.5
2100 0.07251317054033279 105
2110 0.0725366622209549 105.5
2120 0.07255612313747406 106
2130 0.07254815846681595 106.5
2140 0.0725528746843338 107
2150 0.07255104184150696 107.5
2160 0.0725681260228157 108
2170 0.0725780725479126 108.5
2180 0.07257470488548279 109
2190 0.07255517691373825 109.5
2200 0.0725528746843338 110
2210 0.07254026830196381 110.5
2220 0.07251908630132675 111
2230 0.07251948863267899 111.5
2240 0.0724915936589241 112
2250 0.07248388975858688 112.5
2260 0.07245229184627533 113
2270 0.07243698835372925 113.5
2280 0.07241826504468918 114
2290 0.07240209728479385 114.5
2300 0.07240907102823257 115
2310 0.07235873490571976 115.5
2320 0.07233261317014694 116
2330 0.07233245670795441 116.5
2340 0.07229995727539062 117
2350 0.07226922363042831 117.5
2360 0.07224135845899582 118
2370 0.072235107421875 118.5
2380 0.07221091538667679 119
2390 0.0721757635474205 119.5
2400 0.07216352224349976 120
2410 0.07213670015335083 120.5
2420 0.07210155576467514 121
2430 0.07207278907299042 121.5
2440 0.07203376293182373 122
2450 0.07199817895889282 122.5
2460 0.07197953015565872 123
2470 0.07195602357387543 123.5
2480 0.07193382829427719 124
2490 0.07188505679368973 124.5
2500 0.07186930626630783 125
2510 0.07185674458742142 125.5
2520 0.07186359167098999 126
2530 0.07186564803123474 126.5
2540 0.07187245786190033 127
2550 0.0718839019536972 127.5
2560 0.07189232110977173 128
2570 0.07189539074897766 128.5
2580 0.07191260159015656 129
2590 0.07192976027727127 129.5
2600 0.07197490334510803 130
2610 0.07198241353034973 130.5
2620 0.07199790328741074 131
2630 0.07201087474822998 131.5
2640 0.07201845198869705 132
2650 0.07203513383865356 132.5
2660 0.07203727215528488 133
2670 0.07205656170845032 133.5
2680 0.07207166403532028 134
2690 0.07208239287137985 134.5
2700 0.07206513732671738 135
2710 0.07205972075462341 135.5
2720 0.07206724584102631 136
2730 0.07208668440580368 136.5
2740 0.07207576185464859 137
2750 0.07207489758729935 137.5
2760 0.07208475470542908 138
2770 0.07211177796125412 138.5
2780 0.07212422043085098 139
2790 0.07213474810123444 139.5
2800 0.07211041450500488 140
2810 0.0721602663397789 140.5
2820 0.07218167185783386 141
2830 0.07220328599214554 141.5
2840 0.07220122218132019 142
2850 0.07223635166883469 142.5
2860 0.07221592962741852 143
2870 0.07225404679775238 143.5
2880 0.07222118228673935 144
2890 0.07222206145524979 144.5
2900 0.07223284244537354 145
2910 0.07223369926214218 145.5
2920 0.07223637402057648 146
2930 0.07222984731197357 146.5
2940 0.07225222885608673 147
2950 0.0722363069653511 147.5
2960 0.07226929813623428 148
2970 0.07224559783935547 148.5
2980 0.07228176295757294 149
2990 0.07230073213577271 149.5
3000 0.07229934632778168 150
3010 0.07231456786394119 150.5
3020 0.07231032848358154 151
3030 0.07232136279344559 151.5
3040 0.07232989370822906 152
3050 0.07234238833189011 152.5
3060 0.07235453277826309 153
3070 0.07239113748073578 153.5
3080 0.07240085303783417 154
3090 0.0723990723490715 154.5
3100 0.07241913676261902 155
3110 0.07244531065225601 155.5
3120 0.0724564865231514 156
3130 0.07244010269641876 156.5
3140 0.07244282215833664 157
3150 0.07245359569787979 157.5
3160 0.07244670391082764 158
3170 0.07246305048465729 158.5
3180 0.07245945185422897 159
3190 0.07250311970710754 159.5
3200 0.07250151038169861 160
3210 0.07248774170875549 160.5
3220 0.0725007951259613 161
3230 0.07249113172292709 161.5
3240 0.07247795164585114 162
3250 0.072466641664505 162.5
3260 0.07242261618375778 163
3270 0.07239396125078201 163.5
3280 0.07237182557582855 164
3290 0.07230667024850845 164.5
3300 0.07227339595556259 165
3310 0.07221537083387375 165.5
3320 0.07215176522731781 166
3330 0.07210790365934372 166.5
3340 0.07205674052238464 167
3350 0.07203291356563568 167.5
3360 0.07197108119726181 168
3370 0.07193318754434586 168.5
3380 0.07188662141561508 169
3390 0.07183066755533218 169.5
3400 0.07180581241846085 170
3410 0.07173985242843628 170.5
3420 0.07170218229293823 171
3430 0.07166711986064911 171.5
3440 0.07160761207342148 172
3450 0.07159799337387085 172.5
3460 0.0715625211596489 173
3470 0.07151878625154495 173.5
3480 0.0714942067861557 174
3490 0.07147949934005737 174.5
3500 0.07144291698932648 175
3510 0.07142656296491623 175.5
3520 0.07142280787229538 176
3530 0.0714186355471611 176.5
3540 0.07140801101922989 177
3550 0.07139274477958679 177.5
3560 0.07140852510929108 178
3570 0.07141296565532684 178.5
3580 0.07141485065221786 179
3590 0.07141423970460892 179.5
3600 0.07140311598777771 180
3610 0.07140510529279709 180.5
3620 0.07140521705150604 181
3630 0.0713968500494957 181.5
3640 0.07139373570680618 182
3650 0.07139003276824951 182.5
3660 0.07137085497379303 183
3670 0.07136726379394531 183.5
3680 0.07136653363704681 184
3690 0.07134492695331573 184.5
3700 0.07136021554470062 185
3710 0.07136331498622894 185.5
3720 0.07137635350227356 186
3730 0.07136692851781845 186.5
3740 0.07139366120100021 187
3750 0.07139834016561508 187.5
3760 0.0714230090379715 188
3770 0.07142465561628342 188.5
3780 0.07141020894050598 189
3790 0.07142796367406845 189.5
3800 0.07144559174776077 190
3810 0.07145854830741882 190.5
3820 0.07143129408359528 191
3830 0.07140126824378967 191.5
3840 0.0713803768157959 192
3850 0.07133939117193222 192.5
3860 0.07135133445262909 193
3870 0.07130039483308792 193.5
3880 0.07124834507703781 194
3890 0.07122457027435303 194.5
3900 0.07117827981710434 195
3910 0.07115501165390015 195.5
3920 0.07111557573080063 196
3930 0.07108024507761002 196.5
3940 0.07104279845952988 197
3950 0.07103630900382996 197.5
3960 0.07099815458059311 198
3970 0.07099618017673492 198.5
3980 0.07096414268016815 199
3990 0.07096690684556961 199.5
4000 0.07096552103757858 200
4010 0.07096584141254425 200.5
4020 0.07095140963792801 201
4030 0.07097045332193375 201.5
4040 0.07094437628984451 202
4050 0.07100173085927963 202.5
4060 0.0710122361779213 203
4070 0.07104691118001938 203.5
4080 0.07106803357601166 204
4090 0.07108978927135468 204.5
4100 0.07113534212112427 205
4110 0.07114364951848984 205.5
4120 0.07116125524044037 206
4130 0.07118580490350723 206.5
4140 0.07119031995534897 207
4150 0.07121556252241135 207.5
4160 0.07122183591127396 208
4170 0.0712302103638649 208.5
4180 0.07125692069530487 209
4190 0.07126333564519882 209.5
4200 0.07125112414360046 210
4210 0.0712951123714447 210.5
4220 0.07127633690834045 211
4230 0.07129015773534775 211.5
4240 0.07130461186170578 212
4250 0.07132188230752945 212.5
4260 0.07130665332078934 213
4270 0.07131396234035492 213.5
4280 0.07129534333944321 214
4290 0.07128719985485077 214.5
4300 0.07127969712018967 215
4310 0.07125309109687805 215.5
4320 0.07123866677284241 216
4330 0.0712309256196022 216.5
4340 0.07118603587150574 217
4350 0.07117903232574463 217.5
4360 0.07116775959730148 218
4370 0.07117713987827301 218.5
4380 0.07118005305528641 219
4390 0.07120002806186676 219.5
4400 0.07121816277503967 220
4410 0.07122495770454407 220.5
4420 0.07122471928596497 221
4430 0.07122953981161118 221.5
4440 0.07126804441213608 222
4450 0.07128036022186279 222.5
4460 0.07131811231374741 223
4470 0.07133038341999054 223.5
4480 0.07139012217521667 224
4490 0.0714353621006012 224.5
4500 0.07148737460374832 225
4510 0.07152852416038513 225.5
4520 0.07157785445451736 226
4530 0.07163600623607635 226.5
4540 0.07172054797410965 227
4550 0.07175803929567337 227.5
4560 0.07179029285907745 228
4570 0.07183883339166641 228.5
4580 0.07190340757369995 229
4590 0.07192869484424591 229.5
4600 0.07197640836238861 230
4610 0.07203422486782074 230.5
4620 0.07205969095230103 231
4630 0.07209660112857819 231.5
4640 0.07212208211421967 232
4650 0.0721498504281044 232.5
4660 0.07216165214776993 233
4670 0.07219728827476501 233.5
4680 0.07219922542572021 234
4690 0.07221497595310211 234.5
4700 0.07221204042434692 235
4710 0.07219289243221283 235.5
4720 0.07217822968959808 236
4730 0.07217302173376083 236.5
4740 0.07215875387191772 237
4750 0.07213708758354187 237.5
4760 0.07211746275424957 238
4770 0.07210902124643326 238.5
4780 0.07207845151424408 239
4790 0.07205130159854889 239.5
4800 0.07200991362333298 240
4810 0.07198596000671387 240.5
4820 0.07196086645126343 241
4830 0.07192587852478027 241.5
4840 0.07192867994308472 242
4850 0.07189389318227768 242.5
4860 0.07185856997966766 243
4870 0.0718361884355545 243.5
4880 0.07179433852434158 244
4890 0.07178523391485214 244.5
4900 0.07174826413393021 245
4910 0.07171770185232162 245.5
4920 0.0717129185795784 246
4930 0.07169851660728455 246.5
4940 0.07170721143484116 247
4950 0.07167895883321762 247.5
4960 0.07166359573602676 248
4970 0.07164947688579559 248.5
4980 0.07163981348276138 249
4990 0.07166469842195511 249.5
5000 0.07165820151567459 250
