0 0 0
10 4.059024660090538e-50 0.5
20 1.173828345909208e-42 1
30 2.016197731271373e-40 1.5
40 1.419151142933937e-39 2
50 8.031297351597295e-37 2.5
60 1.964359351337397e-36 3
70 2.022013155242e-34 3.5
80 6.018911861181951e-33 4
90 1.218245837230786e-30 4.5
100 2.716558244361035e-28 5
110 8.725503806326442e-28 5.5
120 3.803042796371017e-27 6
130 1.865106881863347e-27 6.5
140 1.629179429531302e-26 7
150 4.927547087749249e-25 7.5
160 1.048463284229001e-23 8
170 6.748413325591016e-23 8.5
180 5.124440104952896e-22 9
190 3.485124643124609e-21 9.5
200 3.285373582877366e-20 10
210 3.376932813555811e-19 10.5
220 1.038267969350958e-18 11
230 3.85288017069968e-18 11.5
240 1.942726824978771e-17 12
250 8.435605468183249e-17 12.5
260 3.062188733188082e-16 13
270 1.529858099994145e-15 13.5
280 7.343341061352368e-15 14
290 2.491039851074506e-14 14.5
300 8.438293289214802e-14 15
310 2.395345211332642e-13 15.5
320 5.96904680306167e-13 16
330 1.3871410664808e-12 16.5
340 2.898638766190539e-12 17
350 5.389974111587598e-12 17.5
360 8.762768111231737e-12 18
370 1.309330719234888e-11 18.5
380 1.826627517672619e-11 19
390 2.415278609500203e-11 19.5
400 3.088993287542635e-11 20
410 3.96785680691036e-11 20.5
420 5.354086564965417e-11 21
430 7.672143754665897e-11 21.5
440 1.133190432691357e-10 22
450 1.665568591263698e-10 22.5
460 2.41139990122736e-10 23
470 3.532054093946606e-10 23.5
480 5.305334780636926e-10 24
490 8.144798921866451e-10 24.5
500 1.25661408797543e-09 25
510 1.907529195479248e-09 25.5
520 2.843620372384387e-09 26
530 4.196597585331814e-09 26.5
540 6.131022510068063e-09 27
550 8.882477434876482e-09 27.5
560 1.271347148909701e-08 28
570 1.787859097892663e-08 28.5
580 2.468865915845751e-08 29
590 3.35602830710746e-08 29.5
600 4.487938340442627e-08 30
610 5.897539159726507e-08 30.5
620 7.606314546187107e-08 31
630 9.664031665438132e-08 31.5
640 1.213761640873641e-07 32
650 1.509617008125315e-07 32.5
660 1.865260579144875e-07 33
670 2.294313085889968e-07 33.5
680 2.810505660527256e-07 34
690 3.428868998813281e-07 34.5
700 4.163704012683073e-07 35
710 5.029668993866783e-07 35.5
720 6.041962984831933e-07 36
730 7.214783873078852e-07 36.5
740 8.562478008975006e-07 37
750 1.010011032838119e-06 37.5
760 1.184030030143819e-06 38
770 1.379633457118207e-06 38.5
780 1.597968732459372e-06 39
790 1.840554135700657e-06 39.5
800 2.108628810505962e-06 40
810 2.403255933310252e-06 40.5
820 2.726277883980688e-06 41
830 3.079936026282262e-06 41.5
840 3.461533161232355e-06 42
850 3.868999743676329e-06 42.5
860 4.299486346802642e-06 43
870 4.752657526570779e-06 43.5
880 5.224801518318211e-06 44
890 5.70980171960499e-06 44.5
900 6.202761030034673e-06 45
910 6.702482663644586e-06 45.5
920 7.204955923741751e-06 46
930 7.702455932650026e-06 46.5
940 8.188099039914601e-06 47
950 8.659404129941735e-06 47.5
960 9.112599043946108e-06 48
970 9.501867626964439e-06 48.5
980 9.905089931361107e-06 49
990 1.026694088362615e-05 49.5
1000 1.058105267246622e-05 50
1010 1.084476600684936e-05 50.5
1020 1.105701667528239e-05 51
1030 1.122216296777195e-05 51.5
1040 1.13459413040752e-05 52
1050 1.143392302140306e-05 52.5
1060 1.149226056902439e-05 53
1070 1.152866612556715e-05 53.5
1080 1.154755869785752e-05 54
1090 1.15544939170298e-05 54.5
1100 1.155387976724492e-05 55
1110 1.15536533395457e-05 55.5
1120 1.156200408641447e-05 56
1130 1.158278968486678e-05 56.5
1140 1.161828577983525e-05 57
1150 1.167074630230824e-05 57.5
1160 1.173933364741653e-05 58
1170 1.182390911683467e-05 58.5
1180 1.192430404393512e-05 59
1190 1.203928572322911e-05 59.5
1200 1.216704876295696e-05 60
1210 1.230480103551981e-05 60.5
1220 1.244974824170272e-05 61
1230 1.259853930833354e-05 61.5
1240 1.274794016122133e-05 62
1250 1.289400494015652e-05 62.5
1260 1.30335612527734e-05 63
1270 1.316428405416652e-05 63.5
1280 1.32835443265156e-05 64
1290 1.338980788737397e-05 64.5
1300 1.348161307522377e-05 65
1310 1.355850422608798e-05 65.5
1320 1.361882254912636e-05 66
1330 1.366061367473144e-05 66.5
1340 1.368229505923422e-05 67
1350 1.368293170269802e-05 67.5
1360 1.366190014640456e-05 68
1370 1.361970498545998e-05 68.5
1380 1.355863165705628e-05 69
1390 1.348070522472868e-05 69.5
1400 1.338787236314913e-05 70
1410 1.328224404578188e-05 70.5
1420 1.316558039285369e-05 71
1430 1.304110402354377e-05 71.5
1440 1.29109925805655e-05 72
1450 1.278089632323478e-05 72.5
1460 1.265615260817255e-05 73
1470 1.253940809391768e-05 73.5
1480 1.243105199714513e-05 74
1490 1.233117680571643e-05 74.5
1500 1.22423984068144e-05 75
1510 1.216544543500702e-05 75.5
1520 1.210280594865555e-05 76
1530 1.205649091005101e-05 76.5
1540 1.20260412665589e-05 77
1550 1.201394872114474e-05 77.5
1560 1.20219459436081e-05 78
1570 1.204929838186575e-05 78.5
1580 1.209376533724819e-05 79
1590 1.215256086617478e-05 79.5
1600 1.222597453467266e-05 80
1610 1.231386644580734e-05 80.5
1620 1.241753361198821e-05 81
1630 1.254287296369043e-05 81.5
1640 1.269540597823271e-05 82
1650 1.2873450603309e-05 82.5
1660 1.306942534771405e-05 83
1670 1.329347294464902e-05 83.5
1680 1.356630140801811e-05 84
1690 1.388528702917087e-05 84.5
1700 1.42397319652233e-05 85
1710 1.462390390886e-05 85.5
1720 1.504421988447365e-05 86
1730 1.550287493017794e-05 86.5
1740 1.600424536368214e-05 87
1750 1.654157943000919e-05 87.5
1760 1.711158736354715e-05 88
1770 1.772522633222126e-05 88.5
1780 1.837266371940734e-05 89
1790 1.902972639343803e-05 89.5
1800 1.967524269712564e-05 90
1810 2.029818555079936e-05 90.5
1820 2.088602116506493e-05 91
1830 2.142189667841036e-05 91.5
1840 2.188776218266856e-05 92
1850 2.226904522741221e-05 92.5
1860 2.25533796287666e-05 93
1870 2.274612699166117e-05 93.5
1880 2.28590725230271e-05 94
1890 2.290356329888245e-05 94.5
1900 2.289234180647371e-05 95
1910 2.284423224154255e-05 95.5
1920 2.277788164593816e-05 96
1930 2.271028442078166e-05 96.5
1940 2.265655547496693e-05 97
1950 2.263266490941141e-05 97.5
1960 2.266287892301163e-05 98
1970 2.276388963529452e-05 98.5
1980 2.294506923753669e-05 99
1990 2.321686996931176e-05 99.5
2000 2.358966358092362e-05 100
2010 2.407288192178071e-05 100.5
2020 2.467329803175839e-05 101
2030 2.539390920372275e-05 101.5
2040 2.624804684021242e-05 102
2050 2.724249332662446e-05 102.5
2060 2.836582726340953e-05 103
2070 2.961342576358209e-05 103.5
2080 3.098301094690337e-05 104
2090 3.24504098157353e-05 104.5
2100 3.403002128349313e-05 105
2110 3.570609360149356e-05 105.5
2120 3.746666758930961e-05 106
2130 3.929479819086742e-05 106.5
2140 4.116999569817982e-05 107
2150 4.30637953388509e-05 107.5
2160 4.494437112210367e-05 108
2170 4.678753888948753e-05 108.5
2180 4.856839264188337e-05 109
2190 5.025913770371595e-05 109.5
2200 5.183614322172069e-05 110
2210 5.32811198212427e-05 110.5
2220 5.456953941723764e-05 111
2230 5.568968787977215e-05 111.5
2240 5.662949869399871e-05 112
2250 5.737260083159852e-05 112.5
2260 5.791737442619175e-05 113
2270 5.825603709582224e-05 113.5
2280 5.840049959041292e-05 114
2290 5.836795473356515e-05 114.5
2300 5.817385002982337e-05 115
2310 5.783168573095685e-05 115.5
2320 5.735775956169963e-05 116
2330 5.676804923502667e-05 116.5
2340 5.6078299595654e-05 117
2350 5.530313909454411e-05 117.5
2360 5.445293633893928e-05 118
2370 5.353635698472207e-05 118.5
2380 5.25649858555971e-05 119
2390 5.155139818127671e-05 119.5
2400 5.050519953848313e-05 120
2410 4.9434069573423e-05 120.5
2420 4.835091501610813e-05 121
2430 4.726958555745671e-05 121.5
2440 4.620405693499613e-05 122
2450 4.516921245374743e-05 122.5
2460 4.418142061500629e-05 123
2470 4.325050315672044e-05 123.5
2480 4.238688021320657e-05 124
2490 4.160366930991108e-05 124.5
2500 4.091032903725552e-05 125
2510 4.030564927221205e-05 125.5
2520 3.978616953466926e-05 126
2530 3.934661239918827e-05 126.5
2540 3.898205108856188e-05 127
2550 3.869326282592237e-05 127.5
2560 3.847381725438562e-05 128
2570 3.832194082931672e-05 128.5
2580 3.822751227298307e-05 129
2590 3.817444642490773e-05 129.5
2600 3.814467768882631e-05 130
2610 3.81212129683057e-05 130.5
2620 3.809054050379553e-05 131
2630 3.803545097939682e-05 131.5
2640 3.794203737145464e-05 132
2650 3.779153630669474e-05 132.5
2660 3.75646372609926e-05 133
2670 3.724384553292887e-05 133.5
2680 3.68125147691813e-05 134
2690 3.633078606481791e-05 134.5
2700 3.576124424732956e-05 135
2710 3.510034558057672e-05 135.5
2720 3.43481368969545e-05 136
2730 3.35040079221619e-05 136.5
2740 3.250886292187754e-05 137
2750 3.13314350579345e-05 137.5
2760 3.001744677044337e-05 138
2770 2.862261163650798e-05 138.5
2780 2.719080689536847e-05 139
2790 2.575944362909489e-05 139.5
2800 2.435288758229555e-05 140
2810 2.300385006032134e-05 140.5
2820 2.174961313211916e-05 141
2830 2.061492225966175e-05 141.5
2840 1.96100315520235e-05 142
2850 1.873655217838451e-05 142.5
2860 1.798698256467015e-05 143
2870 1.734895588625127e-05 143.5
2880 1.680350202425196e-05 144
2890 1.633786947038712e-05 144.5
2900 1.59473574255964e-05 145
2910 1.563210157382665e-05 145.5
2920 1.537258304482566e-05 146
2930 1.51572471452931e-05 146.5
2940 1.49707107503321e-05 147
2950 1.480167008174211e-05 147.5
2960 1.463625718868927e-05 148
2970 1.447911089248855e-05 148.5
2980 1.434241959575953e-05 149
2990 1.422790305352683e-05 149.5
3000 1.412787320239895e-05 150
3010 1.40336452390433e-05 150.5
3020 1.394008775670261e-05 151
3030 1.38439133525934e-05 151.5
3040 1.374418480145013e-05 152
3050 1.364181575070636e-05 152.5
3060 1.35379478837707e-05 153
3070 1.343167241611306e-05 153.5
3080 1.332477592204763e-05 154
3090 1.322249259685235e-05 154.5
3100 1.313108314490888e-05 155
3110 1.304424009933915e-05 155.5
3120 1.296365752921701e-05 156
3130 1.288862747750799e-05 156.5
3140 1.282085078743457e-05 157
3150 1.276002401868204e-05 157.5
3160 1.270600852365939e-05 158
3170 1.265968834865041e-05 158.5
3180 1.262522505228433e-05 159
3190 1.259638729132971e-05 159.5
3200 1.256969346211572e-05 160
3210 1.254318443690698e-05 160.5
3220 1.25167563507161e-05 161
3230 1.248740514287969e-05 161.5
3240 1.245013924780221e-05 162
3250 1.24134597785805e-05 162.5
3260 1.237695897506949e-05 163
3270 1.234001419441025e-05 163.5
3280 1.230405467215657e-05 164
3290 1.226797111188833e-05 164.5
3300 1.223095864071077e-05 165
3310 1.21923998115414e-05 165.5
3320 1.21538316873236e-05 166
3330 1.211630290819783e-05 166.5
3340 1.208450403058916e-05 167
3350 1.206209523513243e-05 167.5
3360 1.205171460499534e-05 168
3370 1.205689609116593e-05 168.5
3380 1.208117565113476e-05 169
3390 1.212744640974028e-05 169.5
3400 1.219845544691236e-05 170
3410 1.229589019196398e-05 170.5
3420 1.242174018952772e-05 171
3430 1.257606157343077e-05 171.5
3440 1.275766226477329e-05 172
3450 1.296522945408739e-05 172.5
3460 1.319667232801279e-05 173
3470 1.344805421843995e-05 173.5
3480 1.37156707410112e-05 174
3490 1.399628473171966e-05 174.5
3500 1.428609672112655e-05 175
3510 1.458129429277089e-05 175.5
3520 1.487826591366338e-05 176
3530 1.517431085234839e-05 176.5
3540 1.54669011618814e-05 177
3550 1.57528385519945e-05 177.5
3560 1.602916844236607e-05 178
3570 1.62961235519665e-05 178.5
3580 1.655348295143643e-05 179
3590 1.680050806683909e-05 179.5
3600 1.703632279108631e-05 180
3610 1.726253775648333e-05 180.5
3620 1.747749041330263e-05 181
3630 1.768076566295077e-05 181.5
3640 1.787258279210527e-05 182
3650 1.805137010800688e-05 182.5
3660 1.821608665457881e-05 183
3670 1.836651764371231e-05 183.5
3680 1.850268059862001e-05 184
3690 1.862475379011004e-05 184.5
3700 1.873318913705714e-05 185
3710 1.882849926519551e-05 185.5
3720 1.891088317634098e-05 186
3730 1.898096148866234e-05 186.5
3740 1.904209980868894e-05 187
3750 1.909710074128762e-05 187.5
3760 1.914920963086255e-05 188
3770 1.920240855706584e-05 188.5
3780 1.925917709497592e-05 189
3790 1.931968868333623e-05 189.5
3800 1.938600176867625e-05 190
3810 1.946181384480352e-05 190.5
3820 1.955018201068558e-05 191
3830 1.965173871346859e-05 191.5
3840 1.976865405558609e-05 192
3850 1.990240057061721e-05 192.5
3860 2.005192695422172e-05 193
3870 2.02146576538459e-05 193.5
3880 2.038731514718708e-05 194
3890 2.056354749325112e-05 194.5
3900 2.073879972110084e-05 195
3910 2.090934918183641e-05 195.5
3920 2.107351052661695e-05 196
3930 2.123135784818912e-05 196.5
3940 2.138473864741565e-05 197
3950 2.153839446317802e-05 197.5
3960 2.169812414470835e-05 198
3970 2.186995981070391e-05 198.5
3980 2.206064652737893e-05 199
3990 2.227648792291236e-05 199.5
4000 2.252005125510078e-05 200
4010 2.279564345846631e-05 200.5
4020 2.310463408436971e-05 201
4030 2.344318643006906e-05 201.5
4040 2.381015570995355e-05 202
4050 2.420233645240157e-05 202.5
4060 2.461674621019327e-05 203
4070 2.504863344352778e-05 203.5
4080 2.54922487047146e-05 204
4090 2.594143438579553e-05 204.5
4100 2.638991996307451e-05 205
4110 2.683076584434831e-05 205.5
4120 2.725750243638386e-05 206
4130 2.766148762010107e-05 206.5
4140 2.803394257300464e-05 207
4150 2.836746198685138e-05 207.5
4160 2.864656099132613e-05 208
4170 2.885674058020836e-05 208.5
4180 2.898806748600546e-05 209
4190 2.903384243905354e-05 209.5
4200 2.898823809285024e-05 210
4210 2.885077254327633e-05 210.5
4220 2.862027781548759e-05 211
4230 2.829308301735201e-05 211.5
4240 2.786848633846814e-05 212
4250 2.735183899228384e-05 212.5
4260 2.675243948884534e-05 213
4270 2.608412391304032e-05 213.5
4280 2.536476384491203e-05 214
4290 2.461149340893711e-05 214.5
4300 2.384575836752891e-05 215
4310 2.308085062371615e-05 215.5
4320 2.231774813865601e-05 216
4330 2.159162963874766e-05 216.5
4340 2.091833274062471e-05 217
4350 2.030396923211696e-05 217.5
4360 1.974421006044539e-05 218
4370 1.924523756756989e-05 218.5
4380 1.881074783737863e-05 219
4390 1.843784472506743e-05 219.5
4400 1.811800079859731e-05 220
4410 1.784415301588448e-05 220.5
4420 1.761247771686071e-05 221
4430 1.741698373601845e-05 221.5
4440 1.725021501660376e-05 222
4450 1.710236411001828e-05 222.5
4460 1.696027173717991e-05 223
4470 1.68172822154798e-05 223.5
4480 1.666857865307284e-05 224
4490 1.651140083836989e-05 224.5
4500 1.634285204981275e-05 225
4510 1.616111741695508e-05 225.5
4520 1.59659789818799e-05 226
4530 1.575861535524766e-05 226.5
4540 1.554178595182669e-05 227
4550 1.531935723894415e-05 227.5
4560 1.509544403709574e-05 228
4570 1.487359438315566e-05 228.5
4580 1.465522895591168e-05 229
4590 1.444430222289259e-05 229.5
4600 1.424568710830096e-05 230
4610 1.406365193835303e-05 230.5
4620 1.390178508547107e-05 231
4630 1.376239978607173e-05 231.5
4640 1.364754092978805e-05 232
4650 1.355842176335687e-05 232.5
4660 1.349618915114598e-05 233
4670 1.345931313293616e-05 233.5
4680 1.344548682519347e-05 234
4690 1.345076323645508e-05 234.5
4700 1.347212604612202e-05 235
4710 1.35069773177586e-05 235.5
4720 1.355136803362965e-05 236
4730 1.360273777423366e-05 236.5
4740 1.36576764366273e-05 237
4750 1.370964487233524e-05 237.5
4760 1.375465980039468e-05 238
4770 1.379178803211895e-05 238.5
4780 1.381986849864821e-05 239
4790 1.383785730069134e-05 239.5
4800 1.384545056677125e-05 240
4810 1.384202321832452e-05 240.5
4820 1.38222429161906e-05 241
4830 1.378410197351627e-05 241.5
4840 1.372910471177057e-05 242
4850 1.36588394475928e-05 242.5
4860 1.357432027840841e-05 243
4870 1.347660295784267e-05 243.5
4880 1.336737522458891e-05 244
4890 1.32487417545381e-05 244.5
4900 1.31223274387181e-05 245
4910 1.299178432887029e-05 245.5
4920 1.285975842401636e-05 246
4930 1.272884504686299e-05 246.5
4940 1.260091670338864e-05 247
4950 1.247852182333526e-05 247.5
4960 1.236479634905249e-05 248
4970 1.226344011972442e-05 248.5
4980 1.217631741746615e-05 249
4990 1.210398619456316e-05 249.5
5000 1.20462701167471e-05 250
