0 0.0706489160656929 0
10 0.07197114080190659 0.5
20 0.07161231338977814 1
30 0.07144155353307724 1.5
40 0.07128670811653137 2
50 0.07122909277677536 2.5
60 0.07115580141544342 3
70 0.07115809619426727 3.5
80 0.07111318409442902 4
90 0.0710626021027565 4.5
100 0.07103617489337921 5
110 0.07101929932832718 5.5
120 0.07100169360637665 6
130 0.07087939232587814 6.5
140 0.07086043059825897 7
150 0.07077140361070633 7.5
160 0.07081497460603714 8
170 0.07080929726362228 8.5
180 0.07077984511852264 9
190 0.07085474580526352 9.5
200 0.07089681923389435 10
210 0.07092122733592987 10.5
220 0.07100256532430649 11
230 0.07096937298774719 11.5
240 0.07095945626497269 12
250 0.0711681917309761 12.5
260 0.07110397517681122 13
270 0.07107945531606674 13.5
280 0.07125966995954514 14
290 0.07115423679351807 14.5
300 0.0713941901922226 15
310 0.07134246826171875 15.5
320 0.07127010077238083 16
330 0.07133427262306213 16.5
340 0.07131160795688629 17
350 0.07140010595321655 17.5
360 0.07140790671110153 18
370 0.07142399996519089 18.5
380 0.07144805788993835 19
390 0.07140909880399704 19.5
400 0.071481853723526 20
410 0.07149170339107513 20.5
420 0.07149907946586609 21
430 0.07155171781778336 21.5
440 0.07159339636564255 22
450 0.07168462872505188 22.5
460 0.07183219492435455 23
470 0.07201007008552551 23.5
480 0.07213032990694046 24
490 0.07222636789083481 24.5
500 0.07233123481273651 25
510 0.07241976261138916 25.5
520 0.07249151170253754 26
530 0.07256382703781128 26.5
540 0.07266294211149216 27
550 0.07272836565971375 27.5
560 0.07278683036565781 28
570 0.07279442995786667 28.5
580 0.07279542088508606 29
590 0.07280877977609634 29.5
600 0.07281440496444702 30
610 0.07282548397779465 30.5
620 0.07282638549804688 31
630 0.07283435016870499 31.5
640 0.07282863557338715 32
650 0.07281658798456192 32.5
660 0.07283530384302139 33
670 0.07283873111009598 33.5
680 0.07281983643770218 34
690 0.07280656695365906 34.5
700 0.07279974967241287 35
710 0.07281195372343063 35.5
720 0.07284313440322876 36
730 0.07285597920417786 36.5
740 0.07291538268327713 37
750 0.07295762747526169 37.5
760 0.07299575954675674 38
770 0.07302629202604294 38.5
780 0.07306448370218277 39
790 0.07310536503791809 39.5
800 0.07314788550138474 40
810 0.07320553809404373 40.5
820 0.07326202839612961 41
830 0.07329892367124557 41.5
840 0.07334021478891373 42
850 0.07335860282182693 42.5
860 0.07334215193986893 43
870 0.07333539426326752 43.5
880 0.07331696152687073 44
890 0.07329268753528595 44.5
900 0.07324643433094025 45
910 0.07321674376726151 45.5
920 0.07320165634155273 46
930 0.07318232953548431 46.5
940 0.07315365970134735 47
950 0.07311932742595673 47.5
960 0.07311268895864487 48
970 0.07306338846683502 48.5
980 0.07310578227043152 49
990 0.07311167567968369 49.5
1000 0.07311035692691803 50
1010 0.07314085960388184 50.5
1020 0.0731416717171669 51
1030 0.07317095994949341 51.5
1040 0.07321082800626755 52
1050 0.07325738668441772 52.5
1060 0.07330578565597534 53
1070 0.07334739714860916 53.5
1080 0.07341739535331726 54
1090 0.07350172102451324 54.5
1100 0.07356348633766174 55
1110 0.07362695783376694 55.5
1120 0.07366615533828735 56
1130 0.07376718521118164 56.5
1140 0.07381033152341843 57
1150 0.07388935983181 57.5
1160 0.07394836843013763 58
1170 0.07400121539831161 58.5
1180 0.07403203099966049 59
1190 0.07407637685537338 59.5
1200 0.07408797740936279 60
1210 0.07411186397075653 60.5
1220 0.07414689660072327 61
1230 0.07419298589229584 61.5
1240 0.07426308840513229 62
1250 0.07431540638208389 62.5
1260 0.07435924559831619 63
1270 0.07441087812185287 63.5
1280 0.07444459199905396 64
1290 0.07448532432317734 64.5
1300 0.07452250272035599 65
1310 0.07455277442932129 65.5
1320 0.07457192987203598 66
1330 0.07462459802627563 66.5
1340 0.07464917004108429 67
1350 0.07469094544649124 67.5
1360 0.07474200427532196 68
1370 0.07478497922420502 68.5
1380 0.07481291890144348 69
1390 0.07487859576940536 69.5
1400 0.07491452991962433 70
1410 0.0749526247382164 70.5
1420 0.07500553131103516 71
1430 0.07507574558258057 71.5
1440 0.0751209631562233 72
1450 0.07518275082111359 72.5
1460 0.0752384215593338 73
1470 0.07528088241815567 73.5
1480 0.07534246146678925 74
1490 0.07540930807590485 74.5
1500 0.07548042386770248 75
1510 0.07556292414665222 75.5
1520 0.07561492174863815 76
1530 0.07569525390863419 76.5
1540 0.07577496021986008 77
1550 0.07583577185869217 77.5
1560 0.07588606327772141 78
1570 0.07594729214906693 78.5
1580 0.07600167393684387 79
1590 0.07608413696289062 79.5
1600 0.07614482194185257 80
1610 0.07618805021047592 80.5
1620 0.07628579437732697 81
1630 0.07634851336479187 81.5
1640 0.07643088698387146 82
1650 0.07650952041149139 82.5
1660 0.0766003280878067 83
1670 0.07668499648571014 83.5
1680 0.07676209509372711 84
1690 0.07680695503950119 84.5
1700 0.07685624808073044 85
1710 0.07690610736608505 85.5
1720 0.0769747868180275 86
1730 0.07702459394931793 86.5
1740 0.07706707715988159 87
1750 0.07709388434886932 87.5
1760 0.07708028703927994 88
1770 0.07707624882459641 88.5
1780 0.07710525393486023 89
1790 0.07712104171514511 89.5
1800 0.07710564136505127 90
1810 0.07710685580968857 90.5
1820 0.0770462229847908 91
1830 0.07701597362756729 91.5
1840 0.07699351757764816 92
1850 0.07700119167566299 92.5
1860 0.07700915634632111 93
1870 0.07700391113758087 93.5
1880 0.07701802253723145 94
1890 0.077056884765625 94.5
1900 0.07710473239421844 95
1910 0.07711265981197357 95.5
1920 0.07714945822954178 96
1930 0.0771808922290802 96.5
1940 0.07716903835535049 97
1950 0.07715295255184174 97.5
1960 0.07713662832975388 98
1970 0.07710602134466171 98.5
1980 0.07717852294445038 99
1990 0.0772215947508812 99.5
2000 0.07728070765733719 100
2010 0.0773223415017128 100.5
2020 0.07734578847885132 101
2030 0.07736127078533173 101.5
2040 0.07738916575908661 102
2050 0.0774286687374115 102.5
2060 0.0774412602186203 103
2070 0.07745690643787384 103.5
2080 0.07748383283615112 104
2090 0.0774834007024765 104.5
2100 0.07749088853597641 105
2110 0.07752908021211624 105.5
2120 0.07752757519483566 106
2130 0.07751892507076263 106.5
2140 0.07751994580030441 107
2150 0.07751146703958511 107.5
2160 0.07752483338117599 108
2170 0.0775175541639328 108.5
2180 0.07751409709453583 109
2190 0.07750379294157028 109.5
2200 0.0774853527545929 110
2210 0.07746321707963943 110.5
2220 0.077464260160923 111
2230 0.07746043056249619 111.5
2240 0.07745814323425293 112
2250 0.07743290811777115 112.5
2260 0.07741177827119827 113
2270 0.07740302383899689 113.5
2280 0.07741378247737885 114
2290 0.07741384953260422 114.5
2300 0.07744258642196655 115
2310 0.07740806043148041 115.5
2320 0.07741279155015945 116
2330 0.0774376317858696 116.5
2340 0.07743827253580093 117
2350 0.07742970436811447 117.5
2360 0.07744348794221878 118
2370 0.07744646817445755 118.5
2380 0.0774587094783783 119
2390 0.07744415104389191 119.5
2400 0.07745537161827087 120
2410 0.07743167132139206 120.5
2420 0.07742951810359955 121
2430 0.07740083336830139 121.5
2440 0.07738140970468521 122
2450 0.07736968994140625 122.5
2460 0.07735580950975418 123
2470 0.07733380794525146 123.5
2480 0.07731457054615021 124
2490 0.07729105651378632 124.5
2500 0.07727069407701492 125
2510 0.07726006954908371 125.5
2520 0.07724554091691971 126
2530 0.07723258435726166 126.5
2540 0.07721826434135437 127
2550 0.07720741629600525 127.5
2560 0.07720180600881577 128
2570 0.07717996835708618 128.5
2580 0.07717563956975937 129
2590 0.07716089487075806 129.5
2600 0.07716739922761917 130
2610 0.07714691758155823 130.5
2620 0.07715056091547012 131
2630 0.07712352275848389 131.5
2640 0.0770905539393425 132
2650 0.07706908881664276 132.5
2660 0.07704398781061172 133
2670 0.07701615244150162 133.5
2680 0.07698448747396469 134
2690 0.07696530222892761 134.5
2700 0.07691065967082977 135
2710 0.07686033099889755 135.5
2720 0.0768427699804306 136
2730 0.07685130834579468 136.5
2740 0.07681996375322342 137
2750 0.07680860161781311 137.5
2760 0.0768071636557579 138
2770 0.07680721580982208 138.5
2780 0.07680227607488632 139
2790 0.07680843770503998 139.5
2800 0.07678943127393723 140
2810 0.0768204927444458 140.5
2820 0.07682383805513382 141
2830 0.07686866819858551 141.5
2840 0.07686755806207657 142
2850 0.07688824832439423 142.5
2860 0.07691039144992828 143
2870 0.07695820927619934 143.5
2880 0.07696711272001266 144
2890 0.07695320248603821 144.5
2900 0.07696043699979782 145
2910 0.07694339752197266 145.5
2920 0.07690729200839996 146
2930 0.07689425349235535 146.5
2940 0.07691820710897446 147
2950 0.07693897187709808 147.5
2960 0.07701323926448822 148
2970 0.07704503089189529 148.5
2980 0.07711132615804672 149
2990 0.07718469947576523 149.5
3000 0.07721865922212601 150
3010 0.07725423574447632 150.5
3020 0.07725382596254349 151
3030 0.07728580385446548 151.5
3040 0.07727921009063721 152
3050 0.07728184759616852 152.5
3060 0.07728707045316696 153
3070 0.07729471474885941 153.5
3080 0.07729459553956985 154
3090 0.0772709995508194 154.5
3100 0.07723618298768997 155
3110 0.07724978029727936 155.5
3120 0.07722271233797073 156
3130 0.07714599370956421 156.5
3140 0.07708793133497238 157
3150 0.07702329754829407 157.5
3160 0.07695934921503067 158
3170 0.07690165936946869 158.5
3180 0.07680384814739227 159
3190 0.07678968459367752 159.5
3200 0.07673534750938416 160
3210 0.07670373469591141 160.5
3220 0.07664717733860016 161
3230 0.07664872705936432 161.5
3240 0.07660013437271118 162
3250 0.07658346742391586 162.5
3260 0.07655352354049683 163
3270 0.0765562504529953 163.5
3280 0.07653361558914185 164
3290 0.07650386542081833 164.5
3300 0.07650597393512726 165
3310 0.07647676020860672 165.5
3320 0.07645828276872635 166
3330 0.07647473365068436 166.5
3340 0.07646297663450241 167
3350 0.07647861540317535 167.5
3360 0.07647424191236496 168
3370 0.07647114992141724 168.5
3380 0.07644064724445343 169
3390 0.07642758637666702 169.5
3400 0.0764428898692131 170
3410 0.07645822316408157 170.5
3420 0.07645361125469208 171
3430 0.07647252082824707 171.5
3440 0.07647352665662766 172
3450 0.07649804651737213 172.5
3460 0.07651177048683167 173
3470 0.07652245461940765 173.5
3480 0.07652192562818527 174
3490 0.07655001431703568 174.5
3500 0.07654725760221481 175
3510 0.07655829936265945 175.5
3520 0.07657039910554886 176
3530 0.07657843828201294 176.5
3540 0.07658781856298447 177
3550 0.07660412788391113 177.5
3560 0.07660855352878571 178
3570 0.07663744688034058 178.5
3580 0.07662701606750488 179
3590 0.07665049284696579 179.5
3600 0.07667377591133118 180
3610 0.07666558027267456 180.5
3620 0.0766722559928894 181
3630 0.07669054716825485 181.5
3640 0.07667334377765656 182
3650 0.07670709490776062 182.5
3660 0.07669331133365631 183
3670 0.07669486850500107 183.5
3680 0.0767110213637352 184
3690 0.07666937261819839 184.5
3700 0.0766906812787056 185
3710 0.07667969167232513 185.5
3720 0.07667788118124008 186
3730 0.07666900008916855 186.5
3740 0.07667181640863419 187
3750 0.07665297389030457 187.5
3760 0.07669824361801147 188
3770 0.07672303169965744 188.5
3780 0.07671837508678436 189
3790 0.07672613114118576 189.5
3800 0.07673196494579315 190
3810 0.07675611972808838 190.5
3820 0.07674794644117355 191
3830 0.07671937346458435 191.5
3840 0.07669845968484879 192
3850 0.07667447626590729 192.5
3860 0.07667277008295059 193
3870 0.07665688544511795 193.5
3880 0.07661560922861099 194
3890 0.07659558951854706 194.5
3900 0.07657218724489212 195
3910 0.07656623423099518 195.5
3920 0.07655387371778488 196
3930 0.07652735710144043 196.5
3940 0.0765129029750824 197
3950 0.07651190459728241 197.5
3960 0.07647861540317535 198
3970 0.07646672427654266 198.5
3980 0.0764322355389595 199
3990 0.07640599459409714 199.5
4000 0.0763804093003273 200
4010 0.076360784471035 200.5
4020 0.07632575929164886 201
4030 0.07633860409259796 201.5
4040 0.07629743218421936 202
4050 0.0763188973069191 202.5
4060 0.07630749046802521 203
4070 0.07631639391183853 203.5
4080 0.07629844546318054 204
4090 0.07628841698169708 204.5
4100 0.07629704475402832 205
4110 0.076298788189888 205.5
4120 0.07628418505191803 206
4130 0.07629693299531937 206.5
4140 0.07628631591796875 207
4150 0.07628706842660904 207.5
4160 0.0762677788734436 208
4170 0.07625604420900345 208.5
4180 0.07629270106554031 209
4190 0.07629293948411942 209.5
4200 0.07632986456155777 210
4210 0.07639770954847336 210.5
4220 0.07641714811325073 211
4230 0.07646237313747406 211.5
4240 0.07650428265333176 212
4250 0.07656621932983398 212.5
4260 0.07660925388336182 213
4270 0.0766621008515358 213.5
4280 0.07670100033283234 214
4290 0.07672400772571564 214.5
4300 0.07675302028656006 215
4310 0.07678744941949844 215.5
4320 0.07681171596050262 216
4330 0.07684615254402161 216.5
4340 0.07684916257858276 217
4350 0.07685946673154831 217.5
4360 0.07687775790691376 218
4370 0.0768984854221344 218.5
4380 0.07689181715250015 219
4390 0.07692231982946396 219.5
4400 0.07689496874809265 220
4410 0.07687544822692871 220.5
4420 0.07686232775449753 221
4430 0.07687282562255859 221.5
4440 0.0768948569893837 222
4450 0.07689055800437927 222.5
4460 0.07689236849546432 223
4470 0.07687453180551529 223.5
4480 0.07689955830574036 224
4490 0.07689014822244644 224.5
4500 0.07690922915935516 225
4510 0.07690640538930893 225.5
4520 0.0769062340259552 226
4530 0.0769367516040802 226.5
4540 0.07694669812917709 227
4550 0.07695575803518295 227.5
4560 0.07695147395133972 228
4570 0.07694540172815323 228.5
4580 0.0769663080573082 229
4590 0.07695676386356354 229.5
4600 0.07696320861577988 230
4610 0.07698116451501846 230.5
4620 0.07696821540594101 231
4630 0.07696481049060822 231.5
4640 0.07695351541042328 232
4650 0.0769490972161293 232.5
4660 0.07692133635282516 233
4670 0.07693159580230713 233.5
4680 0.07688496261835098 234
4690 0.07686338573694229 234.5
4700 0.07683904469013214 235
4710 0.07678316533565521 235.5
4720 0.07674732059240341 236
4730 0.07669572532176971 236.5
4740 0.07665807753801346 237
4750 0.07661493122577667 237.5
4760 0.07656407356262207 238
4770 0.07651516795158386 238.5
4780 0.07648110389709473 239
4790 0.07645445317029953 239.5
4800 0.0764252096414566 240
4810 0.07642190903425217 240.5
4820 0.07641372829675674 241
4830 0.07640203088521957 241.5
4840 0.07639697194099426 242
4850 0.07637602835893631 242.5
4860 0.07636570185422897 243
4870 0.07636347413063049 243.5
4880 0.07633275538682938 244
4890 0.07635121792554855 244.5
4900 0.07631994783878326 245
4910 0.07630413025617599 245.5
4920 0.07630123198032379 246
4930 0.07633387297391891 246.5
4940 0.07637050002813339 247
4950 0.07638425379991531 247.5
4960 0.07638774067163467 248
4970 0.07640987634658813 248.5
4980 0.07641142606735229 249
4990 0.07645518332719803 249.5
5000 0.07647326588630676 250
