0 0 0
5 7.106198774279415e-21 0.5
10 1.9990349584105e-15 1
15 4.81529203279494e-12 1.5
20 3.433859247580225e-10 2
25 9.984380226396851e-09 2.5
30 1.448203014661326e-07 3
35 1.166121394617846e-06 3.5
43 5.558229240773806e-06 4
53 1.881924435106067e-05 4.5
63 5.020958426163476e-05 5
73 0.0001111031071180646 5.5
83 0.0002129800442979998 6
93 0.0003653302378355689 6.5
103 0.0005735510028681574 7
113 0.0008374896339120492 7.5
123 0.001151086357474016 8
133 0.001502970998521933 8.5
143 0.001878694682428809 9
153 0.002262957191808271 9.5
163 0.002642475060730195 10
173 0.003009597355280491 10.5
183 0.003362706099850048 11
193 0.003706621795562472 11.5
203 0.004054253781680072 12
213 0.004425152122766286 12.5
223 0.004842338186455775 13
233 0.005327724944870823 13.5
243 0.00588537402703832 14
253 0.006478278155780145 14.5
263 0.007039346473479409 15
273 0.007526363746475361 15.5
283 0.007938390029241019 16
293 0.008301976401231618 16.5
303 0.00863792003077787 17
313 0.008950118294094091 17.5
323 0.009240305838683785 18
333 0.009502943836635957 18.5
343 0.009730571062770404 19
353 0.009920959979711784 19.5
363 0.01007491798720704 20
373 0.01019094170429204 20.5
383 0.01027053133118547 21
393 0.01031894054745319 21.5
403 0.01034351520846225 22
413 0.01035734066050596 22.5
423 0.01037572891085572 23
433 0.01040783924131188 23.5
443 0.01045578540758454 24
453 0.01051959164511883 24.5
463 0.01059890913397967 25
473 0.01069584855605675 25.5
483 0.01081631462876946 26
493 0.01097185905313477 26.5
503 0.01117626959900097 27
513 0.01144067194634244 27.5
523 0.01177072886895089 28
533 0.01216081939311747 28.5
543 0.01259176441179934 29
553 0.01303880120440413 29.5
563 0.01349150432838374 30
573 0.01395016723928214 30.5
583 0.01442412871829925 31
593 0.01490154151938064 31.5
603 0.01533376011582829 32
613 0.01569808269900801 32.5
623 0.01598784921216128 33
633 0.01621436620006903 33.5
643 0.01639057796696263 34
653 0.01651933759598189 34.5
663 0.01660451740524146 35
673 0.01665387416519525 35.5
683 0.01668082911094551 36
693 0.01670387211932964 36.5
703 0.01674256981855538 37
713 0.0168147374771255 37.5
723 0.01693159936382508 38
733 0.01709629111237492 38.5
743 0.01730476907645348 39
753 0.01754770168191122 39.5
763 0.01781322546614313 40
773 0.01808695517358211 40.5
783 0.01835276313484741 41
793 0.0185981246920157 41.5
803 0.01881417602106299 42
813 0.01899219196006205 42.5
823 0.01912271722008574 43
833 0.01919809900031466 43.5
843 0.01921463539287326 44
853 0.01917446704017618 44.5
863 0.01908689707295776 45
873 0.01896689673289518 45.5
883 0.01883391895941695 46
893 0.01870870107824522 46.5
903 0.01860877670084738 47
913 0.01854401838378314 47.5
923 0.01851589554401142 48
933 0.01851859541193769 48.5
943 0.0185419958319442 49
953 0.01857628478472047 49.5
963 0.01861248143468883 50
973 0.01864311533392799 50.5
983 0.01866410921163341 51
993 0.01867277575620941 51.5
1003 0.01866546874723477 52
1013 0.01863934703639135 52.5
1023 0.01859230231456151 53
1033 0.01852421858232378 53.5
1043 0.01843732852893118 54
1053 0.01833543950088407 54.5
1063 0.01822398182067305 55
1073 0.01810892915283328 55.5
1083 0.01799711751490049 56
1093 0.01789474101085409 56.5
1103 0.01780651183794118 57
1113 0.01773470256363673 57.5
1123 0.01767901139235172 58
1133 0.01763909227044998 58.5
1143 0.01761453114340867 59
1153 0.01760265020907775 59.5
1163 0.01760004755706703 60
1173 0.01760254284214905 60.5
1183 0.01760667086106382 61
1193 0.01760978404542557 61.5
1203 0.01761020694393842 62
1213 0.01760676031752352 62.5
1223 0.01759867488835951 63
1233 0.01758441347355908 63.5
1243 0.01756464718547599 64
1253 0.01754087111763335 64.5
1263 0.01751434432566996 65
1273 0.01748683695613578 65.5
1283 0.01746020066801244 66
1293 0.01743619263645319 66.5
1303 0.01741625167296379 67
1313 0.01740159431505131 67.5
1323 0.01739300824468298 68
1333 0.01739085343709857 68.5
1343 0.01739449358714706 69
1353 0.01740303526192187 69.5
1363 0.01741522636873167 70
1373 0.01743046729939248 70.5
1383 0.01744823308416797 71
1393 0.01746754514082925 71.5
1403 0.01748744275424144 72
1413 0.01750708377230389 72.5
1423 0.01752579165951525 73
1433 0.01754279420361451 73.5
1443 0.0175576739734562 74
1453 0.01757004971441892 74.5
1463 0.01757962023921007 75
1473 0.01758562607529422 75.5
1483 0.01758766379916259 76
1493 0.01758575176657575 76.5
1503 0.01758031983604662 77
1513 0.01757228473390327 77.5
1523 0.01756274177083266 78
1533 0.01755318334747915 78.5
1543 0.01754502977580352 79
1553 0.01753912848824224 79.5
1563 0.01753617099473163 80
1573 0.01753667917194092 80.5
1583 0.01754085307507492 81
1593 0.01754866672544572 81.5
1603 0.01756000104449478 82
1613 0.01757453925435613 82.5
1623 0.0175917117687042 83
1633 0.01761110863091218 83.5
1643 0.01763238370938126 84
1653 0.01765517405245189 84.5
1663 0.01767906996414717 85
1673 0.01770341943100811 85.5
1683 0.01772780371537828 86
1693 0.01775194870201732 86.5
1703 0.01777560831828668 87
1713 0.01779856163284866 87.5
1723 0.01782030973007056 88
1733 0.01784027003083271 88.5
1743 0.01785812552921228 89
1753 0.01787380956119448 89.5
1763 0.01788725697748706 90
1773 0.01789848540096635 90.5
1783 0.01790756201591383 91
1793 0.01791489856796736 91.5
1803 0.01792104065273862 92
1813 0.01792650224198488 92.5
1823 0.01793151248655277 93
1833 0.01793631987390428 93.5
1843 0.01794099955979696 94
1853 0.01794581555744706 94.5
1863 0.01795084190115744 95
1873 0.01795600772316303 95.5
1883 0.01796130869159935 96
1893 0.01796688848565846 96.5
1903 0.01797289981249104 97
1913 0.01797929671192127 97.5
1923 0.01798575754427381 98
1933 0.0179923827413252 98.5
1943 0.01799931209761074 99
1953 0.01800643560715277 99.5
1963 0.01801369909135381 100
1973 0.01802092366164583 100.5
1983 0.01802802884433894 101
1993 0.01803481143762749 101.5
2003 0.01804114016682107 102
2013 0.01804681081971291 102.5
2023 0.01805179289397468 103
2033 0.01805607808510459 103.5
2043 0.01805964760907894 104
2053 0.01806259535500247 104.5
2063 0.01806485800921317 105
2073 0.01806658865190029 105.5
2083 0.01806761211895731 106
2093 0.01806804513057856 106.5
2103 0.01806791385519312 107
2113 0.01806718565295614 107.5
2123 0.01806607774426911 108
2133 0.01806456037371233 108.5
2143 0.01806274205772883 109
2153 0.01806057006044672 109.5
2163 0.01805812382131922 110
2173 0.01805551148807699 110.5
2183 0.01805272509430828 111
2193 0.01804985990919271 111.5
2203 0.01804697913430868 112
2213 0.01804420060446379 112.5
2223 0.01804161216185805 113
2233 0.01803925148180098 113.5
2243 0.01803722643698437 114
2253 0.01803561919861432 114.5
2263 0.01803455735472528 115
2273 0.0180341131843429 115.5
2283 0.01803435418419624 116
2293 0.01803531930118519 116.5
2303 0.01803704707630972 117
2313 0.01803952115988517 117.5
2323 0.01804272663201209 118
2333 0.01804659589317104 118.5
2343 0.01805106287829013 119
2353 0.01805606548726125 119.5
2363 0.01806152595664049 120
2373 0.01806722205155497 120.5
2383 0.01807298430653684 121
2393 0.01807870214561084 121.5
2403 0.01808436274075935 122
2413 0.01808990667689952 122.5
2423 0.01809512758127774 123
2433 0.01809996088761644 123.5
2443 0.01810438630810216 124
2453 0.01810844986993799 124.5
2463 0.01811204064850145 125
2473 0.01811520102627498 125.5
2483 0.0181179244710847 126
2493 0.01812028062947043 126.5
2503 0.01812225272786794 127
2513 0.01812389288061326 127.5
2523 0.01812516245030916 128
2533 0.01812610124560253 128.5
2543 0.01812669111410674 129
2553 0.01812697690856964 129.5
2563 0.01812697111642545 130
2573 0.01812676560010999 130.5
2583 0.0181263324021334 131
2593 0.01812572405933485 131.5
2603 0.01812491888711838 132
2613 0.01812395852765696 132.5
2623 0.01812283786337652 133
2633 0.01812161347621708 133.5
2643 0.01812028892045021 134
2653 0.01811890769829531 134.5
2663 0.01811746929772405 135
2673 0.01811603109277347 135.5
2683 0.01811460453460202 136
2693 0.01811325514999104 136.5
2703 0.01811199390716169 137
2713 0.01811088902253482 137.5
2723 0.01810994058933027 138
2733 0.01810920778902244 138.5
2743 0.01810870570205648 139
2753 0.01810849585677918 139.5
2763 0.01810859157887511 140
2773 0.01810903229867415 140.5
2783 0.01810983190763602 141
2793 0.01811101978964603 141.5
2803 0.01811260872059337 142
2813 0.01811462279797765 142.5
2823 0.01811710670098382 143
2833 0.01812004909925246 143.5
2843 0.01812347363829405 144
2853 0.01812739958284842 144.5
2863 0.01813183224847629 145
2873 0.01813676155209583 145.5
2883 0.01814217466128394 146
2893 0.01814804072909467 146.5
2903 0.01815432758398891 147
2913 0.01816099058707111 147.5
2923 0.01816797306210424 148
2933 0.0181752243009406 148.5
2943 0.01818267403501796 149
2953 0.01819028956979399 149.5
2963 0.01819799007218971 150
2973 0.01820573155906694 150.5
2983 0.01821342783778859 151
2993 0.01822103087224254 151.5
3003 0.0182284765097788 152
3013 0.01823572844288629 152.5
3023 0.018242737075952 153
3033 0.01824947350739049 153.5
3043 0.01825590709144325 154
3053 0.01826201182705265 154.5
3063 0.01826776993310417 155
3073 0.01827317626643046 155.5
3083 0.01827824094181373 156
3093 0.01828296340221992 156.5
3103 0.01828735924960391 157
3113 0.01829143944393197 157.5
3123 0.01829520904338148 158
3133 0.01829868397439132 158.5
3143 0.01830187164278861 159
3153 0.01830480138016724 159.5
3163 0.01830748501931976 160
3173 0.01830994461234479 160.5
3183 0.01831219740300269 161
3193 0.01831425611996275 161.5
3203 0.01831612670480978 162
3213 0.01831782183540688 162.5
3223 0.0183193445556775 163
3233 0.0183207160473102 163.5
3243 0.01832196503928079 164
3253 0.01832306381728195 164.5
3263 0.01832420874639376 165
3273 0.0183252695787474 165.5
3283 0.01832623722557932 166
3293 0.01832703016714395 166.5
3303 0.0183278194141591 167
3313 0.01832849724635282 167.5
3323 0.01832909356299567 168
3333 0.01832963297873482 168.5
3343 0.01833011503238057 169
3353 0.01833054364799239 169.5
3363 0.01833093058797022 170
3373 0.01833129846694543 170.5
3383 0.01833167145773934 171
3393 0.01833206627056634 171.5
3403 0.0183324934438405 172
3413 0.01833295638225025 172.5
3423 0.01833346907613103 173
3433 0.0183340415101204 173.5
3443 0.01833468772072915 174
3453 0.01833541926812533 174.5
3463 0.01833624537902861 175
3473 0.01833718052235198 175.5
3483 0.01833824236998888 176
3493 0.01833944637852979 176.5
3503 0.01834080735773279 177
3513 0.01834233087175919 177.5
3523 0.01834402556827651 178
3533 0.01834589265861148 178.5
3543 0.01834794168819379 179
3553 0.0183501637542162 179.5
3563 0.01835255258240986 180
3573 0.01835509811916626 180.5
3583 0.018357800904945 181
3593 0.01836064645673601 181.5
3603 0.01836362407935162 182
3613 0.01836671827869723 182.5
3623 0.01836992154341093 183
3633 0.01837322112403384 183.5
3643 0.01837661497399471 184
3653 0.01838008867283134 184.5
3663 0.01838364042962743 185
3673 0.01838725831955015 185.5
3683 0.01839093096263011 186
3693 0.01839465059089187 186.5
3703 0.01839840892272128 187
3713 0.01840219626060479 187.5
3723 0.01840600392754945 188
3733 0.01840982928691526 188.5
3743 0.01841366004520823 189
3753 0.01841749697682352 189.5
3763 0.01842133244844375 190
3773 0.01842517322886121 190.5
3783 0.01842901000204972 191
3793 0.01843284778903777 191.5
3803 0.01843668040745266 192
3813 0.01844051075426403 192.5
3823 0.01844433460245454 193
3833 0.01844815285699787 193.5
3843 0.01845195834708089 194
3853 0.01845574837953563 194.5
3863 0.01845951468847928 195
3873 0.0184632553583894 195.5
3883 0.01846696206980834 196
3893 0.01847063206106003 196.5
3903 0.01847425625319826 197
3913 0.01847783877366855 197.5
3923 0.01848135741681479 198
3933 0.01848482334536194 198.5
3943 0.01848820909496459 199
3953 0.01849154528091516 199.5
3963 0.01849479279749347 200
3973 0.01849798801515614 200.5
3983 0.01850107666071737 201
3993 0.01850410853193387 201.5
4003 0.01850702126037302 202
4013 0.01850987759405616 202.5
4023 0.01851260914723118 203
4033 0.01851527453816185 203.5
4043 0.01851782099605843 204
4053 0.01852029878450475 204.5
4063 0.01852264705125208 205
4073 0.01852492349518153 205.5
4083 0.01852706731934418 206
4093 0.01852913127630734 206.5
4103 0.01853105182055111 207
4113 0.01853288694825726 207.5
4123 0.01853458781853121 208
4133 0.01853621516315765 208.5
4143 0.01853772709927239 209
4153 0.01853918053229148 209.5
4163 0.01854054088664838 210
4173 0.0185418444691885 210.5
4183 0.01854307019748421 211
4193 0.01854425342552192 211.5
4203 0.01854536859181595 212
4213 0.01854645215942543 212.5
4223 0.01854747499822139 213
4233 0.01854846434582521 213.5
4243 0.01854939422787669 214
4253 0.01855028691361434 214.5
4263 0.01855112022066547 215
4273 0.01855190952219304 215.5
4283 0.01855264039155074 216
4293 0.01855332223662979 216.5
4303 0.01855395374878691 217
4313 0.01855454331878357 217.5
4323 0.01855510022325388 218
4333 0.0185556189771893 218.5
4343 0.01855611799503079 219
4353 0.01855658656888691 219.5
4363 0.01855705323915562 220
4373 0.01855750540172761 220.5
4383 0.01855798310964894 221
4393 0.01855847279698027 221.5
4403 0.01855901183118867 222
4413 0.01855958294884884 222.5
4423 0.01856022449649239 223
4433 0.01856091511071554 223.5
4443 0.01856167917602102 224
4453 0.01856248661353655 224.5
4463 0.01856335818233407 225
4473 0.01856425921554274 225.5
4483 0.01856519666181187 226
4493 0.01856614576796997 226.5
4503 0.01856710987884663 227
4513 0.01856806084660965 227.5
4523 0.01856900574205108 228
4533 0.01856992564052229 228.5
4543 0.01857082820051967 229
4553 0.01857169362109379 229.5
4563 0.01857253384630416 230
4573 0.0185733273389269 230.5
4583 0.0185740854131547 231
4593 0.01857479169175055 231.5
4603 0.01857545204377346 232
4613 0.01857605318925215 232.5
4623 0.01857660433998681 233
4633 0.0185770946746908 233.5
4643 0.01857752984434293 234
4653 0.01857791233119338 234.5
4663 0.01857824165646661 235
4673 0.01857853805424927 235.5
4683 0.01857879448085763 236
4693 0.01857904634690351 236.5
4703 0.01857926521458674 237
4713 0.01857950579571951 237.5
4723 0.0185797258223203 238
4733 0.01857999326593615 238.5
4743 0.01858025446226334 239
4753 0.01858058151383753 239.5
4763 0.01858090597696105 240
4773 0.01858129244379499 240.5
4783 0.0185816709187096 241
4793 0.01858208849330414 241.5
4803 0.01858248070746638 242
4813 0.01858289423766979 242.5
4823 0.01858327145300731 243
4833 0.01858365211917935 243.5
4843 0.01858400150903454 244
4853 0.01858434620979758 244.5
4863 0.01858465803771657 245
4873 0.01858496066327808 245.5
4883 0.01858523414118919 246
4893 0.01858549769099223 246.5
4903 0.01858572335355872 247
4913 0.01858593277169969 247.5
4923 0.01858610006873216 248
4933 0.01858624286342903 248.5
4943 0.01858632675347867 249
4953 0.01858635939256137 249.5
4963 0.01858631920282738 250
4973 0.01858620185747213 250.5
4983 0.01858599417412648 251
4993 0.0185856928520608 251.5
5003 0.01858529613426337 252
5013 0.01858479910273159 252.5
5023 0.01858420887598988 253
5033 0.01858351298892224 253.5
5043 0.01858273949804377 254
5053 0.01858187660491886 254.5
5063 0.01858095012527854 255
5073 0.01857995436465646 255.5
5083 0.01857891740170702 256
5093 0.01857783039006559 256.5
5103 0.01857671540883758 257
5113 0.01857556129677171 257.5
5123 0.01857439192170143 258
5133 0.01857319993829248 258.5
5143 0.01857200991694515 259
5153 0.01857081782116796 259.5
5163 0.01856965301611671 260
5173 0.01856850870385207 260.5
5183 0.01856742239348422 261
5193 0.01856637873124366 261.5
5203 0.01856541556490614 262
5213 0.01856451683459076 262.5
5223 0.01856371559378717 263
5233 0.0185629939683635 263.5
5243 0.01856238533249987 264
5253 0.01856186624799029 264.5
5263 0.01856146007483717 265
5273 0.01856114893776669 265.5
5283 0.01856094768061141 266
5293 0.01856084391539657 266.5
5303 0.01856084466125957 267
5313 0.01856093704967936 267.5
5323 0.01856111583137808 268
5333 0.01856137428928548 268.5
5343 0.01856169833861978 269
5353 0.01856208247019758 269.5
5363 0.01856250612633913 270
5373 0.01856296665722989 270.5
5383 0.01856344029822062 271
5393 0.01856392563570887 271.5
5403 0.01856439770154331 272
5413 0.01856485894487537 272.5
5423 0.01856528002479203 273
5433 0.01856567139507801 273.5
5443 0.01856600596390285 274
5453 0.01856629159358306 274.5
5463 0.01856650259448694 275
5473 0.01856665727210027 275.5
5483 0.01856673501695624 276
5493 0.01856676361215848 276.5
5503 0.01856671776115101 277
5513 0.01856662340946681 277.5
5523 0.01856645819672785 278
5533 0.01856624972504956 278.5
5543 0.0185659786945042 279
5553 0.01856567189627835 279.5
5563 0.01856531151219502 280
5573 0.01856493024833392 280.5
5583 0.01856450729626851 281
5593 0.01856407641270218 281.5
5603 0.01856361776058882 282
5613 0.01856315695070787 282.5
5623 0.01856268633672295 283
5633 0.01856221474341826 283.5
5643 0.01856174865601556 284
5653 0.01856128694336731 284.5
5663 0.01856083912009578 285
5673 0.01856039833017396 285.5
5683 0.01855997830304776 286
5693 0.01855956477515455 286.5
5703 0.01855917908597099 287
5713 0.01855879750538771 287.5
5723 0.0185584473477318 288
5733 0.01855809789923951 288.5
5743 0.01855777842374193 289
5753 0.01855745127906237 289.5
5763 0.01855715588207873 290
5773 0.01855684996498944 290.5
5783 0.01855657306135513 291
5793 0.0185562854147821 291.5
5803 0.01855602717989442 292
5813 0.0185557549687819 292.5
5823 0.01855551784435572 293
5833 0.01855526396948028 293.5
5843 0.01855504594339857 294
5853 0.01855480953425246 294.5
5863 0.01855460696724662 295
5873 0.01855438573970016 295.5
5883 0.01855420021172575 296
5893 0.01855399198329155 296.5
5903 0.01855381392062429 297
5913 0.01855361607132051 297.5
5923 0.0185534503631503 298
5933 0.01855326256178422 298.5
5943 0.01855310525148506 299
5953 0.01855293028428506 299.5
