0 0 0
5 1.764601032907069e-18 0.5
10 1.450070125823613e-13 1
15 7.937551310677193e-11 1.5
20 4.223884797482924e-09 2
25 9.495895625377671e-08 2.5
30 1.130456439568661e-06 3
35 7.851817827031482e-06 3.5
43 3.433306119404733e-05 4
53 0.0001026487225317396 4.5
63 0.0002436776703689247 5
73 0.0004810098325833678 5.5
83 0.0008286620141007006 6
93 0.001289556967094541 6.5
103 0.001865490456111729 7
113 0.002543809358030558 7.5
123 0.00330862682312727 8
133 0.00414212653413415 8.5
143 0.005034093279391527 9
153 0.005952901672571898 9.5
163 0.00686583248898387 10
173 0.007744228933006525 10.5
183 0.008566119708120823 11
193 0.009322808124125004 11.5
203 0.01001008879393339 12
213 0.01061622146517038 12.5
223 0.01113693695515394 13
233 0.01156462635844946 13.5
243 0.01187095697969198 14
253 0.01207201648503542 14.5
263 0.01225542929023504 15
273 0.01239313557744026 15.5
283 0.01227190252393484 16
293 0.01195611711591482 16.5
303 0.01203458569943905 17
313 0.01262210961431265 17.5
323 0.01279297657310963 18
333 0.01279151439666748 18.5
343 0.01274822000414133 19
353 0.01269838772714138 19.5
363 0.0126516567543149 20
373 0.01261809561401606 20.5
383 0.01261560991406441 21
393 0.01263856142759323 21.5
403 0.01267823204398155 22
413 0.01275331620126963 22.5
423 0.0128781097009778 23
433 0.01306758169084787 23.5
443 0.0133243203163147 24
453 0.01365710329264402 24.5
463 0.01406079344451427 25
473 0.01450924854725599 25.5
483 0.01498625986278057 26
493 0.01548807229846716 26.5
503 0.01602615229785442 27
513 0.01660655066370964 27.5
523 0.01744637079536915 28
533 0.01917268522083759 28.5
543 0.02065983973443508 29
553 0.02166944742202759 29.5
563 0.02212432399392128 30
573 0.02224691770970821 30.5
583 0.02218612097203732 31
593 0.02186568826436996 31.5
603 0.02138974517583847 32
613 0.02074499428272247 32.5
623 0.01998413726687431 33
633 0.01912790536880493 33.5
643 0.01811777986586094 34
653 0.01765855588018894 34.5
663 0.017288688570261 35
673 0.01694575324654579 35.5
683 0.01667158119380474 36
693 0.01655069924890995 36.5
703 0.01651386730372906 37
713 0.01644880883395672 37.5
723 0.01630647107958794 38
733 0.01606296934187412 38.5
743 0.01598006673157215 39
753 0.0158879030495882 39.5
763 0.01575600355863571 40
773 0.01562015432864428 40.5
783 0.01564287580549717 41
793 0.01568414829671383 41.5
803 0.01563450694084167 42
813 0.01549249049276114 42.5
823 0.01547250151634216 43
833 0.01548104453831911 43.5
843 0.01546051912009716 44
853 0.01544846128672361 44.5
863 0.01541777979582548 45
873 0.01537465769797564 45.5
883 0.01532129105180502 46
893 0.01525382697582245 46.5
903 0.01516121998429298 47
913 0.01504131034016609 47.5
923 0.01488991267979145 48
933 0.01476947218179703 48.5
943 0.01459051948040724 49
953 0.01445032842457294 49.5
963 0.01428822241723537 50
973 0.0141410818323493 50.5
983 0.01402675174176693 51
993 0.01386113557964563 51.5
1003 0.01372948288917542 52
1013 0.01367100793868303 52.5
1023 0.01361070293933153 53
1033 0.01355027034878731 53.5
1043 0.01349201239645481 54
1053 0.01343890465795994 54.5
1063 0.01339028403162956 55
1073 0.01334267389029264 55.5
1083 0.01330692227929831 56
1093 0.01329962629824877 56.5
1103 0.01328098867088556 57
1113 0.01326804049313068 57.5
1123 0.01331928838044405 58
1133 0.01336909364908934 58.5
1143 0.01341457944363356 59
1153 0.01345289312303066 59.5
1163 0.01349421311169863 60
1173 0.01353596895933151 60.5
1183 0.01355965808033943 61
1193 0.0135665200650692 61.5
1203 0.0135588925331831 62
1213 0.01353806536644697 62.5
1223 0.01350642368197441 63
1233 0.0134620750322938 63.5
1243 0.01340088527649641 64
1253 0.01333379372954369 64.5
1263 0.0133007662370801 65
1273 0.01329329330474138 65.5
1283 0.01335472706705332 66
1293 0.01342998817563057 66.5
1303 0.01350268814712763 67
1313 0.01355915609747171 67.5
1323 0.01358945015817881 68
1333 0.01359945442527533 68.5
1343 0.01359076704829931 69
1353 0.01355904899537563 69.5
1363 0.01361120585352182 70
1373 0.01371076051145792 70.5
1383 0.01379563845694065 71
1393 0.01385413389652967 71.5
1403 0.0139122512191534 72
1413 0.0139625733718276 72.5
1423 0.01400759443640709 73
1433 0.01404081750661135 73.5
1443 0.01410311087965965 74
1453 0.01417673751711845 74.5
1463 0.01424365118145943 75
1473 0.01430706866085529 75.5
1483 0.01436872314661741 76
1493 0.01443040743470192 76.5
1503 0.01448969170451164 77
1513 0.01454246882349253 77.5
1523 0.01458705123513937 78
1533 0.01462396234273911 78.5
1543 0.01465777400881052 79
1553 0.01468869857490063 79.5
1563 0.01471631694585085 80
1573 0.01474107522517443 80.5
1583 0.01476309634745121 81
1593 0.01478222105652094 81.5
1603 0.014798185788095 82
1613 0.01481074746698141 82.5
1623 0.01481956150382757 83
1633 0.01482430286705494 83.5
1643 0.01482699438929558 84
1653 0.01483009289950132 84.5
1663 0.01484026946127415 85
1673 0.01484683994203806 85.5
1683 0.01484863366931677 86
1693 0.01484597939997911 86.5
1703 0.01483858004212379 87
1713 0.01482577249407768 87.5
1723 0.01480732671916485 88
1733 0.01478388719260693 88.5
1743 0.0147564085200429 89
1753 0.01472556125372648 89.5
1763 0.01469212397933006 90
1773 0.01465682778507471 90.5
1783 0.01462025195360184 91
1793 0.01458290684968233 91.5
1803 0.01454570610076189 92
1813 0.0145091749727726 92.5
1823 0.01447378005832434 93
1833 0.01443990971893072 93.5
1843 0.01440788432955742 94
1853 0.01437804196029902 94.5
1863 0.01435068622231483 95
1873 0.0143259996548295 95.5
1883 0.01430383883416653 96
1893 0.01428469084203243 96.5
1903 0.01426869444549084 97
1913 0.01425592787563801 97.5
1923 0.01424632035195827 98
1933 0.01423978805541992 98.5
1943 0.01423957198858261 99
1953 0.01424300856888294 99.5
1963 0.01424847729504108 100
1973 0.01425558980554342 100.5
1983 0.01426395960152149 101
1993 0.01427322346717119 101.5
2003 0.01428304333239794 102
2013 0.01429309137165546 102.5
2023 0.01430304534733295 103
2033 0.01431253179907799 103.5
2043 0.01432128809392452 104
2053 0.01432906277477741 104.5
2063 0.01433564908802509 105
2073 0.01434089336544275 105.5
2083 0.01434468012303114 106
2093 0.0143469488248229 106.5
2103 0.01434767805039883 107
2113 0.01434692461043596 107.5
2123 0.01434466242790222 108
2133 0.01434091385453939 108.5
2143 0.01433577109128237 109
2153 0.01432937476783991 109.5
2163 0.01432186365127563 110
2173 0.01431336998939514 110.5
2183 0.01430417224764824 111
2193 0.01429444458335638 111.5
2203 0.01428428757935762 112
2213 0.01427385769784451 112.5
2223 0.01426335796713829 113
2233 0.01425299141556025 113.5
2243 0.01424297783523798 114
2253 0.01423352770507336 114.5
2263 0.01422483567148447 115
2273 0.01421717088669538 115.5
2283 0.01421075314283371 116
2293 0.01420561037957668 116.5
2303 0.01420176960527897 117
2313 0.01419935468584299 117.5
2323 0.01419860031455755 118
2333 0.01419963035732508 118.5
2343 0.01420212909579277 119
2353 0.01420619711279869 119.5
2363 0.01421186327934265 120
2373 0.0142189459875226 120.5
2383 0.01422673650085926 121
2393 0.01423556823283434 121.5
2403 0.01424531731754541 122
2413 0.0142558366060257 122.5
2423 0.01426704227924347 123
2433 0.01427913550287485 123.5
2443 0.01429149881005287 124
2453 0.01430368982255459 124.5
2463 0.01431580074131489 125
2473 0.0143276434391737 125.5
2483 0.01433894131332636 126
2493 0.01434951927512884 126.5
2503 0.01435932330787182 127
2513 0.0143681513145566 127.5
2523 0.01437616720795631 128
2533 0.01438359171152115 128.5
2543 0.01438886299729347 129
2553 0.01439214311540127 129.5
2563 0.01439418084919453 130
2573 0.0143951466307044 130.5
2583 0.01439514197409153 131
2593 0.01439397875219584 131.5
2603 0.01439158618450165 132
2613 0.01438792794942856 132.5
2623 0.01438300777226686 133
2633 0.01437675859779119 133.5
2643 0.01436919439584017 134
2653 0.01436037197709084 134.5
2663 0.01435033325105906 135
2673 0.01433913130313158 135.5
2683 0.01432683505117893 136
2693 0.01431508269160986 136.5
2703 0.01430695224553347 137
2713 0.0143037112429738 137.5
2723 0.01430254522711039 138
2733 0.01430030725896358 138.5
2743 0.01429715752601624 139
2753 0.0142931817099452 139.5
2763 0.01428840775042772 140
2773 0.01428294461220503 140.5
2783 0.01427690777927637 141
2793 0.01427021808922291 141.5
2803 0.01426323968917131 142
2813 0.01425618771463633 142.5
2823 0.01424911897629499 143
2833 0.01424207724630833 143.5
2843 0.01423512678593397 144
2853 0.01422833744436502 144.5
2863 0.01422180328518152 145
2873 0.01421560905873775 145.5
2883 0.01420983206480742 146
2893 0.01420452725142241 146.5
2903 0.01419975887984037 147
2913 0.01419559214264154 147.5
2923 0.01419211644679308 148
2933 0.01418937463313341 148.5
2943 0.01418737787753344 149
2953 0.0141861280426383 149.5
2963 0.01418563164770603 150
2973 0.01418589521199465 150.5
2983 0.01418688707053661 151
2993 0.01418858952820301 151.5
3003 0.01419094763696194 152
3013 0.01419389061629772 152.5
3023 0.01419733185321093 153
3033 0.0142012694850564 153.5
3043 0.01420565694570541 154
3053 0.01421044301241636 154.5
3063 0.01421553734689951 155
3073 0.01422095019370317 155.5
3083 0.01422655675560236 156
3093 0.01423238217830658 156.5
3103 0.01423842925578356 157
3113 0.01424457691609859 157.5
3123 0.01425073202699423 158
3133 0.0142567977309227 158.5
3143 0.01426273491233587 159
3153 0.01426849886775017 159.5
3163 0.01427402254194021 160
3173 0.0142792072147131 160.5
3183 0.01428408175706863 161
3193 0.0142886471003294 161.5
3203 0.01429290603846312 162
3213 0.01429686788469553 162.5
3223 0.01430053636431694 163
3233 0.01430393196642399 163.5
3243 0.01430708263069391 164
3253 0.01431002002209425 164.5
3263 0.01431276369839907 165
3273 0.01431532017886639 165.5
3283 0.01431770529597998 166
3293 0.01431993767619133 166.5
3303 0.01432203780859709 167
3313 0.01432401314377785 167.5
3323 0.01432586740702391 168
3333 0.01432761736214161 168.5
3343 0.01432920899242163 169
3353 0.01433065999299288 169.5
3363 0.01433201599866152 170
3373 0.01433331333100796 170.5
3383 0.01433457806706429 171
3393 0.01433581952005625 171.5
3403 0.01433705538511276 172
3413 0.01433829497545958 172.5
3423 0.01433961559087038 173
3433 0.01434103026986122 173.5
3443 0.01434251759201288 174
3453 0.01434413250535727 174.5
3463 0.01434587128460407 175
3473 0.01434770319610834 175.5
3483 0.0143496198579669 176
3493 0.0143516082316637 176.5
3503 0.01435366272926331 177
3513 0.01435578428208828 177.5
3523 0.0143579663708806 178
3533 0.01436020247638226 178.5
3543 0.01436248514801264 179
3553 0.01436478644609451 179.5
3563 0.01436708774417639 180
3573 0.01436938159167767 180.5
3583 0.01437164563685656 181
3593 0.01437386125326157 181.5
3603 0.0143760247156024 182
3613 0.01437811087816954 182.5
3623 0.01438009925186634 183
3633 0.01438195537775755 183.5
3643 0.01438367739319801 184
3653 0.01438524946570396 184.5
3663 0.01438666507601738 185
3673 0.01438791118562222 185.5
3683 0.01438899524509907 186
3693 0.01438992004841566 186.5
3703 0.01439068652689457 187
3713 0.01439129561185837 187.5
3723 0.01439175009727478 188
3733 0.01439206674695015 188.5
3743 0.01439225673675537 189
3753 0.01439233031123877 189.5
3763 0.01439229398965836 190
3773 0.01439216453582048 190.5
3783 0.01439194846898317 191
3793 0.01439164951443672 191.5
3803 0.01439128071069717 192
3813 0.01439085975289345 192.5
3823 0.01439039129763842 193
3833 0.01438987720757723 193.5
3843 0.01438932213932276 194
3853 0.0143887409940362 194.5
3863 0.01438814122229815 195
3873 0.01438752375543118 195.5
3883 0.01438689790666103 196
3893 0.01438626181334257 196.5
3903 0.01438562199473381 197
3913 0.0143849877640605 197.5
3923 0.01438436191529036 198
3933 0.01438375469297171 198.5
3943 0.01438318286091089 199
3953 0.01438265573233366 199.5
3963 0.01438218541443348 200
3973 0.01438179332762957 200.5
3983 0.01438149809837341 201
3993 0.01438132207840681 201.5
4003 0.01438129134476185 202
4013 0.01438142545521259 202.5
4023 0.01438168343156576 203
4033 0.01438212860375643 203.5
4043 0.01438279822468758 204
4053 0.01438371278345585 204.5
4063 0.01438487786799669 205
4073 0.01438629440963268 205.5
4083 0.01438796147704124 206
4093 0.01438988372683525 206.5
4103 0.01439205277711153 207
4113 0.01439445000141859 207.5
4123 0.01439706608653069 208
4133 0.01439989358186722 208.5
4143 0.01440290454775095 209
4153 0.01440608315169811 209.5
4163 0.01440939400345087 210
4173 0.01441279612481594 210.5
4183 0.01441625691950321 211
4193 0.0144197391346097 211.5
4203 0.01442319434136152 212
4213 0.01442658249288797 212.5
4223 0.01442987564951181 213
4233 0.01443302817642689 213.5
4243 0.01443599630147219 214
4253 0.01443873718380928 214.5
4263 0.01444121915847063 215
4273 0.01444340869784355 215.5
4283 0.0144452778622508 216
4293 0.01444680336862803 216.5
4303 0.01444796565920115 217
4313 0.01444875076413155 217.5
4323 0.01444914098829031 218
4333 0.01444913167506456 218.5
4343 0.01444871444255114 219
4353 0.01444782689213753 219.5
4363 0.01444653142243624 220
4373 0.01444487553089857 220.5
4383 0.01444290764629841 221
4393 0.01444065477699041 221.5
4403 0.0144381346181035 222
4413 0.01443537324666977 222.5
4423 0.01443241257220507 223
4433 0.0144292926415801 223.5
4443 0.01442607026547194 224
4453 0.01442278828471899 224.5
4463 0.01441949140280485 225
4473 0.01441623084247112 225.5
4483 0.01441305689513683 226
4493 0.01441001985222101 226.5
4503 0.0144071513786912 227
4513 0.01440448313951492 227.5
4523 0.01440204959362745 228
4533 0.01439987774938345 228.5
4543 0.01439798064529896 229
4553 0.01439636759459972 229.5
4563 0.0143950441852212 230
4573 0.0143940020352602 230.5
4583 0.01439322624355555 231
4593 0.01439269818365574 231.5
4603 0.01439239270985126 232
4613 0.01439227629452944 232.5
4623 0.01439232286065817 233
4633 0.01439249888062477 233.5
4643 0.01439275965094566 234
4653 0.01439307164400816 234.5
4663 0.01439340505748987 235
4673 0.01439373567700386 235.5
4683 0.01439403649419546 236
4693 0.01439428795129061 236.5
4703 0.0143944825977087 237
4713 0.01439460460096598 237.5
4723 0.01439465489238501 238
4733 0.01439463160932064 238.5
4743 0.0143945375457406 239
4753 0.01439438853412867 239.5
4763 0.01439419202506542 240
4773 0.01439396571367979 240.5
4783 0.01439372636377811 241
4793 0.01439348887652159 241.5
4803 0.01439327467232943 242
4813 0.01439310051500797 242.5
4823 0.01439297944307327 243
4833 0.01439293380826712 243.5
4843 0.01439298037439585 244
4853 0.01439313124865294 244.5
4863 0.014393400400877 245
4873 0.01439379714429379 245.5
4883 0.01439432334154844 246
4893 0.0143949780613184 246.5
4903 0.01439576037228107 247
4913 0.014396658167243 247.5
4923 0.01439766120165586 248
4933 0.01439875736832619 248.5
4943 0.0143999345600605 249
4953 0.01440116297453642 249.5
4963 0.01440242491662502 250
4973 0.0144036989659071 250.5
4983 0.01440495532006025 251
4993 0.01440617442131042 251.5
5003 0.01440733391791582 252
5013 0.0144084095954895 252.5
5023 0.01440937723964453 253
5033 0.01441021729260683 253.5
5043 0.01441090553998947 254
5053 0.01441142987459898 254.5
5063 0.01441177632659674 255
5073 0.01441193278878927 255.5
5083 0.01441188622266054 256
5093 0.01441163662821054 256.5
5103 0.01441117562353611 257
5113 0.01441050320863724 257.5
5123 0.0144096240401268 258
5133 0.01440854277461767 258.5
5143 0.01440727617591619 259
5153 0.01440584007650614 259.5
5163 0.01440424378961325 260
5173 0.01440251804888248 260.5
5183 0.01440068613737822 261
5193 0.01439878437668085 261.5
5203 0.01439683698117733 262
5213 0.01439487002789974 262.5
5223 0.01439292263239622 263
5233 0.01439104322344065 263.5
5243 0.01438926253467798 264
5253 0.01438760384917259 264.5
5263 0.01438609138131142 265
5273 0.0143847418949008 265.5
5283 0.01438355911523104 266
5293 0.01438254583626986 266.5
5303 0.01438171416521072 267
5313 0.01438105758279562 267.5
5323 0.01438056770712137 268
5333 0.01438022777438164 268.5
5343 0.0143800275400281 269
5353 0.01437994092702866 269.5
5363 0.0143799465149641 270
5373 0.01438001357018948 270.5
5383 0.01438010949641466 271
5393 0.01438021846115589 271.5
5403 0.01438030600547791 272
5413 0.01438033021986485 272.5
5423 0.01438026688992977 273
5433 0.01438009459525347 273.5
5443 0.01437979377806187 274
5453 0.01437934674322605 274.5
5463 0.01437873486429453 275
5473 0.01437794417142868 275.5
5483 0.01437696721404791 276
5493 0.01437579467892647 276.5
5503 0.01437444146722555 277
5513 0.01437290664762259 277.5
5523 0.01437119767069817 278
5533 0.01436932850629091 278.5
5543 0.01436731778085232 279
5553 0.01436518132686615 279.5
5563 0.0143629377707839 280
5573 0.01436061598360538 280.5
5583 0.01435822993516922 281
5593 0.01435580756515265 281.5
5603 0.01435337588191032 282
5613 0.01435096468776464 282.5
5623 0.01434859540313482 283
5633 0.01434628292918205 283.5
5643 0.01434404961764812 284
5653 0.01434191502630711 284.5
5663 0.01433990336954594 285
5673 0.01433802116662264 285.5
5683 0.01433627866208553 286
5693 0.01433468237519264 286.5
5703 0.01433324068784714 287
5713 0.01433195546269417 287.5
5723 0.01433082576841116 288
5733 0.01432985439896584 288.5
5743 0.01432903669774532 289
5753 0.01432835962623358 289.5
5763 0.01432781480252743 290
5773 0.01432740036398172 290.5
5783 0.0143271004781127 291
5793 0.01432690303772688 291.5
5803 0.01432680152356625 292
5813 0.01432678662240505 292.5
5823 0.0143268434330821 293
5833 0.0143269682303071 293.5
5843 0.01432715076953173 294
5853 0.01432737987488508 294.5
5863 0.01432765275239944 295
5873 0.01432795822620392 295.5
5883 0.01432829536497593 296
5893 0.01432865578681231 296.5
5903 0.01432904042303562 297
5913 0.01432943623512983 297.5
5923 0.01432984136044979 298
5933 0.0143302483484149 298.5
5943 0.01433065440505743 299
5953 0.01433105114847422 299.5
