0 0 0
5 2.762907702917121e-21 0.5
10 7.772297483408121e-16 1
15 1.872197481635132e-12 1.5
20 1.335092989547656e-10 2
25 3.881951787812539e-09 2.5
30 5.630649228498832e-08 3
35 4.533908895692001e-07 3.5
43 2.161053310174307e-06 4
53 7.316968865101517e-06 4.5
63 1.952161085316727e-05 5
73 4.319716352230153e-05 5.5
83 8.28071692968148e-05 6
93 0.000142041302289182 6.5
103 0.0002229980520072014 7
113 0.0003256180461801783 7.5
123 0.000447545229849029 8
133 0.0005843588507694629 8.5
143 0.000730441150661218 9
153 0.0008798433670683199 9.5
163 0.001027400855501424 10
173 0.001170138913884611 10.5
183 0.001307428469289364 11
193 0.001441143744504742 11.5
203 0.001576303922644016 12
213 0.001720510117282892 12.5
223 0.001882713093238099 13
233 0.002071432668402937 13.5
243 0.002288248014213676 14
253 0.002518770609545703 14.5
263 0.002736915362609022 15
273 0.002926268885885698 15.5
283 0.003086465726224291 16
293 0.003227829009149118 16.5
303 0.003358444725272735 17
313 0.003479828184130625 17.5
323 0.003592653820973125 18
333 0.003694768125775184 18.5
343 0.003783270155686991 19
353 0.003857293838653941 19.5
363 0.003917153093699555 20
373 0.003962263402577416 20.5
383 0.003993208046852223 21
393 0.00401202967016543 21.5
403 0.004021584359297442 22
413 0.004026959729331579 22.5
423 0.004034109126660346 23
433 0.004046593702757715 23.5
443 0.004065235291084735 24
453 0.004090043314442557 24.5
463 0.004120882150775542 25
473 0.004158572438435734 25.5
483 0.004205409946196254 26
493 0.00426588600405439 26.5
503 0.004345361331113261 27
513 0.004448161619332499 27.5
523 0.004576488569202894 28
533 0.004728156732209507 28.5
543 0.004895709223980418 29
553 0.005069518237351336 29.5
563 0.005245530334410181 30
573 0.005423859611400056 30.5
583 0.005608137009606548 31
593 0.005793756290389017 31.5
603 0.005961803952353037 32
613 0.006103453476013592 32.5
623 0.006216115414789684 33
633 0.006304185781326168 33.5
643 0.006372697353202983 34
653 0.006422759416218965 34.5
663 0.006455877537258316 35
673 0.006475067567906056 35.5
683 0.006485547717647245 36
693 0.006494506896441024 36.5
703 0.00650955265784907 37
713 0.006537611622437363 37.5
723 0.006583047813739576 38
733 0.006647080373921003 38.5
743 0.006728137123265808 39
753 0.006822589922607464 39.5
763 0.006925826228270251 40
773 0.00703225301722214 40.5
783 0.007135599811620115 41
793 0.007230996993409297 41.5
803 0.00731499828583174 42
813 0.007384211324296511 42.5
823 0.007434959869024814 43
833 0.007464268492083309 43.5
843 0.007470697882511278 44
853 0.007455080327387162 44.5
863 0.007421032907007127 45
873 0.007374376477255736 45.5
883 0.007322674389215425 46
893 0.007273989366544153 46.5
903 0.007235138520854198 47
913 0.007209960326614497 47.5
923 0.007199026096782025 48
933 0.007200075812125953 48.5
943 0.007209173953444697 49
953 0.007222505583301918 49.5
963 0.007236578930557461 50
973 0.007248489466536925 50.5
983 0.007256651938242101 51
993 0.007260021512261528 51.5
1003 0.007257180529054811 52
1013 0.007247024343111368 52.5
1023 0.007228733238618806 53
1033 0.007202262114714445 53.5
1043 0.007168479046515702 54
1053 0.007128864339782053 54.5
1063 0.007085529317362062 55
1073 0.007040796554838416 55.5
1083 0.006997323912778582 56
1093 0.006957519674167737 56.5
1103 0.006923215952979215 57
1113 0.006895296329082009 57.5
1123 0.006873643463602826 58
1133 0.006858122810029892 58.5
1143 0.006848573382938098 59
1153 0.006843954046212031 59.5
1163 0.006842942128657114 60
1173 0.006843912301683945 60.5
1183 0.00684551728567323 61
1193 0.006846727699472068 61.5
1203 0.006846892123462421 62
1213 0.006845552066566565 62.5
1223 0.006842408431660164 63
1233 0.006836863558225269 63.5
1243 0.006829178376409004 64
1253 0.006819934182280172 64.5
1263 0.006809620499792904 65
1273 0.006798925566314816 65.5
1283 0.006788569311449072 66
1293 0.006779234929252078 66.5
1303 0.006771481833204739 67
1313 0.006765783016106156 67.5
1323 0.006762444730658201 68
1333 0.006761606936126642 68.5
1343 0.006763022235491073 69
1353 0.006766343259822187 69.5
1363 0.0067710831923771 70
1373 0.006777008904007177 70.5
1383 0.006783916285177294 71
1393 0.006791424860690514 71.5
1403 0.006799161102120343 72
1413 0.006806797578641985 72.5
1423 0.006814071251575066 73
1433 0.006820681882877846 73.5
1443 0.006826467174285965 74
1453 0.006831278893057327 74.5
1463 0.006834999936825777 75
1473 0.006837335020786477 75.5
1483 0.006838127292878939 76
1493 0.006837383889868384 76.5
1503 0.006835271941810448 77
1513 0.006832147874174461 77.5
1523 0.006828437546471294 78
1533 0.006824721207771799 78.5
1543 0.006821551078887924 79
1553 0.00681925664365214 79.5
1563 0.006818106762842253 80
1573 0.006818304343401227 80.5
1583 0.006819927167288717 81
1593 0.006822965133926455 81.5
1603 0.006827371945275627 82
1613 0.00683302443731651 82.5
1623 0.006839701153473461 83
1633 0.006847242701593507 83.5
1643 0.006855514504852819 84
1653 0.006864375446746237 84.5
1663 0.006873666236462121 85
1673 0.006883133369550984 85.5
1683 0.006892614039773763 86
1693 0.006902001670445352 86.5
1703 0.006911200587913759 87
1713 0.006920124893527093 87.5
1723 0.006928580607650326 88
1733 0.006936341222077253 88.5
1743 0.00694328348411908 89
1753 0.006949381474641561 89.5
1763 0.006954609863438335 90
1773 0.006958975502327417 90.5
1783 0.006962504512724029 91
1793 0.006965356982353064 91.5
1803 0.006967745040141133 92
1813 0.00696986851958183 92.5
1823 0.006971816515092483 93
1833 0.006973685639214437 93.5
1843 0.006975505112692565 94
1853 0.006977377584519957 94.5
1863 0.00697933183941713 95
1873 0.006981340323821313 95.5
1883 0.006983401353492846 96
1893 0.00698557079125786 96.5
1903 0.006987908010035164 97
1913 0.00699039514039444 97.5
1923 0.006992907128032429 98
1933 0.006995483021072866 98.5
1943 0.006998177171977689 99
1953 0.007000946810150031 99.5
1963 0.007003770870816855 100
1973 0.007006579801659364 100.5
1983 0.007009342314307403 101
1993 0.007011979403395106 101.5
2003 0.007014440028997348 102
2013 0.007016644792901803 102.5
2023 0.007018581835727592 103
2033 0.007020247928663829 103.5
2043 0.007021635768435518 104
2053 0.00702278185935938 104.5
2063 0.007023661584926641 105
2073 0.00702433446309444 105.5
2083 0.007024732389623848 106
2093 0.00702490074561582 106.5
2103 0.007024849705420468 107
2113 0.00702456657858519 107.5
2123 0.007024135820940668 108
2133 0.007023545863505943 108.5
2143 0.007022838897743131 109
2153 0.007021994419814485 109.5
2163 0.007021043315976379 110
2173 0.007020027634334648 110.5
2183 0.007018944277528644 111
2193 0.007017830286451619 111.5
2203 0.007016710234033967 112
2213 0.007015629934741045 112.5
2223 0.007014623541838016 113
2233 0.007013705703578634 113.5
2243 0.007012918361132933 114
2253 0.007012293462869589 114.5
2263 0.00701188061533274 115
2273 0.00701170792078677 115.5
2283 0.007011801622127296 116
2293 0.007012176862005561 116.5
2303 0.007012848625257913 117
2313 0.007013810555086418 117.5
2323 0.007015056850597178 118
2333 0.007016561228929426 118.5
2343 0.007018298003819401 119
2353 0.007020243030591101 119.5
2363 0.007022366074624723 120
2373 0.007024580730450663 120.5
2383 0.00702682110947485 121
2393 0.007029044219483927 121.5
2403 0.00703124507291284 122
2413 0.00703340056903006 122.5
2423 0.007035430469597294 123
2433 0.007037309671085727 123.5
2443 0.007039030285543194 124
2453 0.007040610208460369 124.5
2463 0.007042006312069005 125
2473 0.007043235074783358 125.5
2483 0.007044293956878027 126
2493 0.00704521003710038 126.5
2503 0.007045976793847057 127
2513 0.007046614489301115 127.5
2523 0.007047108101146718 128
2533 0.007047473107084478 128.5
2543 0.007047702449421465 129
2553 0.007047813567017254 129.5
2563 0.007047811315017231 130
2573 0.007047731409764212 130.5
2583 0.007047562981316823 131
2593 0.007047326456128388 131.5
2603 0.007047013403174239 132
2613 0.007046640013034475 132.5
2623 0.007046204295983606 133
2633 0.007045728251220209 133.5
2643 0.007045213260653878 134
2653 0.007044676238055375 134.5
2663 0.007044116984346827 135
2673 0.007043557806696082 135.5
2683 0.00704300315734194 136
2693 0.007042478513259454 136.5
2703 0.007041988138920212 137
2713 0.007041558557037777 137.5
2723 0.007041189803856255 138
2733 0.007040904889279626 138.5
2743 0.007040709676622361 139
2753 0.007040628088258245 139.5
2763 0.007040665305246483 140
2773 0.007040836658197093 140.5
2783 0.00704114754814406 141
2793 0.007041609399614848 141.5
2803 0.007042227179906852 142
2813 0.007043010258187668 142.5
2823 0.007043976005835183 143
2833 0.007045120017577565 143.5
2843 0.007046451486847916 144
2853 0.007047977903824846 144.5
2863 0.007049701335211539 145
2873 0.007051617860680788 145.5
2883 0.007053722490954669 146
2893 0.007056003232664114 146.5
2903 0.007058447577434948 147
2913 0.007061038169553903 147.5
2923 0.007063752973159492 148
2933 0.007066572272798165 148.5
2943 0.0070694687478787 149
2953 0.007072429686681973 149.5
2963 0.007075423661106453 150
2973 0.007078433570398964 150.5
2983 0.007081425902648492 151
2993 0.007084381981295546 151.5
3003 0.007087276863630742 152
3013 0.007090096433203755 152.5
3023 0.007092821407117271 153
3033 0.007095440548363213 153.5
3043 0.007097941941794687 154
3053 0.007100315478136021 154.5
3063 0.007102554244045798 155
3073 0.0071046562398478 155.5
3083 0.007106625398194436 156
3093 0.007108461502509476 156.5
3103 0.00711017061887166 157
3113 0.007111757008543058 157.5
3123 0.007113222638155566 158
3133 0.007114573699948118 158.5
3143 0.007115813073324654 159
3153 0.007116952162481605 159.5
3163 0.007117995568038058 160
3173 0.007118951863904633 160.5
3183 0.00711982775449811 161
3193 0.007120628188756671 161.5
3203 0.007121355476783222 162
3213 0.00712201454776237 162.5
3223 0.007122606585179098 163
3233 0.007123139824526438 163.5
3243 0.007123625435701419 164
3253 0.007124052643312638 164.5
3263 0.007124497794590105 165
3273 0.007124910248839482 165.5
3283 0.007125286472326968 166
3293 0.007125594769973355 166.5
3303 0.007125901631169746 167
3313 0.007126165174007316 167.5
3323 0.007126397023396597 168
3333 0.007126606749573432 168.5
3343 0.007126794173226129 169
3353 0.007126960820038738 169.5
3363 0.007127111263261514 170
3373 0.007127254295519215 170.5
3383 0.007127399315264702 171
3393 0.007127552819470759 171.5
3403 0.007127718905498907 172
3413 0.007127898897100452 172.5
3423 0.007128098233752498 173
3433 0.007128320797506888 173.5
3443 0.007128572045793818 174
3453 0.00712885647323529 174.5
3463 0.007129177667202786 175
3473 0.007129541253245556 175.5
3483 0.007129954102239582 176
3493 0.007130422223745569 176.5
3503 0.007130951375834175 177
3513 0.007131543721865121 177.5
3523 0.007132202624072972 178
3533 0.00713292855342457 178.5
3543 0.007133725221206644 179
3553 0.007134589165985662 179.5
3563 0.00713551794831034 180
3573 0.007136507659312764 180.5
3583 0.007137558509124967 181
3593 0.00713866486671672 181.5
3603 0.007139822573772541 182
3613 0.007141025606150032 182.5
3623 0.007142271043413057 183
3633 0.007143553928540397 183.5
3643 0.00714487346582007 184
3653 0.007146224048540619 184.5
3663 0.007147604980389351 185
3673 0.007149011624961689 185.5
3683 0.007150439557697316 186
3693 0.007151885758388129 186.5
3703 0.007153347007122007 187
3713 0.007154819533481636 187.5
3723 0.007156299963830647 188
3733 0.00715778727303687 188.5
3743 0.007159276681359357 189
3753 0.007160768489884865 189.5
3763 0.007162259730760677 190
3773 0.007163753035710019 190.5
3783 0.007165244782638806 191
3793 0.007166736923735365 191.5
3803 0.007168227055277866 192
3813 0.00716971630361529 192.5
3823 0.007171203025272807 193
3833 0.007172687572106431 193.5
3843 0.00717416715608624 194
3853 0.007175640730101845 194.5
3863 0.007177105080357515 195
3873 0.007178559462093382 195.5
3883 0.007180000640683679 196
3893 0.007181427542381901 196.5
3903 0.007182836637271256 197
3913 0.007184229530112789 197.5
3923 0.007185597587292356 198
3933 0.007186945148905092 198.5
3943 0.007188261536745401 199
3953 0.007189558654114895 199.5
3963 0.007190821296612604 200
3973 0.00719206360516224 200.5
3983 0.007193264478214592 201
3993 0.007194443277260946 201.5
4003 0.007195575753300059 202
4013 0.007196686302918203 202.5
4023 0.007197748337565407 203
4033 0.007198784648167957 203.5
4043 0.007199774717311971 204
4053 0.007200738087603456 204.5
4063 0.007201651099537233 205
4073 0.007202536186581336 205.5
4083 0.007203369710731281 206
4093 0.007204172182316041 206.5
4103 0.007204918894679913 207
4113 0.007205632396882175 207.5
4123 0.007206293699461913 208
4133 0.007206926415087596 208.5
4143 0.007207514259597778 209
4153 0.007208079357959321 209.5
4163 0.007208608267106214 210
4173 0.007209115103229982 210.5
4183 0.007209591669430489 211
4193 0.007210051711425307 211.5
4203 0.007210485290845428 212
4213 0.007210906584618646 212.5
4223 0.007211304266878596 213
4233 0.007211688927680002 213.5
4243 0.007212050468127216 214
4253 0.007212397546555384 214.5
4263 0.007212721538403008 215
4273 0.007213028420793961 215.5
4283 0.007213312584612391 216
4293 0.007213577687669726 216.5
4303 0.00721382322116222 217
4313 0.00721405244743873 217.5
4323 0.007214268973277607 218
4333 0.007214470666093922 218.5
4343 0.007214664685467987 219
4353 0.007214846868145049 219.5
4363 0.00721502831070261 220
4373 0.007215204112631718 220.5
4383 0.007215389846655983 221
4393 0.007215580238304559 221.5
4403 0.007215789816141295 222
4413 0.007216011868103629 222.5
4423 0.007216261303418127 223
4433 0.007216529815940433 223.5
4443 0.007216826886425666 224
4453 0.007217140820133709 224.5
4463 0.007217479688243195 225
4473 0.007217830012188794 225.5
4483 0.007218194493622586 226
4493 0.007218563508450119 226.5
4503 0.007218938357149428 227
4513 0.007219308095773573 227.5
4523 0.00721967547346402 228
4533 0.007220033132270471 228.5
4543 0.007220384049835307 229
4553 0.007220720527500295 229.5
4563 0.007221047209145385 230
4573 0.007221355721044532 230.5
4583 0.007221650462183907 231
4593 0.007221925065053157 231.5
4603 0.007222181811556978 232
4613 0.007222415538409604 232.5
4623 0.007222629827181791 233
4633 0.007222820470530464 233.5
4643 0.007222989665570194 234
4653 0.007223138377406006 234.5
4663 0.007223266419888782 235
4673 0.007223381660081587 235.5
4683 0.007223481359382714 236
4693 0.007223579285525841 236.5
4703 0.007223664381823754 237
4713 0.007223757920364683 237.5
4723 0.007223843467252617 238
4733 0.007223947449993572 238.5
4743 0.007224049003773207 239
4753 0.007224176162236162 239.5
4763 0.007224302314303075 240
4773 0.007224452573566337 240.5
4783 0.007224599725551548 241
4793 0.007224762079589264 241.5
4803 0.007224914573428018 242
4813 0.00722507535499643 242.5
4823 0.007225222017254948 243
4833 0.007225370021206478 243.5
4843 0.007225505864848472 244
4853 0.007225639885359812 244.5
4863 0.007225761124827876 245
4873 0.007225878786396535 245.5
4883 0.007225985115286451 246
4893 0.007226087584103333 246.5
4903 0.007226175322268704 247
4913 0.007226256744561155 247.5
4923 0.007226321790062184 248
4933 0.007226377308994378 248.5
4943 0.007226409925653681 249
4953 0.007226422615809962 249.5
4963 0.00722640698994174 250
4973 0.007226361365776666 250.5
4983 0.007226280617976936 251
4993 0.007226163463210686 251.5
5003 0.007226009218347401 252
5013 0.007225815971255479 252.5
5023 0.007225586489634866 253
5033 0.007225315927017547 253.5
5043 0.007225015191846167 254
5053 0.007224679696859699 254.5
5063 0.00722431947927838 255
5073 0.007223932325079575 255.5
5083 0.007223529151313734 256
5093 0.007223106518492351 256.5
5103 0.007222673011026358 257
5113 0.007222224289393582 257.5
5123 0.007221769633466851 258
5133 0.007221306187361986 258.5
5143 0.007220843504111544 259
5153 0.007220380014317627 259.5
5163 0.007219927135225622 260
5173 0.007219482223779865 260.5
5183 0.007219059863615392 261
5193 0.007218654085148552 261.5
5203 0.0072182796036884 262
5213 0.007217930175113419 262.5
5223 0.007217618650702347 263
5233 0.007217338080948387 263.5
5243 0.007217101441815524 264
5253 0.007216899620471155 264.5
5263 0.007216741699342133 265
5273 0.007216620728477684 265.5
5283 0.007216542479196703 266
5293 0.007216502135023894 266.5
5303 0.007216502425017278 267
5313 0.007216538345863965 267.5
5323 0.007216607856631705 268
5333 0.007216708345706936 268.5
5343 0.007216834336891577 269
5353 0.007216983688201463 269.5
5363 0.00721714840675973 270
5373 0.007217327462311923 270.5
5383 0.00721751161510349 271
5393 0.00721770031552229 271.5
5403 0.007217883855889186 272
5413 0.007218063188440322 272.5
5423 0.007218226905355967 273
5433 0.007218379071093541 273.5
5443 0.007218509152282184 274
5453 0.007218620205810055 274.5
5463 0.00721870224348465 275
5473 0.007218762382524229 275.5
5483 0.007218792609916993 276
5493 0.007218803727802524 276.5
5503 0.007218785900817137 277
5513 0.007218749216648376 277.5
5523 0.007218684981525834 278
5533 0.00721860392722042 278.5
5543 0.007218498549872375 279
5553 0.007218379265961474 279.5
5563 0.007218239147736322 280
5573 0.0072180909114018 280.5
5583 0.007217926466590078 281
5593 0.007217758937991136 281.5
5603 0.007217580612912254 282
5613 0.007217401448887984 282.5
5623 0.007217218473003785 283
5633 0.007217035116357629 283.5
5643 0.007216853900419816 284
5653 0.007216674385397383 284.5
5663 0.007216500270599057 285
5673 0.007216328890384535 285.5
5683 0.007216165582796432 286
5693 0.007216004802126229 286.5
5703 0.007215854845215361 287
5713 0.007215706485738471 287.5
5723 0.007215570343573655 288
5733 0.007215434477133412 288.5
5743 0.007215310264267828 289
5753 0.007215183069605276 289.5
5763 0.007215068218525615 290
5773 0.007214949277202791 290.5
5783 0.007214841616383204 291
5793 0.007214729778682405 291.5
5803 0.007214629376317795 292
5813 0.007214523539962311 292.5
5823 0.007214431345397475 293
5833 0.007214332638216431 293.5
5843 0.007214247869135278 294
5853 0.007214155952673103 294.5
5863 0.007214077194118978 295
5873 0.007213991180300392 295.5
5883 0.007213919046563933 296
5893 0.007213838086832427 296.5
5903 0.007213768855625898 297
5913 0.00721369193132603 297.5
5923 0.007213627503578586 298
5933 0.007213554485941809 298.5
5943 0.007213493323307454 299
5953 0.007213425295626272 299.5
