0 0 0
10 2.050813676544853e-21 0.5
20 5.74105173955304e-16 1
30 4.0952016444014e-13 1.5
40 2.155309610537727e-11 2
50 1.811542339766976e-09 2.5
60 5.295104366656985e-08 3
70 6.041113972841871e-07 3.5
80 3.360155579215768e-06 4
90 1.097514322780739e-05 4.5
100 2.450982890005547e-05 5
110 4.167767135366902e-05 5.5
120 5.778420569473297e-05 6
130 6.983551140229756e-05 6.5
140 7.690129422575304e-05 7
150 8.024048052546916e-05 7.5
160 8.23294176427817e-05 8
170 8.998650402573523e-05 8.5
180 0.000113133412463573 9
190 0.0001598763744314182 9.5
200 0.0002344745021674302 10
210 0.0003367975018638532 10.5
220 0.0004667266659829877 11
230 0.0006243035706787098 11.5
240 0.0008152449263871769 12
250 0.001047580530701353 12.5
260 0.001322385296885905 13
270 0.001626802758712233 13.5
280 0.001938871338339785 14
290 0.00224395780782135 14.5
300 0.002529995698944578 15
310 0.002790243390019092 15.5
320 0.003020255297567327 16
330 0.003217485493444752 16.5
340 0.003386004049718836 17
350 0.003533023505567445 17.5
360 0.003674541042247782 18
370 0.003824551678637897 18.5
380 0.003989185600033026 19
390 0.004171668341510737 19.5
400 0.004377673091770731 20
410 0.004599756166630864 20.5
420 0.004828760815467142 21
430 0.005059385078393058 21.5
440 0.005292672910681026 22
450 0.00553015908661427 22.5
460 0.005769440769928108 23
470 0.00600449547564276 23.5
480 0.006235336002847719 24
490 0.006458140000747761 24.5
500 0.006662005991352807 25
510 0.006843991157078457 25.5
520 0.006999867957134635 26
530 0.007129512243850489 26.5
540 0.007235580776383325 27
550 0.007323032000662882 27.5
560 0.007401359801331636 28
570 0.007485767241795866 28.5
580 0.007586285142524815 29
590 0.007707490085185347 29.5
600 0.007848784910563482 30
610 0.008003365456020786 30.5
620 0.00816379707973006 31
630 0.00832326923754757 31.5
640 0.008475475835900604 32
650 0.008619542625548969 32.5
660 0.008752337222801613 33
670 0.008870970683129665 33.5
680 0.008974586082860796 34
690 0.009062967202881887 34.5
700 0.009137811421477777 35
710 0.009200550104870808 35.5
720 0.009252583752360665 36
730 0.009296255805413611 36.5
740 0.009332418857447247 37
750 0.00936314669499777 37.5
760 0.009392159560988829 38
770 0.009419518301795929 38.5
780 0.009445596677653411 39
790 0.00947040322887974 39.5
800 0.009494823660402807 40
810 0.009520618718264092 40.5
820 0.009550742038971997 41
830 0.009588183071350368 41.5
840 0.009634165595727684 42
850 0.009690368532326469 42.5
860 0.009755463475102658 43
870 0.009827315333266902 43.5
880 0.009905535163625115 44
890 0.009988681965307731 44.5
900 0.01007429046337971 45
910 0.01015788888385074 45.5
920 0.01023495070904637 46
930 0.01030411761692009 46.5
940 0.0103671385834056 47
950 0.01042612174273602 47.5
960 0.01048339439681386 48
970 0.0105352462959838 48.5
980 0.0105938838579895 49
990 0.01065534047735507 49.5
1000 0.01072203749186358 50
1010 0.01079492391497314 50.5
1020 0.0108740426161972 51
1030 0.01095962377781284 51.5
1040 0.01105043511676886 52
1050 0.01114471948494665 52.5
1060 0.01124195617857016 53
1070 0.01134082068340486 53.5
1080 0.0114391890591028 54
1090 0.01153539955261399 54.5
1100 0.01162819811808059 55
1110 0.01171676808778454 55.5
1120 0.01180116807430957 56
1130 0.01188168204673667 56.5
1140 0.01195871703891339 57
1150 0.01203195452785468 57.5
1160 0.01209966417122236 58
1170 0.01216069638387944 58.5
1180 0.01221368666029166 59
1190 0.01225807476413105 59.5
1200 0.01229344535754491 60
1210 0.01231986274657712 60.5
1220 0.01233842942451331 61
1230 0.0123508433773518 61.5
1240 0.01235864096153728 62
1250 0.01236307139205807 62.5
1260 0.01236513833494342 63
1270 0.01236553212887405 63.5
1280 0.0123649598075811 64
1290 0.01236388862770158 64.5
1300 0.01236259313877813 65
1310 0.01236156592308588 65.5
1320 0.01236155097860353 66
1330 0.01236327808989979 66.5
1340 0.01236718802132618 67
1350 0.01237357510916367 67.5
1360 0.01238264231410787 68
1370 0.01239440805757065 68.5
1380 0.01240877778780132 69
1390 0.01242558255951573 69.5
1400 0.01244408742253486 70
1410 0.01246347581264554 70.5
1420 0.01248295076432407 71
1430 0.01250368870588528 71.5
1440 0.01252653246538778 72
1450 0.01255103406595828 72.5
1460 0.01257600282645998 73
1470 0.01260083952271598 73.5
1480 0.01262488170177673 74
1490 0.01264741636069539 74.5
1500 0.01266823648627235 75
1510 0.01268734602272803 75.5
1520 0.01270501960820596 76
1530 0.01272154406683147 76.5
1540 0.01273711264196955 77
1550 0.01275146353229518 77.5
1560 0.01276477534148716 78
1570 0.0127774449578058 78.5
1580 0.01278949027385032 79
1590 0.01280093465532706 79.5
1600 0.01281105726502802 80
1610 0.01281981841191188 80.5
1620 0.01282758824984893 81
1630 0.01283477806576738 81.5
1640 0.01284210269952776 82
1650 0.01285053483324071 82.5
1660 0.01286088456438066 83
1670 0.01287256824295953 83.5
1680 0.01288476749359236 84
1690 0.01289731639610757 84.5
1700 0.01291051977872094 85
1710 0.01292489008056761 85.5
1720 0.01294064625750445 86
1730 0.01295790532064919 86.5
1740 0.01297664353045595 87
1750 0.01299678381009976 87.5
1760 0.01301815318008387 88
1770 0.01304050827001171 88.5
1780 0.01306381728675554 89
1790 0.01308816201430661 89.5
1800 0.01311355831809336 90
1810 0.01313994070179285 90.5
1820 0.01316729199180794 91
1830 0.01319524538115135 91.5
1840 0.01322354263258166 92
1850 0.01325193900321938 92.5
1860 0.01328020076117114 93
1870 0.01330819842592272 93.5
1880 0.01333557887559225 94
1890 0.0133619408264799 94.5
1900 0.01338719827475453 95
1910 0.01341107618179542 95.5
1920 0.01343323537118787 96
1930 0.01345338220715078 96.5
1940 0.01347129281286344 97
1950 0.0134871116269395 97.5
1960 0.01350131400201937 98
1970 0.01351433595297502 98.5
1980 0.01352635018974055 99
1990 0.01353772646874587 99.5
2000 0.01354874080224974 100
2010 0.01355958667873678 100.5
2020 0.01357022744291009 101
2030 0.01358070901883562 101.5
2040 0.01359107153065004 102
2050 0.01360138139427631 102.5
2060 0.01361192307637329 103
2070 0.01362298109291463 103.5
2080 0.0136346453046286 104
2090 0.01364689595727084 104.5
2100 0.01365955532323876 105
2110 0.01367283025656681 105.5
2120 0.01368681747907309 106
2130 0.01370134668266144 106.5
2140 0.01371568183371138 107
2150 0.0137301735811536 107.5
2160 0.01374469563340568 108
2170 0.01375895194345805 108.5
2180 0.01377276806877511 109
2190 0.01378611826178588 109.5
2200 0.01379892690837446 110
2210 0.01381109624198626 110.5
2220 0.01382257965983311 111
2230 0.01383330048128089 111.5
2240 0.01384323626092622 112
2250 0.01385238266464649 112.5
2260 0.01386080327909813 113
2270 0.01386874310929688 113.5
2280 0.0138765102454285 114
2290 0.01388424014496059 114.5
2300 0.01389190634306886 115
2310 0.01389947988878829 115.5
2320 0.0139069728645813 116
2330 0.01391451368715001 116.5
2340 0.01392224236121292 117
2350 0.0139300516207805 117.5
2360 0.01393794566649819 118
2370 0.01394580615590419 118.5
2380 0.0139535067415464 119
2390 0.01396096899050847 119.5
2400 0.01396832220505252 120
2410 0.01397581300617561 120.5
2420 0.01398364746830705 121
2430 0.01399205173105431 121.5
2440 0.01400118284005157 122
2450 0.01401116679210789 122.5
2460 0.01402189453250516 123
2470 0.01403320224803195 123.5
2480 0.01404484250581186 124
2490 0.01405658003407746 124.5
2500 0.01406820562905829 125
2510 0.01407949085652885 125.5
2520 0.01409004606514293 126
2530 0.01409957710899152 126.5
2540 0.0141079778242342 127
2550 0.01411508541083899 127.5
2560 0.0141206533516374 128
2570 0.01412461833366252 128.5
2580 0.01412696459376849 129
2590 0.01412758645911734 129.5
2600 0.01412628838359136 130
2610 0.01412324894283474 130.5
2620 0.01411876890955812 131
2630 0.01411320035137935 131.5
2640 0.01410701753214014 132
2650 0.01410053048966584 132.5
2660 0.01409387048768669 133
2670 0.01408716417835488 133.5
2680 0.01408023123273739 134
2690 0.01407269255234487 134.5
2700 0.01406395787404322 135
2710 0.01405396365660591 135.5
2720 0.01404338762687991 136
2730 0.01403315012788098 136.5
2740 0.01402408961873782 137
2750 0.01401684934891406 137.5
2760 0.01401178131881703 138
2770 0.01400900079477817 138.5
2780 0.01400845409497167 139
2790 0.01400994772808904 139.5
2800 0.01401345288967517 140
2810 0.01401871302816344 140.5
2820 0.01402532500879206 141
2830 0.01403288296804452 141.5
2840 0.01404131980151391 142
2850 0.01405035852503954 142.5
2860 0.0140595151550149 143
2870 0.01406824798507926 143.5
2880 0.01407633982914409 144
2890 0.01408416559598293 144.5
2900 0.01409248997165549 145
2910 0.01410132027664557 145.5
2920 0.01411019906244837 146
2930 0.01411856788495031 146.5
2940 0.01412580143407752 147
2950 0.01413183269453696 147.5
2960 0.01413658710141102 148
2970 0.0141399060041406 148.5
2980 0.01414177146835927 149
2990 0.01414234348194086 149.5
3000 0.01414188508108442 150
3010 0.0141406758875028 150.5
3020 0.01413880591718643 151
3030 0.01413641458695548 151.5
3040 0.0141334923130033 152
3050 0.01413004355042794 152.5
3060 0.01412615503103644 153
3070 0.01412189089842118 153.5
3080 0.01411730794512935 154
3090 0.01411269720057943 154.5
3100 0.01410835986574449 155
3110 0.01410443144079366 155.5
3120 0.01410106882727133 156
3130 0.01409820470223954 156.5
3140 0.01409567291102346 157
3150 0.01409335423446547 157.5
3160 0.01409121981139454 158
3170 0.01408910081027173 158.5
3180 0.01408670602406859 159
3190 0.01408389287476235 159.5
3200 0.01408058914299473 160
3210 0.01407662648762015 160.5
3220 0.0140719003301641 161
3230 0.01406656903593182 161.5
3240 0.01406061896019404 162
3250 0.01405406119749739 162.5
3260 0.01404711295650249 163
3270 0.01403999498635033 163.5
3280 0.01403272611836326 164
3290 0.01402529559117201 164.5
3300 0.01401769395434975 165
3310 0.01400988975842588 165.5
3320 0.01400195142252991 166
3330 0.01399392918703194 166.5
3340 0.01398604927552394 167
3350 0.01397867502768948 167.5
3360 0.01397216253042799 168
3370 0.01396680142699945 168.5
3380 0.01396290800264795 169
3390 0.01396067136519434 169.5
3400 0.01396012062301393 170
3410 0.01396107110179067 170.5
3420 0.01396324566225358 171
3430 0.01396651264372205 171.5
3440 0.01397090858880973 172
3450 0.01397633455788284 172.5
3460 0.01398259943818601 173
3470 0.01398943590071836 173.5
3480 0.01399656090835716 174
3490 0.01400370505885884 174.5
3500 0.01401068521213705 175
3510 0.01401730332721584 175.5
3520 0.01402358841942599 176
3530 0.01402952630548857 176.5
3540 0.01403507850286869 177
3550 0.01404023622098091 177.5
3560 0.01404493605044796 178
3570 0.01404906455030242 178.5
3580 0.01405251665713188 179
3590 0.01405521787080012 179.5
3600 0.01405719449447239 180
3610 0.01405848441165461 180.5
3620 0.01405897761903626 181
3630 0.01405860177398561 181.5
3640 0.01405722268182499 182
3650 0.01405475032470707 182.5
3660 0.01405106974943317 183
3670 0.01404563551835576 183.5
3680 0.01403828873304053 184
3690 0.01402955849160207 184.5
3700 0.014019747290766 185
3710 0.01400875197167729 185.5
3720 0.01399646101276489 186
3730 0.01398236069973271 186.5
3740 0.01396666290748244 187
3750 0.01395032170647556 187.5
3760 0.01393517617456621 188
3770 0.01392190302951591 188.5
3780 0.01390908774644403 189
3790 0.01389706012647324 189.5
3800 0.01388631691655253 190
3810 0.01387634592248757 190.5
3820 0.01386647719537987 191
3830 0.01385666014330331 191.5
3840 0.01384715301531581 192
3850 0.0138381406688472 192.5
3860 0.01382989997250723 193
3870 0.01382274636160346 193.5
3880 0.01381695720085115 194
3890 0.01381295247444807 194.5
3900 0.0138110504138558 195
3910 0.01381125626578683 195.5
3920 0.01381333815706346 196
3930 0.01381692832602322 196.5
3940 0.01382148579542362 197
3950 0.01382675193624442 197.5
3960 0.01383263842765612 198
3970 0.01383887563601223 198.5
3980 0.01384514420993887 199
3990 0.01385103382155742 199.5
4000 0.01385596017279865 200
4010 0.01385943997080779 200.5
4020 0.01386110910862947 201
4030 0.01386086727516442 201.5
4040 0.01385879892297139 202
4050 0.01385503376615395 202.5
4060 0.01384945390315234 203
4070 0.01384209810559776 203.5
4080 0.01383333716260893 204
4090 0.01382361494567312 204.5
4100 0.01381282511146069 205
4110 0.01380106078750143 205.5
4120 0.01378879714888521 206
4130 0.01377664620499135 206.5
4140 0.01376487807108824 207
4150 0.01375399235382646 207.5
4160 0.01374452252451657 208
4170 0.01373725191852901 208.5
4180 0.01373308966800539 209
4190 0.01373253251567173 209.5
4200 0.01373590683072487 210
4210 0.01374389151674734 210.5
4220 0.01375680763580765 211
4230 0.01377397626976676 211.5
4240 0.01379433888597929 212
4250 0.01381652741902368 212.5
4260 0.01384004651501831 213
4270 0.01386549336980696 213.5
4280 0.01389296125477431 214
4290 0.01392179210083426 214.5
4300 0.01395079577131085 215
4310 0.01397866132917035 215.5
4320 0.01400471218223235 216
4330 0.01402761459252558 216.5
4340 0.01404620194159552 217
4350 0.01405998730229176 217.5
4360 0.01406871111146334 218
4370 0.01407244334735967 218.5
4380 0.01406980298899676 219
4390 0.01406090951690252 219.5
4400 0.01404722142948379 220
4410 0.01403021453408771 220.5
4420 0.01401189580045629 221
4430 0.01399398587793542 221.5
4440 0.01397701296054747 222
4450 0.01396290636619782 222.5
4460 0.01395366872229825 223
4470 0.01394949012995035 223.5
4480 0.01394982999546305 224
4490 0.01395463177964661 224.5
4500 0.01396321735731674 225
4510 0.01397481090203373 225.5
4520 0.01398875703044827 226
4530 0.01400373717926574 226.5
4540 0.01401876100358534 227
4550 0.01403337142155829 227.5
4560 0.01404744986460211 228
4570 0.01406065286772282 228.5
4580 0.01407284532746978 229
4590 0.01408395479219124 229.5
4600 0.01409417595892355 230
4610 0.01410387229535211 230.5
4620 0.0141132915389124 231
4630 0.01412240139853725 231.5
4640 0.01413099868388462 232
4650 0.0141388591821006 232.5
4660 0.01414577727325932 233
4670 0.01415164984922375 233.5
4680 0.01415651073827677 234
4690 0.01416020091360293 234.5
4700 0.01416259083243713 235
4710 0.01416345548080676 235.5
4720 0.01416259734840432 236
4730 0.01416004932249342 236.5
4740 0.0141557610855123 237
4750 0.0141496923102971 237.5
4760 0.01414171289761591 238
4770 0.01413151888721146 238.5
4780 0.01411893520974415 239
4790 0.01410395677606441 239.5
4800 0.01408679079549325 240
4810 0.01406763518677758 240.5
4820 0.01404660475351758 241
4830 0.01402400269015889 241.5
4840 0.01400000931186207 242
4850 0.01397475081959283 242.5
4860 0.01394905083466088 243
4870 0.01392352665890303 243.5
4880 0.01389858774562942 244
4890 0.01387460242082958 244.5
4900 0.01385190261636908 245
4910 0.01383075007032526 245.5
4920 0.01381123267816503 246
4930 0.01379327401466515 246.5
4940 0.01377709816133487 247
4950 0.01376270349301304 247.5
4960 0.01374981675081216 248
4970 0.01373800236195987 248.5
4980 0.01372712855454018 249
4990 0.01371717464305518 249.5
5000 0.01370819081772391 250
