0 0 0
10 1.963785674981871e-49 0.5
20 2.093102181698536e-38 1
30 4.943798349885636e-39 1.5
40 1.947684441319013e-34 2
50 9.265936288755006e-33 2.5
60 3.044675944060055e-32 3
70 1.956941164011666e-31 3.5
80 3.156247652490234e-30 4
90 3.245757809868205e-28 4.5
100 3.18942827458324e-24 5
110 1.452315375655457e-23 5.5
120 3.855641363269187e-22 6
130 2.640907605873327e-21 6.5
140 1.671751684414494e-20 7
150 3.106623532771881e-19 7.5
160 3.184465863120502e-18 8
170 2.729904179987508e-17 8.5
180 1.278723389257563e-16 9
190 5.672221185267708e-16 9.5
200 3.29026292434357e-15 10
210 2.433141586810211e-14 10.5
220 1.045445861404226e-13 11
230 3.030064985869675e-13 11.5
240 7.370976901193752e-13 12
250 1.61475713126359e-12 12.5
260 3.157088434360175e-12 13
270 5.628908870234084e-12 13.5
280 9.381468568434263e-12 14
290 1.480613605503407e-11 14.5
300 2.235331552534466e-11 15
310 3.280800111268025e-11 15.5
320 4.799184670038226e-11 16
330 7.199722547350405e-11 16.5
340 1.131880759663561e-10 17
350 1.912185844451908e-10 17.5
360 3.552184334600161e-10 18
370 7.196000927184452e-10 18.5
380 1.520961124095893e-09 19
390 3.183115194474877e-09 19.5
400 6.36248731390152e-09 20
410 1.19310744267799e-08 20.5
420 2.084659365628158e-08 21
430 3.400544973736044e-08 21.5
440 5.220108045150049e-08 22
450 7.617854722317989e-08 22.5
460 1.067552452138181e-07 23
470 1.448571243608708e-07 23.5
480 1.91514321621506e-07 24
490 2.477305864982786e-07 24.5
500 3.144959726642595e-07 25
510 3.92993796372059e-07 25.5
520 4.845283439084751e-07 26
530 5.906881983384786e-07 26.5
540 7.131472387496358e-07 27
550 8.534824812381476e-07 27.5
560 1.013179736908679e-06 28
570 1.193536125261843e-06 28.5
580 1.39516305019077e-06 29
590 1.618390709757811e-06 29.5
600 1.862793574309396e-06 30
610 2.126380917599329e-06 30.5
620 2.407797404860264e-06 31
630 2.70473664098242e-06 31.5
640 3.014543955169981e-06 32
650 3.335815052095128e-06 32.5
660 3.666331882961363e-06 33
670 4.003635964223443e-06 33.5
680 4.348864796887894e-06 34
690 4.704690535093369e-06 34.5
700 5.074746531509367e-06 35
710 5.463073797589843e-06 35.5
720 5.875164178439297e-06 36
730 6.31761031994027e-06 36.5
740 6.796734329579598e-06 37
750 7.312776074241982e-06 37.5
760 7.863470040878442e-06 38
770 8.448678095916218e-06 38.5
780 9.071772840178404e-06 39
790 9.739251810092645e-06 39.5
800 1.045087671283625e-05 40
810 1.120156526208439e-05 40.5
820 1.198220680088518e-05 41
830 1.278469763492354e-05 41.5
840 1.360491269082675e-05 42
850 1.443854265896655e-05 42.5
860 1.52785842411666e-05 43
870 1.612402772310286e-05 43.5
880 1.696773849424349e-05 44
890 1.780322839520298e-05 44.5
900 1.863123394498002e-05 45
910 1.944914154461459e-05 45.5
920 2.02520977883877e-05 46
930 2.103804360497235e-05 46.5
940 2.18094189348172e-05 47
950 2.257038679401715e-05 47.5
960 2.332145040343167e-05 48
970 2.398954820735175e-05 48.5
980 2.472285480975737e-05 49
990 2.544149725848268e-05 49.5
1000 2.613774201930194e-05 50
1010 2.681224579825054e-05 50.5
1020 2.746826922691969e-05 51
1030 2.810526713817741e-05 51.5
1040 2.872034645956597e-05 52
1050 2.931301522672597e-05 52.5
1060 2.988501820957906e-05 53
1070 3.043643042616621e-05 53.5
1080 3.096335606485427e-05 54
1090 3.146301867390131e-05 54.5
1100 3.19382164765104e-05 55
1110 3.239679863377463e-05 55.5
1120 3.283682588286034e-05 56
1130 3.325455238311209e-05 56.5
1140 3.365211991047041e-05 57
1150 3.403550505171108e-05 57.5
1160 3.440162267436351e-05 58
1170 3.474240749897283e-05 58.5
1180 3.5054105595294e-05 59
1190 3.534107253709388e-05 59.5
1200 3.560731724304524e-05 60
1210 3.585453368856862e-05 60.5
1220 3.608097848614679e-05 61
1230 3.627459487201906e-05 61.5
1240 3.643112076159713e-05 62
1250 3.655576110088253e-05 62.5
1260 3.664863864412159e-05 63
1270 3.670194151631315e-05 63.5
1280 3.671401684656516e-05 64
1290 3.668837622005587e-05 64.5
1300 3.662344411131863e-05 65
1310 3.652157004991327e-05 65.5
1320 3.638468156947508e-05 66
1330 3.621144043101101e-05 66.5
1340 3.600266009781132e-05 67
1350 3.576348079556034e-05 67.5
1360 3.550655786421615e-05 68
1370 3.524342647971959e-05 68.5
1380 3.497899019811867e-05 69
1390 3.470741744694147e-05 69.5
1400 3.443128939445754e-05 70
1410 3.41552878529125e-05 70.5
1420 3.387902600239351e-05 71
1430 3.36065644094032e-05 71.5
1440 3.33503122435727e-05 72
1450 3.311736020917235e-05 72.5
1460 3.290956081302737e-05 73
1470 3.273200209428365e-05 73.5
1480 3.259425572539939e-05 74
1490 3.250248408839297e-05 74.5
1500 3.246058725295927e-05 75
1510 3.247289929658453e-05 75.5
1520 3.254218409651496e-05 76
1530 3.267196601198845e-05 76.5
1540 3.286060086891705e-05 77
1550 3.311209751674751e-05 77.5
1560 3.342496963474303e-05 78
1570 3.379828714890147e-05 78.5
1580 3.422841211054084e-05 79
1590 3.470939476696445e-05 79.5
1600 3.523301112646243e-05 80
1610 3.578804507137892e-05 80.5
1620 3.636694327850343e-05 81
1630 3.697519543030108e-05 81.5
1640 3.761381106292017e-05 82
1650 3.827118630417674e-05 82.5
1660 3.893202898379008e-05 83
1670 3.958020820092298e-05 83.5
1680 4.021138918128842e-05 84
1690 4.08200415368051e-05 84.5
1700 4.139309763731919e-05 85
1710 4.192512303551761e-05 85.5
1720 4.241008995554683e-05 86
1730 4.284964955574091e-05 86.5
1740 4.324878262938126e-05 87
1750 4.360441933225169e-05 87.5
1760 4.391129345896161e-05 88
1770 4.416629612715297e-05 88.5
1780 4.437133378294939e-05 89
1790 4.453098316404813e-05 89.5
1800 4.464536466063846e-05 90
1810 4.471045240593036e-05 90.5
1820 4.472015544775844e-05 91
1830 4.467566069454222e-05 91.5
1840 4.458067996109851e-05 92
1850 4.444175048058279e-05 92.5
1860 4.427034823528843e-05 93
1870 4.407404880670495e-05 93.5
1880 4.385945050100621e-05 94
1890 4.363351708064045e-05 94.5
1900 4.340233938708677e-05 95
1910 4.317409992673969e-05 95.5
1920 4.295399921396609e-05 96
1930 4.274422331417227e-05 96.5
1940 4.254696872286109e-05 97
1950 4.236446426238682e-05 97.5
1960 4.219923607585225e-05 98
1970 4.205116165516667e-05 98.5
1980 4.192213111852627e-05 99
1990 4.181861380400348e-05 99.5
2000 4.174695710254457e-05 100
2010 4.170821567487089e-05 100.5
2020 4.17013149644456e-05 101
2030 4.172407106845118e-05 101.5
2040 4.177414037839683e-05 102
2050 4.184922788163977e-05 102.5
2060 4.194758101729007e-05 103
2070 4.206681840747915e-05 103.5
2080 4.220472556704378e-05 104
2090 4.236118392147349e-05 104.5
2100 4.253724938917557e-05 105
2110 4.27317968197344e-05 105.5
2120 4.294408173239921e-05 106
2130 4.317381801907611e-05 106.5
2140 4.342123746159812e-05 107
2150 4.368592204735952e-05 107.5
2160 4.396799926191577e-05 108
2170 4.426780300242031e-05 108.5
2180 4.458767116132047e-05 109
2190 4.493005688492072e-05 109.5
2200 4.52935202971912e-05 110
2210 4.567492404449492e-05 110.5
2220 4.607575695840073e-05 111
2230 4.649730463818378e-05 111.5
2240 4.693991531255142e-05 112
2250 4.7408363060388e-05 112.5
2260 4.790722950935559e-05 113
2270 4.843929185726387e-05 113.5
2280 4.900424073771216e-05 114
2290 4.960044252548718e-05 114.5
2300 5.022719030010454e-05 115
2310 5.088150657318738e-05 115.5
2320 5.156018101808012e-05 116
2330 5.226200095781429e-05 116.5
2340 5.298855752319814e-05 117
2350 5.374061642224858e-05 117.5
2360 5.451529683687793e-05 118
2370 5.530659747699392e-05 118.5
2380 5.611195517359704e-05 119
2390 5.692757115565275e-05 119.5
2400 5.774723007601855e-05 120
2410 5.856673318014076e-05 120.5
2420 5.938280592254479e-05 121
2430 6.019830214636263e-05 121.5
2440 6.101101513483158e-05 122
2450 6.181460010755836e-05 122.5
2460 6.260655459367718e-05 123
2470 6.338569107227009e-05 123.5
2480 6.4151985588669e-05 124
2490 6.490636660995102e-05 124.5
2500 6.564770334378865e-05 125
2510 6.637275813482011e-05 125.5
2520 6.707162133373251e-05 126
2530 6.773874444668761e-05 126.5
2540 6.837447594240407e-05 127
2550 6.898406698317754e-05 127.5
2560 6.957381047628299e-05 128
2570 7.014480571168874e-05 128.5
2580 7.069831890308784e-05 129
2590 7.123264346551428e-05 129.5
2600 7.174524775548197e-05 130
2610 7.223547676887339e-05 130.5
2620 7.270648991060491e-05 131
2630 7.316185791784514e-05 131.5
2640 7.360832938116852e-05 132
2650 7.404850403745815e-05 132.5
2660 7.448493727782271e-05 133
2670 7.492239401980357e-05 133.5
2680 7.536602736367765e-05 134
2690 7.581851557776945e-05 134.5
2700 7.628211552159164e-05 135
2710 7.675822663523425e-05 135.5
2720 7.724452102242058e-05 136
2730 7.774183413179009e-05 136.5
2740 7.825249138777193e-05 137
2750 7.877565181843213e-05 137.5
2760 7.931009711878504e-05 138
2770 7.985727859580846e-05 138.5
2780 8.042258406798347e-05 139
2790 8.100494407836771e-05 139.5
2800 8.160157184065182e-05 140
2810 8.220766925102798e-05 140.5
2820 8.281616766955073e-05 141
2830 8.340967108158628e-05 141.5
2840 8.396816469659292e-05 142
2850 8.447402175608567e-05 142.5
2860 8.491084289940002e-05 143
2870 8.52955583010491e-05 143.5
2880 8.563477270723002e-05 144
2890 8.59155998348264e-05 144.5
2900 8.61242937501037e-05 145
2910 8.626503307689489e-05 145.5
2920 8.63372572511095e-05 146
2930 8.633235908260245e-05 146.5
2940 8.625700168674967e-05 147
2950 8.611759696376773e-05 147.5
2960 8.592650430551972e-05 148
2970 8.569162426195553e-05 148.5
2980 8.542642468208688e-05 149
2990 8.513169362256322e-05 149.5
3000 8.480756806780642e-05 150
3010 8.446033752795926e-05 150.5
3020 8.409229031970792e-05 151
3030 8.371479498995367e-05 151.5
3040 8.333609124130106e-05 152
3050 8.295403860941343e-05 152.5
3060 8.256480740761661e-05 153
3070 8.216678072954243e-05 153.5
3080 8.175820692386004e-05 154
3090 8.13390851921908e-05 154.5
3100 8.090927174758318e-05 155
3110 8.047404384763745e-05 155.5
3120 8.004751198394232e-05 156
3130 7.96404826322583e-05 156.5
3140 7.925413913082153e-05 157
3150 7.888180693489578e-05 157.5
3160 7.85137530903068e-05 158
3170 7.813830071816195e-05 158.5
3180 7.774658325414504e-05 159
3190 7.733603625062451e-05 159.5
3200 7.690941084025777e-05 160
3210 7.646030463042307e-05 160.5
3220 7.600030207750716e-05 161
3230 7.553750249516387e-05 161.5
3240 7.505914289181516e-05 162
3250 7.455799935323275e-05 162.5
3260 7.403006829217983e-05 163
3270 7.3482366272721e-05 163.5
3280 7.293439050472409e-05 164
3290 7.239990966832047e-05 164.5
3300 7.188787915099111e-05 165
3310 7.140241015085668e-05 165.5
3320 7.09464902227836e-05 166
3330 7.051940982224826e-05 166.5
3340 7.012363677364314e-05 167
3350 6.976754043710141e-05 167.5
3360 6.946119092524238e-05 168
3370 6.92063219708841e-05 168.5
3380 6.900015367764252e-05 169
3390 6.883514336768497e-05 169.5
3400 6.869582286568488e-05 170
3410 6.856542802542378e-05 170.5
3420 6.843806757473823e-05 171
3430 6.831965862083381e-05 171.5
3440 6.820691202814187e-05 172
3450 6.80998028022055e-05 172.5
3460 6.800206915812807e-05 173
3470 6.79103089555408e-05 173.5
3480 6.78155022102541e-05 174
3490 6.771335755086171e-05 174.5
3500 6.760332049786639e-05 175
3510 6.748556857025591e-05 175.5
3520 6.735640056847839e-05 176
3530 6.722102674789373e-05 176.5
3540 6.708702068847313e-05 177
3550 6.695925896303925e-05 177.5
3560 6.68351013599409e-05 178
3570 6.671260576539408e-05 178.5
3580 6.658442047459538e-05 179
3590 6.644569009340093e-05 179.5
3600 6.630003207838448e-05 180
3610 6.615084942509125e-05 180.5
3620 6.599723038381276e-05 181
3630 6.583944421852227e-05 181.5
3640 6.566809555274864e-05 182
3650 6.548272552913449e-05 182.5
3660 6.529738943163969e-05 183
3670 6.511298970251074e-05 183.5
3680 6.492843617882378e-05 184
3690 6.474938791820788e-05 184.5
3700 6.458503443292742e-05 185
3710 6.4442329907777e-05 185.5
3720 6.432422551743619e-05 186
3730 6.422906637648547e-05 186.5
3740 6.416078649922678e-05 187
3750 6.41291743654891e-05 187.5
3760 6.413752714294735e-05 188
3770 6.419020103411319e-05 188.5
3780 6.429843276922578e-05 189
3790 6.448109893640034e-05 189.5
3800 6.473635350704193e-05 190
3810 6.505893286909962e-05 190.5
3820 6.544414800743124e-05 191
3830 6.589482454445091e-05 191.5
3840 6.640907395245043e-05 192
3850 6.698192848459326e-05 192.5
3860 6.760701185314458e-05 193
3870 6.827940840316624e-05 193.5
3880 6.899783693805085e-05 194
3890 6.976214647954196e-05 194.5
3900 7.056080085139399e-05 195
3910 7.138597421367597e-05 195.5
3920 7.22320898602209e-05 196
3930 7.309087263242569e-05 196.5
3940 7.395168233598993e-05 197
3950 7.481643004834235e-05 197.5
3960 7.568476487743938e-05 198
3970 7.655665753241807e-05 198.5
3980 7.742842354028748e-05 199
3990 7.828959841751382e-05 199.5
4000 7.912477356796601e-05 200
4010 7.992674101480465e-05 200.5
4020 8.069739261230397e-05 201
4030 8.14280646022273e-05 201.5
4040 8.211270788554269e-05 202
4050 8.275235293391753e-05 202.5
4060 8.334252492972434e-05 203
4070 8.387704680667504e-05 203.5
4080 8.434860369764404e-05 204
4090 8.475997791761134e-05 204.5
4100 8.512220791548797e-05 205
4110 8.543919270507939e-05 205.5
4120 8.57024403463511e-05 206
4130 8.590166391120523e-05 206.5
4140 8.603194086562146e-05 207
4150 8.609451395832394e-05 207.5
4160 8.609742498329163e-05 208
4170 8.604419242142686e-05 208.5
4180 8.594522389629299e-05 209
4190 8.581023493800235e-05 209.5
4200 8.564453526782183e-05 210
4210 8.545319963172253e-05 210.5
4220 8.524271551444676e-05 211
4230 8.503377663922008e-05 211.5
4240 8.485343152004086e-05 212
4250 8.472068556227592e-05 212.5
4260 8.464658074667143e-05 213
4270 8.464591792042828e-05 213.5
4280 8.473475846408045e-05 214
4290 8.492803253611299e-05 214.5
4300 8.523812149511059e-05 215
4310 8.568246038972615e-05 215.5
4320 8.626407423328899e-05 216
4330 8.699316315214822e-05 216.5
4340 8.788047817821616e-05 217
4350 8.892545467884758e-05 217.5
4360 9.012851952075327e-05 218
4370 9.152385555513867e-05 218.5
4380 9.310568459619874e-05 219
4390 9.486389729246986e-05 219.5
4400 9.671831180068287e-05 220
4410 9.866616074438919e-05 220.5
4420 0.0001007054730984942 221
4430 0.0001028158069206991 221.5
4440 0.0001049908392438203 222
4450 0.0001072159928829158 222.5
4460 0.0001094646336177537 223
4470 0.0001117115974672613 223.5
4480 0.0001139372256519275 224
4490 0.0001161314285701252 224.5
4500 0.0001182779318027029 225
4510 0.0001203535354815662 225.5
4520 0.0001223286655603316 226
4530 0.0001242006491154827 226.5
4540 0.0001259618010844432 227
4550 0.0001275998150233501 227.5
4560 0.0001291073769265089 228
4570 0.0001304839653273281 228.5
4580 0.0001317376939363774 229
4590 0.0001328776235373596 229.5
4600 0.0001339137820061275 230
4610 0.0001348467778759067 230.5
4620 0.0001356696455785466 231
4630 0.0001363899554899005 231.5
4640 0.0001370148043573417 232
4650 0.0001375536965263469 232.5
4660 0.0001380016480773406 233
4670 0.0001383341184575463 233.5
4680 0.0001386203435129761 234
4690 0.0001388773147027527 234.5
4700 0.000139111272169411 235
4710 0.0001393170431000764 235.5
4720 0.0001394815418915056 236
4730 0.0001396055058165852 236.5
4740 0.0001397015426306234 237
4750 0.0001397822966156329 237.5
4760 0.0001398536106069721 238
4770 0.0001399165739129506 238.5
4780 0.0001399630248467249 239
4790 0.0001399875168848305 239.5
4800 0.0001399970715828408 240
4810 0.0001399971162821816 240.5
4820 0.0001399906409525103 241
4830 0.0001399784401165586 241.5
4840 0.0001399734688502937 242
4850 0.0001399905564393766 242.5
4860 0.0001400243251927228 243
4870 0.0001400553271846546 243.5
4880 0.0001400789468223314 244
4890 0.0001400999818099107 244.5
4900 0.000140124533552678 245
4910 0.0001401432804883137 245.5
4920 0.0001401509043010638 246
4930 0.0001401643350967631 246.5
4940 0.0001401884855968431 247
4950 0.0001402227908073834 247.5
4960 0.0001402523500091165 248
4970 0.000140261307740968 248.5
4980 0.0001402454020074737 249
4990 0.0001402032062812466 249.5
5000 0.0001401277964868521 250
