0 0 0
10 1.578158888060087e-50 0.5
20 4.56387381768744e-43 1
30 7.839026948955586e-41 1.5
40 5.517694956974883e-40 2
50 3.122588394866761e-37 2.5
60 7.637478037859253e-37 3
70 7.861637462060664e-35 3.5
80 2.340167908702162e-33 4
90 4.736570129202132e-31 4.5
100 1.056204605117045e-28 5
110 3.392497591884315e-28 5.5
120 1.47863250247707e-27 6
130 7.251581966809294e-28 6.5
140 6.334290161474746e-27 7
150 1.915842569109353e-25 7.5
160 4.076451338370929e-24 8
170 2.623799893309109e-23 8.5
180 1.9923950641341e-22 9
190 1.355025133407704e-21 9.5
200 1.277361424135836e-20 10
210 1.312959880853739e-19 10.5
220 4.036811700431413e-19 11
230 1.498009397628183e-18 11.5
240 7.553370237086992e-18 12
250 3.279784396649791e-17 12.5
260 1.190586599217763e-16 13
270 5.948126360785954e-16 13.5
280 2.85510927735318e-15 14
290 9.685224926417223e-15 14.5
300 3.280829428155061e-14 15
310 9.313161785896759e-14 15.5
320 2.320780250023982e-13 16
330 5.393238983206853e-13 16.5
340 1.12699796508186e-12 17
350 2.09563534665148e-12 17.5
360 3.406986046357602e-12 18
370 5.090710416931922e-12 18.5
380 7.101973241339901e-12 19
390 9.390663333982141e-12 19.5
400 1.201008276649549e-11 20
410 1.54271259988739e-11 20.5
420 2.081682179224505e-11 21
430 2.982948582685035e-11 21.5
440 4.405872599888642e-11 22
450 6.475772127774887e-11 22.5
460 9.375582819702039e-11 23
470 1.373271420663535e-10 23.5
480 2.062727364166771e-10 24
490 3.166718087817444e-10 24.5
500 4.885746842828273e-10 25
510 7.416520977757588e-10 25.5
520 1.105606676665782e-09 26
530 1.631647583721548e-09 26.5
540 2.383756807958038e-09 27
550 3.453529329267689e-09 27.5
560 4.943029350348769e-09 28
570 6.951240660546915e-09 28.5
580 9.599012114485831e-09 29
590 1.304832156729186e-08 29.5
600 1.7449215942623e-08 30
610 2.292977900360232e-08 30.5
620 2.957354022623297e-08 31
630 3.757399558879529e-08 31.5
640 4.719135462183684e-08 32
650 5.869428491933583e-08 32.5
660 7.252179545664376e-08 33
670 8.920346368156967e-08 33.5
680 1.092731594295202e-07 34
690 1.333152798916519e-07 34.5
700 1.618858480825459e-07 35
710 1.955547820321458e-07 35.5
720 2.349130242936214e-07 36
730 2.805125922658968e-07 36.5
740 3.329112756211127e-07 37
750 3.926948028141995e-07 37.5
760 4.603538219843783e-07 38
770 5.364049211190551e-07 38.5
780 6.212942194632094e-07 39
790 7.15612027877395e-07 39.5
800 8.198401285015419e-07 40
810 9.343918869791041e-07 40.5
820 1.059983625186894e-06 41
830 1.197486790934007e-06 41.5
840 1.345852706544464e-06 42
850 1.504276727712417e-06 42.5
860 1.671650990203207e-06 43
870 1.847845072539186e-06 43.5
880 2.031415831383445e-06 44
890 2.219985116487169e-06 44.5
900 2.411648923030592e-06 45
910 2.605941937653421e-06 45.5
920 2.801304791501463e-06 46
930 2.994734032912146e-06 46.5
940 3.183553281459804e-06 47
950 3.366797873227741e-06 47.5
960 3.543001183493827e-06 48
970 3.694349777202354e-06 48.5
980 3.851123612504325e-06 49
990 3.991812163151699e-06 49.5
1000 4.113939608268368e-06 50
1010 4.216472008883895e-06 50.5
1020 4.298995596921619e-06 51
1030 4.363204886381016e-06 51.5
1040 4.411330211537799e-06 52
1050 4.445537722162937e-06 52.5
1060 4.468219505841526e-06 53
1070 4.482374076814606e-06 53.5
1080 4.489719555932171e-06 54
1090 4.492415986403505e-06 54.5
1100 4.492177203438934e-06 55
1110 4.492089167786048e-06 55.5
1120 4.495335958948093e-06 56
1130 4.503417451347901e-06 56.5
1140 4.517218421397849e-06 57
1150 4.53761520307475e-06 57.5
1160 4.564282133521208e-06 58
1170 4.597165286483162e-06 58.5
1180 4.636199083956118e-06 59
1190 4.680904246978669e-06 59.5
1200 4.730578834742215e-06 60
1210 4.784137261088583e-06 60.5
1220 4.840493095529837e-06 61
1230 4.898343432478056e-06 61.5
1240 4.95643085584034e-06 62
1250 5.013221205348576e-06 62.5
1260 5.067481046957006e-06 63
1270 5.118306397420894e-06 63.5
1280 5.164675088069837e-06 64
1290 5.205990624951008e-06 64.5
1300 5.241684710429157e-06 65
1310 5.271580181216176e-06 65.5
1320 5.295032095305749e-06 66
1330 5.311280588931361e-06 66.5
1340 5.319710365176609e-06 67
1350 5.319957893739518e-06 67.5
1360 5.311780772319046e-06 68
1370 5.295375188748058e-06 68.5
1380 5.271629726693743e-06 69
1390 5.24133173589763e-06 69.5
1400 5.205238088316157e-06 70
1410 5.164169535685033e-06 70.5
1420 5.118810417128195e-06 71
1430 5.070413695001476e-06 71.5
1440 5.019826042210547e-06 72
1450 4.969244293637171e-06 72.5
1460 4.920743626816708e-06 73
1470 4.875353069174846e-06 73.5
1480 4.833223949123307e-06 74
1490 4.794392226172802e-06 74.5
1500 4.759874963769217e-06 75
1510 4.72995545684566e-06 75.5
1520 4.705601068684124e-06 76
1530 4.687593666427307e-06 76.5
1540 4.675754769268633e-06 77
1550 4.671053157521289e-06 77.5
1560 4.674162497514823e-06 78
1570 4.684797193571452e-06 78.5
1580 4.702086056472868e-06 79
1590 4.724945904422552e-06 79.5
1600 4.753489321412397e-06 80
1610 4.78766191516616e-06 80.5
1620 4.827967967336015e-06 81
1630 4.87670021916425e-06 81.5
1640 4.936005434771667e-06 82
1650 5.005229628036165e-06 82.5
1660 5.081425096311848e-06 83
1670 5.168535359505847e-06 83.5
1680 5.274611744952617e-06 84
1690 5.398634148200194e-06 84.5
1700 5.536443221315445e-06 85
1710 5.685810228950242e-06 85.5
1720 5.849230126156174e-06 86
1730 6.027556349213829e-06 86.5
1740 6.222490421338324e-06 87
1750 6.431407243393941e-06 87.5
1760 6.65302774632472e-06 88
1770 6.891612104285103e-06 88.5
1780 7.143337371464763e-06 89
1790 7.398804974120554e-06 89.5
1800 7.649783319255704e-06 90
1810 7.89198505085513e-06 90.5
1820 8.120537000414059e-06 91
1830 8.328886733441054e-06 91.5
1840 8.510016400726515e-06 92
1850 8.658260197283147e-06 92.5
1860 8.768810120049236e-06 93
1870 8.843750774362834e-06 93.5
1880 8.887664278004329e-06 94
1890 8.904962402364887e-06 94.5
1900 8.900599458193528e-06 95
1910 8.881894339635533e-06 95.5
1920 8.856097062961977e-06 96
1930 8.829815093616522e-06 96.5
1940 8.80892514578809e-06 97
1950 8.799636434452351e-06 97.5
1960 8.81138371812273e-06 98
1970 8.850656934406904e-06 98.5
1980 8.921100014594373e-06 99
1990 9.026776815440045e-06 99.5
2000 9.171719899270475e-06 100
2010 9.359596392605268e-06 100.5
2020 9.593039670201568e-06 101
2030 9.87321508698398e-06 101.5
2040 1.020530592543253e-05 102
2050 1.059194919386645e-05 102.5
2060 1.102870422372068e-05 103
2070 1.151377362503193e-05 103.5
2080 1.204627175229526e-05 104
2090 1.261680008387844e-05 104.5
2100 1.323095695314665e-05 105
2110 1.388261804101618e-05 105.5
2120 1.456713358837857e-05 106
2130 1.52779153152673e-05 106.5
2140 1.600699677223168e-05 107
2150 1.674331078493428e-05 107.5
2160 1.747448332896724e-05 108
2170 1.819111154334666e-05 108.5
2180 1.888351191364053e-05 109
2190 1.954087780082272e-05 109.5
2200 2.015402147034245e-05 110
2210 2.071583196782379e-05 110.5
2220 2.121677271276739e-05 111
2230 2.165228922230647e-05 111.5
2240 2.201769000544277e-05 112
2250 2.230660996562932e-05 112.5
2260 2.251841929478688e-05 113
2270 2.26500921834457e-05 113.5
2280 2.270625956081377e-05 114
2290 2.269360603948882e-05 114.5
2300 2.261813764767631e-05 115
2310 2.248510331685729e-05 115.5
2320 2.230083964296257e-05 116
2330 2.207155880055473e-05 116.5
2340 2.180338242443783e-05 117
2350 2.150199809274658e-05 117.5
2360 2.117143714577736e-05 118
2370 2.081506881210038e-05 118.5
2380 2.043739729999891e-05 119
2390 2.004331189007651e-05 119.5
2400 1.963654725446471e-05 120
2410 1.922008925871815e-05 120.5
2420 1.879895607158173e-05 121
2430 1.837853248734712e-05 121.5
2440 1.796425230754129e-05 122
2450 1.75619021981911e-05 122.5
2460 1.717784627333062e-05 123
2470 1.681590324911373e-05 123.5
2480 1.648012449969154e-05 124
2490 1.617561015159843e-05 124.5
2500 1.590603772832644e-05 125
2510 1.567093673103115e-05 125.5
2520 1.546896171643442e-05 126
2530 1.52980608083936e-05 126.5
2540 1.515631846367105e-05 127
2550 1.50440368685546e-05 127.5
2560 1.495871588428681e-05 128
2570 1.489966595230046e-05 128.5
2580 1.486295189462797e-05 129
2590 1.484231976085062e-05 129.5
2600 1.483074560218755e-05 130
2610 1.482162246046103e-05 130.5
2620 1.480969692993608e-05 131
2630 1.478827798576862e-05 131.5
2640 1.475195854255626e-05 132
2650 1.469344335408041e-05 132.5
2660 1.460522444051037e-05 133
2670 1.448049981840161e-05 133.5
2680 1.431279734416072e-05 134
2690 1.412550002520139e-05 134.5
2700 1.390406074935055e-05 135
2710 1.364710170317915e-05 135.5
2720 1.335464109523894e-05 136
2730 1.302644164936312e-05 136.5
2740 1.263952679699751e-05 137
2750 1.21817399136604e-05 137.5
2760 1.167085799783959e-05 138
2770 1.112854262694713e-05 138.5
2780 1.057185338078092e-05 139
2790 1.001533578114111e-05 139.5
2800 9.468463290161583e-06 140
2810 8.943954144759478e-06 140.5
2820 8.456303706111665e-06 141
2830 8.01513307140816e-06 141.5
2840 7.624429063772759e-06 142
2850 7.284818109791814e-06 142.5
2860 6.993383578798669e-06 143
2870 6.745317218604704e-06 143.5
2880 6.533243399786933e-06 144
2890 6.352204304194068e-06 144.5
2900 6.200372249454285e-06 145
2910 6.077799989823748e-06 145.5
2920 5.976898539978881e-06 146
2930 5.893175406412568e-06 146.5
2940 5.82064959188652e-06 147
2950 5.754926159308762e-06 147.5
2960 5.690613214886972e-06 148
2970 5.629514343891358e-06 148.5
2980 5.576368427589252e-06 149
2990 5.531844111013551e-06 149.5
3000 5.492952255987158e-06 150
3010 5.456316189363656e-06 150.5
3020 5.419940807427154e-06 151
3030 5.382547959795266e-06 151.5
3040 5.343773250952626e-06 152
3050 5.30397190929486e-06 152.5
3060 5.263587824172134e-06 153
3070 5.222267657897777e-06 153.5
3080 5.180706035010752e-06 154
3090 5.140938023659552e-06 154.5
3100 5.105397801286511e-06 155
3110 5.071633009074329e-06 155.5
3120 5.040302305294336e-06 156
3130 5.011130434489895e-06 156.5
3140 4.984778688738177e-06 157
3150 4.961129089689761e-06 157.5
3160 4.940127730816255e-06 158
3170 4.922118331512609e-06 158.5
3180 4.908718916129218e-06 159
3190 4.897506722912025e-06 159.5
3200 4.887128095690412e-06 160
3210 4.876821320725896e-06 160.5
3220 4.866546015052924e-06 161
3230 4.855134192410465e-06 161.5
3240 4.840645119674274e-06 162
3250 4.826384050770032e-06 162.5
3260 4.812192447538688e-06 163
3270 4.797828224887352e-06 163.5
3280 4.783847073155749e-06 164
3290 4.76981769513544e-06 164.5
3300 4.755427154242143e-06 165
3310 4.740435385513772e-06 165.5
3320 4.725440002847441e-06 166
3330 4.710848720139132e-06 166.5
3340 4.698485237398593e-06 167
3350 4.689772641964404e-06 167.5
3360 4.685736627136608e-06 168
3370 4.687751201853014e-06 168.5
3380 4.697191155184597e-06 169
3390 4.715181341267613e-06 169.5
3400 4.742789831614455e-06 170
3410 4.780672702940904e-06 170.5
3420 4.829603495150755e-06 171
3430 4.889604033215706e-06 171.5
3440 4.960210833893202e-06 172
3450 5.040913473595417e-06 172.5
3460 5.130899038885229e-06 173
3470 5.228636943405901e-06 173.5
3480 5.33268691330141e-06 174
3490 5.441790331150734e-06 174.5
3500 5.554469953781717e-06 175
3510 5.669243504187759e-06 175.5
3520 5.784706809355911e-06 176
3530 5.8998098181759e-06 176.5
3540 6.013569658585314e-06 177
3550 6.124742827369568e-06 177.5
3560 6.232180576347628e-06 178
3570 6.335973387234266e-06 178.5
3580 6.436035362144814e-06 179
3590 6.532079341694835e-06 179.5
3600 6.623764693268408e-06 180
3610 6.711717634713592e-06 180.5
3620 6.795291762559354e-06 181
3630 6.874325685439659e-06 181.5
3640 6.948904662560381e-06 182
3650 7.018417615865827e-06 182.5
3660 7.082459819043095e-06 183
3670 7.140947761941034e-06 183.5
3680 7.19388825762832e-06 184
3690 7.241350618238752e-06 184.5
3700 7.283510550955354e-06 185
3710 7.320567365939169e-06 185.5
3720 7.352598435591373e-06 186
3730 7.379845057800299e-06 186.5
3740 7.403615788759321e-06 187
3750 7.425000288214485e-06 187.5
3760 7.445260354145638e-06 188
3770 7.465944229030276e-06 188.5
3780 7.488015977828909e-06 189
3790 7.511543033956554e-06 189.5
3800 7.53732572654599e-06 190
3810 7.566801650390185e-06 190.5
3820 7.601159413174813e-06 191
3830 7.640644911924036e-06 191.5
3840 7.686101887863969e-06 192
3850 7.738102865714325e-06 192.5
3860 7.796239095731632e-06 193
3870 7.859509196674158e-06 193.5
3880 7.926638859715052e-06 194
3890 7.99515843439003e-06 194.5
3900 8.063296936664414e-06 195
3910 8.129606991382756e-06 195.5
3920 8.193433330721999e-06 196
3930 8.254804762126422e-06 196.5
3940 8.31443959852865e-06 197
3950 8.374181362044347e-06 197.5
3960 8.436284659684442e-06 198
3970 8.503094794208378e-06 198.5
3980 8.577234264144236e-06 199
3990 8.661153935813531e-06 199.5
4000 8.755851965435779e-06 200
4010 8.863002899870275e-06 200.5
4020 8.983139224093991e-06 201
4030 9.114769218533867e-06 201.5
4040 9.257447787695796e-06 202
4050 9.409928636237019e-06 202.5
4060 9.57105218125712e-06 203
4070 9.738971012258097e-06 203.5
4080 9.911449729671324e-06 204
4090 1.008609424020045e-05 204.5
4100 1.02604665486293e-05 205
4110 1.04318685242412e-05 205.5
4120 1.059778477308861e-05 206
4130 1.075485521776871e-05 206.5
4140 1.089966663025066e-05 207
4150 1.102933980826261e-05 207.5
4160 1.113785419569447e-05 208
4170 1.12195725428493e-05 208.5
4180 1.127063277060868e-05 209
4190 1.128843018625723e-05 209.5
4200 1.127069910297445e-05 210
4210 1.121725215523965e-05 210.5
4220 1.112763523152708e-05 211
4230 1.100042107984139e-05 211.5
4240 1.083533683455217e-05 212
4250 1.063446306076356e-05 212.5
4260 1.040141504231936e-05 213
4270 1.014157228345271e-05 213.5
4280 9.861883298954929e-06 214
4290 9.56900987905799e-06 214.5
4300 9.27129018955247e-06 215
4310 8.973892155410651e-06 215.5
4320 8.677196010363939e-06 216
4330 8.394879330772821e-06 216.5
4340 8.133099821393757e-06 217
4350 7.894233760543155e-06 217.5
4360 7.676598001728391e-06 218
4370 7.482596254887219e-06 218.5
4380 7.313665566632451e-06 219
4390 7.168679908657645e-06 219.5
4400 7.044323794166931e-06 220
4410 6.937851094822905e-06 220.5
4420 6.847775162076494e-06 221
4430 6.771766615870328e-06 221.5
4440 6.706926522785299e-06 222
4450 6.649441722402143e-06 222.5
4460 6.594195854269027e-06 223
4470 6.53860117242606e-06 223.5
4480 6.480784857337819e-06 224
4490 6.419673731870108e-06 224.5
4500 6.354141543473085e-06 225
4510 6.283482666001207e-06 225.5
4520 6.207612356873998e-06 226
4530 6.126988862849022e-06 226.5
4540 6.042685051254554e-06 227
4550 5.956204214208465e-06 227.5
4560 5.869146204158541e-06 228
4570 5.782890506670173e-06 228.5
4580 5.697989485191176e-06 229
4590 5.615980646536786e-06 229.5
4600 5.538758595762436e-06 230
4610 5.467982868722025e-06 230.5
4620 5.405048633542417e-06 231
4630 5.350855282298506e-06 231.5
4640 5.306197873167993e-06 232
4650 5.271548119501125e-06 232.5
4660 5.247351925017885e-06 233
4670 5.233014437377985e-06 233.5
4680 5.227638734523131e-06 234
4690 5.22969021635113e-06 234.5
4700 5.237996129907482e-06 235
4710 5.251546391041455e-06 235.5
4720 5.268805611831131e-06 236
4730 5.288778294803141e-06 236.5
4740 5.310138583447638e-06 237
4750 5.330344040565812e-06 237.5
4760 5.347845956607584e-06 238
4770 5.362281505489491e-06 238.5
4780 5.373199260749703e-06 239
4790 5.380193351746251e-06 239.5
4800 5.38314563249272e-06 240
4810 5.381813070888236e-06 240.5
4820 5.37412244019853e-06 241
4830 5.359293146779273e-06 241.5
4840 5.337910074560884e-06 242
4850 5.310590765004987e-06 242.5
4860 5.277729501714009e-06 243
4870 5.239736764324529e-06 243.5
4880 5.197268749840177e-06 244
4890 5.151143761484495e-06 244.5
4900 5.101993560932396e-06 245
4910 5.051238074988459e-06 245.5
4920 4.999906074656448e-06 246
4930 4.949006627862758e-06 246.5
4940 4.899267769591236e-06 247
4950 4.851680335666905e-06 247.5
4960 4.807463588278581e-06 248
4970 4.768056034107479e-06 248.5
4980 4.734182510678914e-06 249
4990 4.706059951229854e-06 249.5
5000 4.683619796557978e-06 250
