0 0 0
10 5.050856756053367e-49 0.5
20 5.383458811328631e-38 1
30 1.271544935590585e-38 1.5
40 5.009444383072498e-34 2
50 2.383198813467786e-32 2.5
60 7.830906528122455e-32 3
70 5.033252673838001e-31 3.5
80 8.117868962204876e-30 4
90 8.348089086981017e-28 4.5
100 8.203209522228086e-24 5
110 3.735355146185833e-23 5.5
120 9.916709586328341e-22 6
130 6.792414362306191e-21 6.5
140 4.299745332314076e-20 7
150 7.990235726289272e-19 7.5
160 8.190446199945924e-18 8
170 7.021313550927864e-17 8.5
180 3.288876557170448e-16 9
190 1.458895288850853e-15 9.5
200 8.462556241411655e-15 10
210 6.258040161275858e-14 10.5
220 2.688886755531668e-13 11
230 7.793327143656798e-13 11.5
240 1.895815258987031e-12 12
250 4.15315534160995e-12 12.5
260 8.120031453174364e-12 13
270 1.447755361424205e-11 13.5
280 2.41291371580129e-11 14
290 3.80813819335476e-11 14.5
300 5.74927275311864e-11 15
310 8.438217886181353e-11 15.5
320 1.234350297133831e-10 16
330 1.851768639178523e-10 16.5
340 2.911197313854677e-10 17
350 4.918141991930304e-10 17.5
360 9.136218108591605e-10 18
370 1.85081143847184e-09 18.5
380 3.911912011174633e-09 19
390 8.186972280189377e-09 19.5
400 1.636431737135469e-08 20
410 3.068672342567789e-08 20.5
420 5.361743888395618e-08 21
430 8.746201672449098e-08 21.5
440 1.342611789212592e-07 22
450 1.959312234580185e-07 22.5
460 2.7457449068994e-07 23
470 3.725725238561595e-07 23.5
480 4.925748352105129e-07 24
490 6.371630684735722e-07 24.5
500 8.088836416924747e-07 25
510 1.010780044268935e-06 25.5
520 1.246206900532597e-06 26
530 1.519250046126566e-06 26.5
540 1.834214698064062e-06 27
550 2.195156941744514e-06 27.5
560 2.605898283329119e-06 28
570 3.069774914173458e-06 28.5
580 3.588359365090656e-06 29
590 4.162500905497087e-06 29.5
600 4.791105073123763e-06 30
610 5.469051720065471e-06 30.5
620 6.192854925300595e-06 31
630 6.956582640606779e-06 31.5
640 7.753407052697184e-06 32
650 8.579716313988663e-06 32.5
660 9.429805602976617e-06 33
670 1.029735169998269e-05 33.5
680 1.118528025759565e-05 34
690 1.210046405626013e-05 34.5
700 1.305224807904208e-05 35
710 1.405102580740106e-05 35.5
720 1.511092226694586e-05 36
730 1.624889374288636e-05 36.5
740 1.748120069567871e-05 37
750 1.880846006295036e-05 37.5
760 2.022484494513934e-05 38
770 2.173000006269649e-05 38.5
780 2.333259974493884e-05 39
790 2.504935565555826e-05 39.5
800 2.68796549054148e-05 40
810 2.881042585408103e-05 40.5
820 3.081823589187667e-05 41
830 3.288224231702331e-05 41.5
840 3.499183544080637e-05 42
850 3.713593171886193e-05 42.5
860 3.929651866828047e-05 43
870 4.147099930382053e-05 43.5
880 4.364102340719422e-05 44
890 4.578990343246203e-05 44.5
900 4.791953370648857e-05 45
910 5.002319205274868e-05 45.5
920 5.208839551173311e-05 46
930 5.410984815198883e-05 46.5
940 5.609382550034978e-05 47
950 5.805103483421206e-05 47.5
960 5.998277043762622e-05 48
970 6.170111798930866e-05 48.5
980 6.358718257069591e-05 49
990 6.543553094881741e-05 49.5
1000 6.722627247364454e-05 50
1010 6.896109619310033e-05 50.5
1020 7.064838845163738e-05 51
1030 7.228674707939222e-05 51.5
1040 7.386873109400361e-05 52
1050 7.539307516313914e-05 52.5
1060 7.686426683503728e-05 53
1070 7.828249905609943e-05 53.5
1080 7.963775179880512e-05 54
1090 8.09228840292741e-05 54.5
1100 8.214509277758468e-05 55
1110 8.332456608606828e-05 55.5
1120 8.445631617071673e-05 56
1130 8.553070872936423e-05 56.5
1140 8.655325240972982e-05 57
1150 8.753931899300083e-05 57.5
1160 8.848097351846289e-05 58
1170 8.935747208735803e-05 58.5
1180 9.015915959109608e-05 59
1190 9.089723856540538e-05 59.5
1200 9.158201994911229e-05 60
1210 9.221786064699843e-05 60.5
1220 9.280027666636947e-05 61
1230 9.329825801083295e-05 61.5
1240 9.370084259882773e-05 62
1250 9.402141755146979e-05 62.5
1260 9.426029859268066e-05 63
1270 9.439739357995733e-05 63.5
1280 9.442845132936551e-05 64
1290 9.436250363798361e-05 64.5
1300 9.419549825431146e-05 65
1310 9.393347816837685e-05 65.5
1320 9.358140099668983e-05 66
1330 9.313582478856024e-05 66.5
1340 9.259884177157063e-05 67
1350 9.198367260618111e-05 67.5
1360 9.132286682676387e-05 68
1370 9.064609290583872e-05 68.5
1380 8.996596278956115e-05 69
1390 8.926747767353339e-05 69.5
1400 8.855727632254471e-05 70
1410 8.784740035769088e-05 70.5
1420 8.713685487815603e-05 71
1430 8.643608366098494e-05 71.5
1440 8.577700309046891e-05 72
1450 8.517785045799121e-05 72.5
1460 8.464339041110633e-05 73
1470 8.418670938649747e-05 73.5
1480 8.383242572572715e-05 74
1490 8.359638907534665e-05 74.5
1500 8.348863041461118e-05 75
1510 8.352029699081534e-05 75.5
1520 8.36984974962364e-05 76
1530 8.40322965828342e-05 76.5
1540 8.451746543485457e-05 77
1550 8.516431481307452e-05 77.5
1560 8.596902190055901e-05 78
1570 8.69291945469745e-05 78.5
1580 8.803547594831096e-05 79
1590 8.927256334063249e-05 79.5
1600 9.061930461726129e-05 80
1610 9.204685192358649e-05 80.5
1620 9.353577811231074e-05 81
1630 9.510020264673428e-05 81.5
1640 9.67427220538306e-05 82
1650 9.843349117434249e-05 82.5
1660 0.000100133178546308 83
1670 0.0001018002954927738 83.5
1680 0.0001034236929742737 84
1690 0.0001049891468326626 84.5
1700 0.0001064630471231849 85
1710 0.0001078314164473512 85.5
1720 0.0001090787513656664 86
1730 0.0001102092986573655 86.5
1740 0.0001112358689227685 87
1750 0.0001121505665225513 87.5
1760 0.0001129398467764492 88
1770 0.0001135957136390374 88.5
1780 0.0001141230704897457 89
1790 0.0001145336886979317 89.5
1800 0.000114827877907162 90
1810 0.0001149952835880528 90.5
1820 0.0001150202398116346 91
1830 0.0001149057993063625 91.5
1840 0.0001146615088599453 92
1850 0.0001143041822360588 92.5
1860 0.0001138633356611618 93
1870 0.000113358453530845 93.5
1880 0.0001128065066885879 94
1890 0.0001122254059314071 94.5
1900 0.0001116308169035871 95
1910 0.0001110437850115744 95.5
1920 0.0001104776859783207 96
1930 0.000109938142364051 96.5
1940 0.0001094308035551986 97
1950 0.0001089614020828588 97.5
1960 0.0001085364351870919 98
1970 0.0001081555877770886 98.5
1980 0.0001078237212368495 99
1990 0.0001075574747038969 99.5
2000 0.0001073731736677446 100
2010 0.0001072735307157678 100.5
2020 0.000107255782088554 101
2030 0.0001073143107880563 101.5
2040 0.0001074430890532366 102
2050 0.0001076362141115774 102.5
2060 0.00010788917837647 103
2070 0.0001081958569440363 103.5
2080 0.0001085505541584365 104
2090 0.0001089529650460297 104.5
2100 0.0001094058054289595 105
2110 0.0001099061814203568 105.5
2120 0.0001104521782157307 106
2130 0.0001110430599450637 106.5
2140 0.0001116794227512303 107
2150 0.0001123601915058086 107.5
2160 0.0001130856941016473 108
2170 0.0001138567893222249 108.5
2180 0.0001146794902269161 109
2190 0.000115560106308016 109.5
2200 0.0001164949342043757 110
2210 0.0001174759046424408 110.5
2220 0.0001185068468970066 111
2230 0.0001195910675294086 111.5
2240 0.0001207294621838822 112
2250 0.0001219343097913178 112.5
2260 0.0001232173942980625 113
2270 0.0001245858586568826 113.5
2280 0.0001260389071773956 114
2290 0.0001275723381755529 114.5
2300 0.0001291843334518688 115
2310 0.0001308672349062378 115.5
2320 0.000132612785578502 116
2330 0.0001344178664634982 116.5
2340 0.0001362865699496655 117
2350 0.0001382208654380232 117.5
2360 0.0001402133434644499 118
2370 0.0001422485687108283 118.5
2380 0.0001443199487064915 119
2390 0.0001464177130123387 119.5
2400 0.0001485258757555196 120
2410 0.0001506336377393219 120.5
2420 0.0001527325768327851 121
2430 0.0001548300331204445 121.5
2440 0.0001569203309267867 122
2450 0.00015898715147664 122.5
2460 0.0001610240584149376 123
2470 0.0001630279974378785 123.5
2480 0.0001649989069340565 124
2490 0.0001669391749207939 124.5
2500 0.0001688458930002243 125
2510 0.0001707107339227572 125.5
2520 0.0001725082100703599 126
2530 0.0001742240507168804 126.5
2540 0.0001758591521238631 127
2550 0.0001774270202807325 127.5
2560 0.0001789438405449997 128
2570 0.0001804124402904633 128.5
2580 0.0001818360762187418 129
2590 0.0001832103589933026 129.5
2600 0.0001845287772270995 130
2610 0.0001857896462495422 130.5
2620 0.0001870010920500757 131
2630 0.0001881722985646975 131.5
2640 0.0001893206231683653 132
2650 0.0001904527523843422 132.5
2660 0.0001915752586785598 133
2670 0.0001927003974189346 133.5
2680 0.0001938414223793787 134
2690 0.0001950052220660229 134.5
2700 0.0001961976011215336 135
2710 0.0001974221589058223 135.5
2720 0.0001986729080696656 136
2730 0.000199951997386964 136.5
2740 0.0002012654078493492 137
2750 0.0002026109764770073 137.5
2760 0.0002039855697895149 138
2770 0.0002053929205484192 138.5
2780 0.0002068468862228533 139
2790 0.0002083447161695616 139.5
2800 0.0002098792427741563 140
2810 0.0002114381253136438 140.5
2820 0.0002130031832460843 141
2830 0.0002145296740218397 141.5
2840 0.0002159661195996368 142
2850 0.0002172671839566521 142.5
2860 0.0002183906879372566 143
2870 0.0002193801759502981 143.5
2880 0.0002202526354029954 144
2890 0.0002209749227751733 144.5
2900 0.0002215116835252665 145
2910 0.0002218736650737735 145.5
2920 0.0002220594256498535 146
2930 0.0002220468275604533 146.5
2940 0.00022185300833832 147
2950 0.0002214944593908104 147.5
2960 0.0002210029690737966 148
2970 0.0002203988576017494 148.5
2980 0.0002197167642823273 149
2990 0.0002189587159972324 149.5
3000 0.0002181250650703979 150
3010 0.000217231988121911 150.5
3020 0.0002162853707022886 151
3030 0.0002153144527141607 151.5
3040 0.0002143404266726261 152
3050 0.0002133577873034112 152.5
3060 0.0002123566846523897 153
3070 0.000211332960036383 153.5
3080 0.0002102821082081679 154
3090 0.0002092041271143146 154.5
3100 0.0002080986469347838 155
3110 0.0002069792407761234 155.5
3120 0.0002058822008226995 156
3130 0.0002048353213301682 156.5
3140 0.0002038416458444728 157
3150 0.0002028840074365518 157.5
3160 0.0002019373729482689 158
3170 0.0002009717094471124 158.5
3180 0.0001999642121296609 159
3190 0.0001989082852366061 159.5
3200 0.0001978110046811428 160
3210 0.000196655903509448 160.5
3220 0.0001954727769433483 161
3230 0.0001942824564175613 161.5
3240 0.0001930521155177485 162
3250 0.0001917631743365145 162.5
3260 0.0001904053356474864 163
3270 0.0001889966460534383 163.5
3280 0.0001875872523781502 164
3290 0.0001862125676669201 164.5
3300 0.000184895625176349 165
3310 0.0001836469989080032 165.5
3320 0.0001824743728529993 166
3330 0.0001813759220628224 166.5
3340 0.00018035799378181 167
3350 0.0001794421140042247 167.5
3360 0.0001786541830597232 168
3370 0.0001779986601091138 168.5
3380 0.0001774683952588964 169
3390 0.0001770439887416856 169.5
3400 0.0001766856564105414 170
3410 0.0001763502808813898 170.5
3420 0.0001760227098022266 171
3430 0.0001757181619727844 171.5
3440 0.0001754281777363807 172
3450 0.0001751526928072724 172.5
3460 0.0001749013218747053 173
3470 0.0001746653146336508 173.5
3480 0.0001744214716847734 174
3490 0.0001741587556208162 174.5
3500 0.0001738757403205122 175
3510 0.0001735728823626981 175.5
3520 0.0001732406622621263 176
3530 0.0001728924807955826 176.5
3540 0.0001725478172107527 177
3550 0.0001722192140529368 177.5
3560 0.0001718998806977678 178
3570 0.0001715848220285934 178.5
3580 0.0001712551294606592 179
3590 0.0001708983149202271 179.5
3600 0.0001705236825056047 180
3610 0.0001701399847213346 180.5
3620 0.0001697448765471663 181
3630 0.0001693390505300391 181.5
3640 0.0001688983417616693 182
3650 0.0001684215700609338 182.5
3660 0.0001679448856181772 183
3670 0.0001674706095148575 183.5
3680 0.0001669959378519346 184
3690 0.0001665354257256305 184.5
3700 0.0001661127085614892 185
3710 0.0001657456725228023 185.5
3720 0.0001654419080308457 186
3730 0.0001651971587203205 186.5
3740 0.0001650215428760112 187
3750 0.0001649402364680378 187.5
3760 0.0001649617198116605 188
3770 0.000165097197059739 188.5
3780 0.0001653755690824486 189
3790 0.0001658453864644215 189.5
3800 0.0001665019012201117 190
3810 0.0001673315753393241 190.5
3820 0.000168322348675113 191
3830 0.0001694814887283276 191.5
3840 0.0001708041382057023 192
3850 0.0001722775200623737 192.5
3860 0.0001738852344862877 193
3870 0.0001756146384129434 193.5
3880 0.0001774624366046666 194
3890 0.0001794282407453818 194.5
3900 0.0001814823797897852 195
3910 0.0001836047256775744 195.5
3920 0.000185780935120488 196
3930 0.0001879897244105987 196.5
3940 0.0001902037269681659 197
3950 0.0001924278580843364 197.5
3960 0.0001946612152647739 198
3970 0.0001969037231733791 198.5
3980 0.0001991459053456192 199
3990 0.0002013608471298454 199.5
4000 0.0002035089176168084 200
4010 0.0002055715778900774 200.5
4020 0.0002075536937988456 201
4030 0.0002094329821569284 201.5
4040 0.0002111938846816156 202
4050 0.0002128390517460357 202.5
4060 0.0002143569741192508 203
4070 0.000215731764386768 203.5
4080 0.0002169446087103403 204
4090 0.0002180026632040962 204.5
4100 0.0002189343187586349 205
4110 0.000219749603637464 205.5
4120 0.0002204266765708149 206
4130 0.0002209390795796197 206.5
4140 0.0002212741519063782 207
4150 0.000221435089900809 207.5
4160 0.0002214425770570259 208
4170 0.0002213056629079097 208.5
4180 0.0002210511158612654 209
4190 0.0002207039242605419 209.5
4200 0.0002202777447088376 210
4210 0.0002197856294527901 210.5
4220 0.0002192442643031569 211
4230 0.0002187068735160739 211.5
4240 0.0002182430258695449 212
4250 0.0002179016032661735 212.5
4260 0.0002177110056804387 213
4270 0.0002177093008913414 213.5
4280 0.0002179377987696147 214
4290 0.0002184348996828824 214.5
4300 0.0002192324484854243 215
4310 0.0002203752881223755 215.5
4320 0.0002218711989280191 216
4330 0.000223746415627325 216.5
4340 0.0002260285898743718 217
4350 0.0002287162694339958 217.5
4360 0.0002318105522073772 218
4370 0.0002353993564878164 218.5
4380 0.000239467820781423 219
4390 0.0002439899438362323 219.5
4400 0.0002487594979513561 220
4410 0.0002537693654345688 220.5
4420 0.0002590144768093269 221
4430 0.0002644422554000379 221.5
4440 0.0002700364385351056 222
4450 0.0002757595336948591 222.5
4460 0.0002815430376648622 223
4470 0.000287322228685796 223.5
4480 0.0002930465443767573 224
4490 0.0002986900342823617 224.5
4500 0.0003042108405965516 225
4510 0.0003095492932585879 225.5
4520 0.0003146293278211727 226
4530 0.0003194440695250212 226.5
4540 0.0003239737523891876 227
4550 0.0003281867242400562 227.5
4560 0.0003320641734549806 228
4570 0.0003356047588218877 228.5
4580 0.0003388293488043625 229
4590 0.0003417612477380885 229.5
4600 0.0003444262473197595 230
4610 0.0003468259126968318 230.5
4620 0.0003489423284280216 231
4630 0.0003507949655200238 231.5
4640 0.0003524020768070826 232
4650 0.0003537881074657639 232.5
4660 0.0003549402388549198 233
4670 0.0003557953526728087 233.5
4680 0.0003565315235153742 234
4690 0.0003571924534154796 234.5
4700 0.0003577941920197248 235
4710 0.0003583234348533963 235.5
4720 0.000358746525744952 236
4730 0.0003590653609602568 236.5
4740 0.0003593123676459631 237
4750 0.0003595200668954075 237.5
4760 0.0003597034864811319 238
4770 0.0003598654281041087 238.5
4780 0.0003599848999057762 239
4790 0.0003600478934277836 239.5
4800 0.0003600724681110663 240
4810 0.0003600725830777707 240.5
4820 0.0003600559285298562 241
4830 0.0003600245479797883 241.5
4840 0.0003600117618829551 242
4850 0.0003600557111620764 242.5
4860 0.0003601425643956827 243
4870 0.0003602223015189313 243.5
4880 0.0003602830512270359 244
4890 0.0003603371532150901 244.5
4900 0.0003604003002974876 245
4910 0.0003604485174159425 245.5
4920 0.0003604681258623358 246
4930 0.0003605026698688744 246.5
4940 0.0003605647849550802 247
4950 0.0003606530179565898 247.5
4960 0.0003607290442234473 248
4970 0.0003607520835097694 248.5
4980 0.0003607111739632222 249
4990 0.0003606026465553659 249.5
5000 0.0003604086925641834 250
