0 0 0
10 8.926926960617518e-06 0.5
20 1.790014740272978e-05 1
30 2.687071183514817e-05 1.5
40 3.583659688570017e-05 2
50 4.479397665822605e-05 2.5
60 5.373868062941683e-05 3
70 6.26697909299281e-05 3.5
80 7.158922041639245e-05 4
90 8.049812734211113e-05 4.5
100 8.939944382750367e-05 5
110 9.830016154822798e-05 5.5
120 0.0001071930784752057 6
130 0.0001160659894116246 6.5
140 0.00012491932747295 7
150 0.0001337621626858035 7.5
160 0.0001426052943797768 8
170 0.0001514548063907646 8.5
180 0.0001603121983165676 9
190 0.000169177284795215 9.5
200 0.0001780476897459411 10
210 0.0001869201889902732 10.5
220 0.0001957912645052977 11
230 0.0002046604472071916 11.5
240 0.0002135250405775503 12
250 0.0002223847527613507 12.5
260 0.0002312366926849169 13
270 0.0002400766090836161 13.5
280 0.0002488970816562034 14
290 0.0002576858120235838 14.5
300 0.0002664282643667443 15
310 0.0002751093188709167 15.5
320 0.0002837170235739015 16
330 0.0002922400281910455 16.5
340 0.0003006725750174041 17
350 0.0003090118562646935 17.5
360 0.0003172496539999933 18
370 0.0003253757933945282 18.5
380 0.0003333817044903262 19
390 0.0003412622040547465 19.5
400 0.0003490168156825282 20
410 0.0003566506583467326 20.5
420 0.0003641672699720563 21
430 0.0003715743842594786 21.5
440 0.0003788797373820588 22
450 0.0003860893687345418 22.5
460 0.0003932085067855801 23
470 0.0004002318656446521 23.5
480 0.0004071606787387016 24
490 0.00041400298190233 24.5
500 0.0004207624018400685 25
510 0.0004274433020999749 25.5
520 0.000434049464410405 26
530 0.0004405825453587823 26.5
540 0.0004470422350578365 27
550 0.0004534286578121238 27.5
560 0.0004597436578186584 28
570 0.0004659887654808589 28.5
580 0.0004721654444847031 29
590 0.000478276730725791 29.5
600 0.000484325706209037 30
610 0.000490315491482487 30.5
620 0.0004962487821935941 31
630 0.0005021254441604881 31.5
640 0.0005079437450862157 32
650 0.0005137018084232846 32.5
660 0.000519396718703211 33
670 0.0005250252961813169 33.5
680 0.0005305854117025979 34
690 0.0005360761125750695 34.5
700 0.0005414971886130639 35
710 0.0005468473794277973 35.5
720 0.000552125472211358 36
730 0.0005573296820517361 36.5
740 0.0005624574156894731 37
750 0.0005675065566957161 37.5
760 0.0005724753582247532 38
770 0.0005773635431131214 38.5
780 0.0005821726520617134 39
790 0.0005869049572222487 39.5
800 0.0005915613472934675 40
810 0.0005961413215730876 40.5
820 0.0006006458940176916 41
830 0.0006050771109104321 41.5
840 0.0006094363417772387 42
850 0.0006137268216607981 42.5
860 0.000617953809464045 43
870 0.0006221220412405431 43.5
880 0.0006262330275446812 44
890 0.0006302885540292483 44.5
900 0.0006342926326132841 45
910 0.0006382484698758479 45.5
920 0.000642159148880286 46
930 0.0006460272060087484 46.5
940 0.0006498562444570546 47
950 0.000653652772783932 47.5
960 0.0006574193348014859 48
970 0.0006611531538963257 48.5
980 0.0006648472180013646 49
990 0.000668503247905424 49.5
1000 0.0006721220812335018 50
1010 0.0006757081885677228 50.5
1020 0.0006792654383505702 51
1030 0.0006827953462108694 51.5
1040 0.0006862974252205143 52
1050 0.0006897711864944487 52.5
1060 0.0006932159184300848 53
1070 0.0006966322310680307 53.5
1080 0.0007000220617670273 54
1090 0.0007033848700546525 54.5
1100 0.0007067189318174636 55
1110 0.0007100231489053714 55.5
1120 0.000713297608408035 56
1130 0.0007165434172950408 56.5
1140 0.000719761300796987 57
1150 0.0007229501836257379 57.5
1160 0.0007261102249207837 58
1170 0.0007292419410177106 58.5
1180 0.0007323445836343081 59
1190 0.0007354186215745075 59.5
1200 0.0007384652383854409 60
1210 0.0007414853330917297 60.5
1220 0.0007444796200934207 61
1230 0.0007474487805406757 61.5
1240 0.000750393297593499 62
1250 0.0007533134494960528 62.5
1260 0.0007562096855940606 63
1270 0.0007590818671939088 63.5
1280 0.0007619287763960454 64
1290 0.0007647487662415113 64.5
1300 0.0007675393819424291 65
1310 0.0007702974635449509 65.5
1320 0.0007730197140572463 66
1330 0.0007757038751400331 66.5
1340 0.0007783486782615718 67
1350 0.0007809529937171304 67.5
1360 0.0007835162532111656 68
1370 0.0007860372554739857 68.5
1380 0.0007885129464905199 69
1390 0.0007909432915288114 69.5
1400 0.0007933283484009845 70
1410 0.0007956676085334048 70.5
1420 0.000797960376907951 71
1430 0.0008002054943675438 71.5
1440 0.0008024002344110622 72
1450 0.0008045427998274732 72.5
1460 0.000806632818678796 73
1470 0.0008086691743288722 73.5
1480 0.0008106500990389785 74
1490 0.0008125725041051315 74.5
1500 0.0008144333839530702 75
1510 0.000816228887484132 75.5
1520 0.0008179572425956616 76
1530 0.0008196219211789762 76.5
1540 0.0008212272629081137 77
1550 0.0008227758362807805 77.5
1560 0.00082426910883399 78
1570 0.000825713511606017 78.5
1580 0.0008271128636381721 79
1590 0.0008284700063867029 79.5
1600 0.0008297874778969914 80
1610 0.0008310684528292071 80.5
1620 0.0008323157204893387 81
1630 0.0008335316786062451 81.5
1640 0.0008347205459925911 82
1650 0.0008358853431382945 82.5
1660 0.0008370288273565817 83
1670 0.0008381543134679242 83.5
1680 0.000839267076561538 84
1690 0.0008403713200760372 84.5
1700 0.0008414680733268322 85
1710 0.0008425570026129908 85.5
1720 0.0008436382930815806 86
1730 0.00084471335600798 86.5
1740 0.0008457849433246516 87
1750 0.0008468561781273401 87.5
1760 0.0008479288085278407 88
1770 0.0008490018836783953 88.5
1780 0.0008500746158715854 89
1790 0.0008511450851419899 89.5
1800 0.0008522124827658471 90
1810 0.0008532754260479328 90.5
1820 0.0008543327879924099 91
1830 0.0008553837285242217 91.5
1840 0.0008564283724325443 92
1850 0.000857467062968017 92.5
1860 0.0008584998230398161 93
1870 0.0008595259285428836 93.5
1880 0.0008605440412980327 94
1890 0.0008615541054742376 94.5
1900 0.0008625561811487379 95
1910 0.0008635511700300735 95.5
1920 0.0008645396303006673 96
1930 0.0008655217090627513 96.5
1940 0.0008664969812255209 97
1950 0.0008674665140882391 97.5
1960 0.0008684304592302092 98
1970 0.0008693887675796251 98.5
1980 0.0008703415498389323 99
1990 0.0008712890402404927 99.5
2000 0.0008722298432921247 100
2010 0.0008731629645775146 100.5
2020 0.0008740875939226486 101
2030 0.0008750041813806002 101.5
2040 0.0008759116800355645 102
2050 0.0008768090261122948 102.5
2060 0.0008776954725307493 103
2070 0.0008785695672461467 103.5
2080 0.0008794308186266396 104
2090 0.0008802783960382424 104.5
2100 0.0008811111856960735 105
2110 0.0008819292009922116 105.5
2120 0.0008827337312065289 106
2130 0.0008835261986186163 106.5
2140 0.000884306597747699 107
2150 0.0008850750705760395 107.5
2160 0.0008858302872376153 108
2170 0.0008865715101108984 108.5
2180 0.0008872990783134536 109
2190 0.0008880137043506504 109.5
2200 0.0008887174183835836 110
2210 0.0008894111555911841 110.5
2220 0.0008900944927603468 111
2230 0.0008907681352852235 111.5
2240 0.0008914321069425705 112
2250 0.0008920862905642909 112.5
2260 0.0008927298942043621 113
2270 0.0008933632497925397 113.5
2280 0.0008939859630078582 114
2290 0.0008945969118690805 114.5
2300 0.0008951948958748149 115
2310 0.0008957785935399876 115.5
2320 0.0008963477041787441 116
2330 0.0008969028598103508 116.5
2340 0.0008974439196246737 117
2350 0.0008979698505667028 117.5
2360 0.0008984811050669018 118
2370 0.0008989766020423014 118.5
2380 0.0008994543391365479 119
2390 0.0008999143287439413 119.5
2400 0.0009003572940603351 120
2410 0.0009007848931393962 120.5
2420 0.0009011983149405877 121
2430 0.0009015996856451841 121.5
2440 0.0009019921036167579 122
2450 0.0009023760906184804 122.5
2460 0.0009027523106730757 123
2470 0.0009031215706625934 123.5
2480 0.0009034844671728606 124
2490 0.0009038426415747849 124.5
2500 0.0009041985241014562 125
2510 0.0009045532683878359 125.5
2520 0.0009049079869771323 126
2530 0.0009052630736506072 126.5
2540 0.0009056200978765364 127
2550 0.0009059777362068225 127.5
2560 0.0009063341528929743 128
2570 0.0009066878234794754 128.5
2580 0.0009070386624919751 129
2590 0.000907385810498429 129.5
2600 0.0009077294035479466 130
2610 0.0009080690871768664 130.5
2620 0.0009084040194882384 131
2630 0.0009087347186874478 131.5
2640 0.0009090612148580316 132
2650 0.0009093828772684543 132.5
2660 0.0009097006067286391 133
2670 0.0009100142030691699 133.5
2680 0.0009103238066978461 134
2690 0.000910629190336878 134.5
2700 0.0009109303006948225 135
2710 0.0009112273445343237 135.5
2720 0.0009115194009562557 136
2730 0.0009118064190774582 136.5
2740 0.0009120889209039935 137
2750 0.0009123668373745979 137.5
2760 0.0009126395448979392 138
2770 0.000912906343089033 138.5
2780 0.0009131673406753047 139
2790 0.0009134222515080621 139.5
2800 0.0009136706431162067 140
2810 0.0009139118579020193 140.5
2820 0.0009141455138375848 141
2830 0.0009143719550089005 141.5
2840 0.0009145913481628388 142
2850 0.0009148043306455511 142.5
2860 0.0009150114982466345 143
2870 0.0009152125537544891 143.5
2880 0.0009154086953660297 144
2890 0.0009156012994661276 144.5
2900 0.0009157909221363263 145
2910 0.0009159789354278989 145.5
2920 0.0009161669063499851 146
2930 0.0009163580841046803 146.5
2940 0.0009165534866817533 147
2950 0.0009167538820512909 147.5
2960 0.0009169602371503056 148
2970 0.0009171737116830256 148.5
2980 0.000917394511769703 149
2990 0.0009176229790603478 149.5
3000 0.0009178594825392268 150
3010 0.0009181040551044956 150.5
3020 0.0009183552195896929 151
3030 0.0009186115509941537 151.5
3040 0.0009188732205860316 152
3050 0.0009191387093391084 152.5
3060 0.0009194078996980716 153
3070 0.0009196804659967681 153.5
3080 0.0009199568585513981 154
3090 0.0009202370435415399 154.5
3100 0.0009205196240087394 155
3110 0.0009208030585694079 155.5
3120 0.0009210868557571159 156
3130 0.0009213711983565241 156.5
3140 0.0009216573108813194 157
3150 0.000921945765566542 157.5
3160 0.0009222363905889712 158
3170 0.0009225285588294575 158.5
3180 0.0009228210975924734 159
3190 0.0009231146255993741 159.5
3200 0.0009234097794563758 160
3210 0.0009237076857024649 160.5
3220 0.0009240083576698393 161
3230 0.0009243115471960569 161.5
3240 0.0009246166402653537 162
3250 0.0009249228147466124 162.5
3260 0.0009252294618069815 163
3270 0.0009255359399027607 163.5
3280 0.0009258417203382083 164
3290 0.000926144980879538 164.5
3300 0.0009264442838396512 165
3310 0.0009267396847552368 165.5
3320 0.0009270333426751316 166
3330 0.0009273243439445988 166.5
3340 0.0009276104644905335 167
3350 0.0009278905514657499 167.5
3360 0.0009281654877914762 168
3370 0.0009284326801018172 168.5
3380 0.0009286927064842827 169
3390 0.0009289457707947413 169.5
3400 0.0009291939161590724 170
3410 0.0009294401649441135 170.5
3420 0.0009296862670811289 171
3430 0.0009299316863996312 171.5
3440 0.0009301748350063072 172
3450 0.0009304120486275437 172.5
3460 0.0009306392896714295 173
3470 0.0009308547038705069 173.5
3480 0.0009310567717890043 174
3490 0.0009312462639819491 174.5
3500 0.0009314235059594636 175
3510 0.0009315875393014159 175.5
3520 0.0009317377781788865 176
3530 0.0009318742380870613 176.5
3540 0.0009319961290574898 177
3550 0.0009321052647615554 177.5
3560 0.0009322030349698519 178
3570 0.0009322904472683747 178.5
3580 0.0009323668957573074 179
3590 0.0009324321710439157 179.5
3600 0.0009324868894113118 180
3610 0.0009325322521945279 180.5
3620 0.000932569952709953 181
3630 0.0009326021298459427 181.5
3640 0.0009326298321463048 182
3650 0.0009326538598528216 182.5
3660 0.0009326754942454394 183
3670 0.0009326954481159648 183.5
3680 0.0009327143904078599 184
3690 0.0009327316331700769 184.5
3700 0.0009327468673946195 185
3710 0.0009327594011665655 185.5
3720 0.0009327691627048925 186
3730 0.0009327756964369483 186.5
3740 0.0009327801184855303 187
3750 0.000932783469436754 187.5
3760 0.0009327858225303018 188
3770 0.000932788662892188 188.5
3780 0.0009327913361350263 189
3790 0.0009327931536100069 189.5
3800 0.0009327936784604454 190
3810 0.000932790284536788 190.5
3820 0.0009327790342487347 191
3830 0.0009327560594573633 191.5
3840 0.0009327203706947615 192
3850 0.0009326698128269955 192.5
3860 0.0009326018361533113 193
3870 0.000932514177961188 193.5
3880 0.0009324061199872826 194
3890 0.0009322781130033092 194.5
3900 0.0009321301502854009 195
3910 0.0009319602629306682 195.5
3920 0.0009317673944363047 196
3930 0.000931549824479787 196.5
3940 0.0009313057667282781 197
3950 0.0009310336273038288 197.5
3960 0.0009307338900820205 198
3970 0.0009304075256450601 198.5
3980 0.0009300560805865096 199
3990 0.0009296820829270471 199.5
4000 0.0009292871688464525 200
4010 0.0009288736724835511 200.5
4020 0.000928442558671547 201
4030 0.0009279940341441389 201.5
4040 0.0009275287974899404 202
4050 0.0009270490344776177 202.5
4060 0.0009265587204671724 203
4070 0.0009260616395131894 203.5
4080 0.0009255597836754023 204
4090 0.0009250559485527633 204.5
4100 0.0009245529428291136 205
4110 0.0009240540634704867 205.5
4120 0.0009235616097659193 206
4130 0.0009230743989265776 206.5
4140 0.0009225912559864868 207
4150 0.0009221130447424869 207.5
4160 0.0009216409113817355 208
4170 0.0009211761429312864 208.5
4180 0.0009207202190971289 209
4190 0.0009202767777819558 209.5
4200 0.0009198469542983936 210
4210 0.0009194310291649346 210.5
4220 0.0009190315172626057 211
4230 0.0009186500542859956 211.5
4240 0.0009182880554674537 212
4250 0.0009179462232800992 212.5
4260 0.0009176236470886937 213
4270 0.0009173196129662757 213.5
4280 0.0009170328811861501 214
4290 0.0009167641273241709 214.5
4300 0.0009165149781505317 215
4310 0.00091628729487383 215.5
4320 0.0009160804224519614 216
4330 0.00091589365410483 216.5
4340 0.0009157261036016242 217
4350 0.0009155758080841294 217.5
4360 0.0009154407064237037 218
4370 0.0009153185460865876 218.5
4380 0.0009152075303233771 219
4390 0.0009151057603544161 219.5
4400 0.0009150120551705451 220
4410 0.0009149251154243472 220.5
4420 0.0009148435221265938 221
4430 0.0009147652829286977 221.5
4440 0.0009146895706739912 222
4450 0.0009146150854213916 222.5
4460 0.0009145402830985232 223
4470 0.0009144626785700885 223.5
4480 0.0009143808531893599 224
4490 0.0009142925472838925 224.5
4500 0.0009141967284405456 225
4510 0.0009140936800672313 225.5
4520 0.0009139824614689544 226
4530 0.0009138627314604936 226.5
4540 0.0009137340609199377 227
4550 0.0009135972651454506 227.5
4560 0.0009134539386276454 228
4570 0.0009133048318832468 228.5
4580 0.0009131522959821555 229
4590 0.0009129988006493302 229.5
4600 0.000912846355291376 230
4610 0.0009126967087913162 230.5
4620 0.0009125511319466243 231
4630 0.0009124091976313172 231.5
4640 0.0009122715377918862 232
4650 0.0009121396102507041 232.5
4660 0.0009120146112413674 233
4670 0.0009118976848241615 233.5
4680 0.0009117908011084888 234
4690 0.0009116954511023893 234.5
4700 0.0009116146514002845 235
4710 0.0009115499381982551 235.5
4720 0.0009114976858486129 236
4730 0.0009114525074878307 236.5
4740 0.0009114110549077602 237
4750 0.0009113722061928195 237.5
4760 0.0009113351619545683 238
4770 0.0009112992775894575 238.5
4780 0.0009112647212182345 239
4790 0.0009112330526500666 239.5
4800 0.0009112061464626938 240
4810 0.000911183830826561 240.5
4820 0.0009111659009715756 241
4830 0.0009111528674555051 241.5
4840 0.0009111456498083444 242
4850 0.0009111433583591483 242.5
4860 0.0009111454266057891 243
4870 0.0009111524043987451 243.5
4880 0.0009111647832192739 244
4890 0.0009111827654557289 244.5
4900 0.0009112065428920987 245
4910 0.0009112341717096241 245.5
4920 0.0009112631948562882 246
4930 0.0009112894275277812 246.5
4940 0.0009113114885005124 247
4950 0.00091132783661301 247.5
4960 0.0009113378064460319 248
4970 0.0009113408000062025 248.5
4980 0.0009113368377461885 249
4990 0.0009113259012315338 249.5
5000 0.0009113091175232461 250
