0 0 0
10 0.08862056748661823 0.5
20 0.0917824499262837 1
30 0.09197768335210499 1.5
40 0.0919977135555846 2
50 0.0919998018767014 2.5
60 0.09201477763063504 3
70 0.09201196704599789 3.5
80 0.09202736320548069 4
90 0.09206718741367281 4.5
100 0.0920994796668051 5
110 0.0921143742404333 5.5
120 0.09212148759470594 6
130 0.09214877347344287 6.5
140 0.09219406836256346 7
150 0.09222851708429533 7.5
160 0.09223556494402267 8
170 0.09221137839016016 8.5
180 0.09218072339136894 9
190 0.09215135622327185 9.5
200 0.09213558758262086 10
210 0.09213582785820086 10.5
220 0.09214291207870055 11
230 0.09214789856534809 11.5
240 0.09336355416844493 12
250 0.09484026029696832 12.5
260 0.09569195523084421 13
270 0.09587344208308554 13.5
280 0.09618991946569162 14
290 0.0967146796876579 14.5
300 0.09693557036454378 15
310 0.09679488377306647 15.5
320 0.09652727786723855 16
330 0.09619264561763825 16.5
340 0.09584249461461558 17
350 0.0955108323720722 17.5
360 0.09516802865294696 18
370 0.09489470366161619 18.5
380 0.09485554240444596 19
390 0.09506996803111073 19.5
400 0.09531019332046825 20
410 0.09543899810259054 20.5
420 0.09556447342640126 21
430 0.09583094380639946 21.5
440 0.09619973141330228 22
450 0.09653162375988457 22.5
460 0.09675092442200538 23
470 0.0968341811759053 23.5
480 0.09673348977089208 24
490 0.09651842840781331 24.5
500 0.09630867901511911 25
510 0.09608963034913814 25.5
520 0.09581055073074536 26
530 0.09550485502084129 26.5
540 0.0951663437120388 27
550 0.09473366766959412 27.5
560 0.0942120968864039 28
570 0.09367038944494785 28.5
580 0.09324755858018184 29
590 0.09284088514887988 29.5
600 0.09239640775122886 30
610 0.09214764840027624 30.5
620 0.09214511148983555 31
630 0.09214243344856334 31.5
640 0.09214047119870365 32
650 0.0921395658310275 32.5
660 0.09214021082579642 33
670 0.09214222536462868 33.5
680 0.09214465075650548 34
690 0.09214679433281069 34.5
700 0.09242219601519081 35
710 0.09289333822442336 35.5
720 0.09333811074880262 36
730 0.09369479224380338 36.5
740 0.0939802272147157 37
750 0.0941373681304143 37.5
760 0.09417482321510005 38
770 0.0941202896595581 38.5
780 0.09406145188169998 39
790 0.09403922091293943 39.5
800 0.09405819674878971 40
810 0.09411842444827037 40.5
820 0.09420567047585476 41
830 0.09427809882543893 41.5
840 0.09430969245847672 42
850 0.09431197662686777 42.5
860 0.09427204181135408 43
870 0.09417460077043459 43.5
880 0.09405298949039213 44
890 0.09392364433509924 44.5
900 0.09381971481302991 45
910 0.09369730478944323 45.5
920 0.09353681061279993 46
930 0.09334493539924638 46.5
940 0.0930778365879833 47
950 0.09272548764789783 47.5
960 0.0923182605665946 48
970 0.09215708716846402 48.5
980 0.09215639122474445 49
990 0.09215634914415696 49.5
1000 0.09215663968170822 50
1010 0.09215360016069463 50.5
1020 0.09214453895724638 51
1030 0.09213020478275966 51.5
1040 0.09211285285663509 52
1050 0.09210463608183014 52.5
1060 0.09210793931463571 53
1070 0.09211242514103984 53.5
1080 0.09211735380929563 54
1090 0.09212229839055371 54.5
1100 0.0921265664376123 55
1110 0.09212975765295392 55.5
1120 0.0921311521892459 56
1130 0.09213277776067523 56.5
1140 0.09216103534831274 57
1150 0.09216676370031147 57.5
1160 0.09215618732609766 58
1170 0.09213647525411961 58.5
1180 0.09213307853512179 59
1190 0.09214251360935291 59.5
1200 0.0921508284136683 60
1210 0.09215792364283272 60.5
1220 0.09216382395299251 61
1230 0.09216862671036311 61.5
1240 0.09217252516867247 62
1250 0.09217576332082802 62.5
1260 0.09217837945032795 63
1270 0.09218014063955021 63.5
1280 0.09218079637009965 64
1290 0.09218030988403676 64.5
1300 0.09217873667832728 65
1310 0.09217563424720672 65.5
1320 0.09216993406448071 66
1330 0.09216031047576849 66.5
1340 0.09214561893500756 67
1350 0.09212498872536061 67.5
1360 0.09210245969839716 68
1370 0.09209771840524128 68.5
1380 0.09210075014440097 69
1390 0.09210382070556052 69.5
1400 0.09210686211352836 70
1410 0.09210980215475963 70.5
1420 0.09211250769727462 71
1430 0.09211480108201979 71.5
1440 0.09211650156829446 72
1450 0.09211741614357025 72.5
1460 0.09211742128482379 73
1470 0.09211656846286267 73.5
1480 0.09211494704707944 74
1490 0.09211264189390286 74.5
1500 0.09210978066686315 75
1510 0.09212972247802817 75.5
1520 0.09241057648491548 76
1530 0.09266253680226735 76.5
1540 0.09286865010406226 77
1550 0.09302737932450927 77.5
1560 0.09312392804301138 78
1570 0.09314612685354642 78.5
1580 0.09309742673192366 79
1590 0.0929707668093559 79.5
1600 0.09279796483441154 80
1610 0.09257025430349775 80.5
1620 0.09228083094522783 81
1630 0.09206977521260649 81.5
1640 0.09206796385936827 82
1650 0.09206828561776699 82.5
1660 0.09206936902176661 83
1670 0.09207001132792775 83.5
1680 0.09206911012190327 84
1690 0.09206706930979214 84.5
1700 0.09206499006387475 85
1710 0.09206336000458372 85.5
1720 0.09206255680502926 86
1730 0.09206175183634949 86.5
1740 0.09206151025509436 87
1750 0.09206330782213699 87.5
1760 0.09206842419234164 88
1770 0.09207640446450061 88.5
1780 0.09208503362003476 89
1790 0.09209278968480322 89.5
1800 0.09209938957282905 90
1810 0.09210652254236518 90.5
1820 0.09211589598285741 91
1830 0.09212478465005838 91.5
1840 0.09213294390355059 92
1850 0.09213982844705863 92.5
1860 0.09214455832502688 93
1870 0.09214658311499707 93.5
1880 0.09214586859154399 94
1890 0.09214279069097858 94.5
1900 0.09213827302028385 95
1910 0.09213324494566114 95.5
1920 0.09212818638650147 96
1930 0.09212335308492121 96.5
1940 0.09211897259627279 97
1950 0.09211523066554884 97.5
1960 0.09211219421215373 98
1970 0.09210986923380754 98.5
1980 0.09210828995254039 99
1990 0.0921075722564501 99.5
2000 0.09210784251004102 100
2010 0.09227023426350987 100.5
2020 0.09241256365133974 101
2030 0.0924985585400063 101.5
2040 0.09253565354692984 102
2050 0.09253654093078652 102.5
2060 0.09261357375279855 103
2070 0.09271139359997016 103.5
2080 0.09275476947726127 104
2090 0.0927559934299457 104.5
2100 0.09270710140827303 105
2110 0.09260805461058064 105.5
2120 0.09246809123356149 106
2130 0.09230535805865557 106.5
2140 0.09216098723663518 107
2150 0.09216237629034355 107.5
2160 0.09216365569780015 108
2170 0.09216473023704988 108.5
2180 0.09216534891530619 109
2190 0.09216514444896091 109.5
2200 0.09216402102664685 110
2210 0.09216220671350536 110.5
2220 0.09216007039978243 111
2230 0.09215794738597251 111.5
2240 0.09215619895202169 112
2250 0.09215520636767437 112.5
2260 0.09215510395451898 113
2270 0.09215594049524932 113.5
2280 0.09215803440273318 114
2290 0.09216147336285344 114.5
2300 0.09216576245213838 115
2310 0.09217040478785174 115.5
2320 0.0921753431005542 116
2330 0.09218084483400218 116.5
2340 0.09218671267206607 117
2350 0.09219260198843524 117.5
2360 0.09219867727348752 118
2370 0.09220489023362421 118.5
2380 0.09221102609696318 119
2390 0.09221716433866724 119.5
2400 0.09222359832639485 120
2410 0.09223029426349337 120.5
2420 0.0922373531164896 121
2430 0.09224421976185557 121.5
2440 0.09225011501758566 122
2450 0.09225392205659273 122.5
2460 0.09225405511508318 123
2470 0.09224914831198283 123.5
2480 0.09223861834285585 124
2490 0.09222260333370398 124.5
2500 0.09220247417466539 125
2510 0.09218013332889617 125.5
2520 0.09215722087733934 126
2530 0.09213646989516046 126.5
2540 0.09211992889487002 127
2550 0.09210826887872522 127.5
2560 0.09210114392522757 128
2570 0.09209777529036645 128.5
2580 0.09209428653568202 129
2590 0.09208478584512263 129.5
2600 0.09206628541023451 130
2610 0.09203823370431446 130.5
2620 0.09203218485113121 131
2630 0.09203199701892514 131.5
2640 0.09203432867954389 132
2650 0.09203693066599088 132.5
2660 0.09203961945312643 133
2670 0.09204225328103584 133.5
2680 0.09204478218814352 134
2690 0.092046977821718 134.5
2700 0.09204877618262898 135
2710 0.09205022386701202 135.5
2720 0.09205115777515166 136
2730 0.09205211578593635 136.5
2740 0.0920574312544216 137
2750 0.09206199220043007 137.5
2760 0.09206446146117858 138
2770 0.09206442527039684 138.5
2780 0.09206217853500327 139
2790 0.09205864758805529 139.5
2800 0.09205461667206405 140
2810 0.09205074683705006 140.5
2820 0.09204742239752327 141
2830 0.09204482188183494 141.5
2840 0.09204294411881069 142
2850 0.09204162677448212 142.5
2860 0.09204070665068863 143
2870 0.09212258763632561 143.5
2880 0.09209785077626041 144
2890 0.09205582475904528 144.5
2900 0.09206682328739005 145
2910 0.09207424250109975 145.5
2920 0.0920621255805439 146
2930 0.09207410367591286 146.5
2940 0.09210634638066867 147
2950 0.09211933937227136 147.5
2960 0.09208952054971255 148
2970 0.09203897559561751 148.5
2980 0.09204046685796474 149
2990 0.0920422686576895 149.5
3000 0.09204421309179105 150
3010 0.09204615052345082 150.5
3020 0.09204783693113175 151
3030 0.09204902150153257 151.5
3040 0.09213427698124964 152
3050 0.09231515996510407 152.5
3060 0.0925049054144078 153
3070 0.09268041418590214 153.5
3080 0.09282804428614193 154
3090 0.09294928341142936 154.5
3100 0.09305265410288266 155
3110 0.09314078807329268 155.5
3120 0.09320476691916037 156
3130 0.09323904077628732 156.5
3140 0.09324650056110283 157
3150 0.09323137473467884 157.5
3160 0.09319535713451618 158
3170 0.09313938391665565 158.5
3180 0.09306482623055513 159
3190 0.09297154630590071 159.5
3200 0.09286158110887067 160
3210 0.09273759934427256 160.5
3220 0.09260482573871322 161
3230 0.09244623923633469 161.5
3240 0.09224373506339258 162
3250 0.09204686861673726 162.5
3260 0.09202581400921775 163
3270 0.09202497923446094 163.5
3280 0.09202407796483864 164
3290 0.09202314058334893 164.5
3300 0.09202301698303349 165
3310 0.0920231516452804 165.5
3320 0.09203779777729916 166
3330 0.09205389577780379 166.5
3340 0.09207004317775164 167
3350 0.09208599222570543 167.5
3360 0.09209779475300521 168
3370 0.09210129600539906 168.5
3380 0.09210121976277451 169
3390 0.09210891368925775 169.5
3400 0.09211566664209586 170
3410 0.09212085089841253 170.5
3420 0.09212162146542108 171
3430 0.09211709296012795 171.5
3440 0.09211353250542784 172
3450 0.09212071204242545 172.5
3460 0.09211947844425121 173
3470 0.0921112943070687 173.5
3480 0.09210710680027989 174
3490 0.09210736083754394 174.5
3500 0.09210555900509673 175
3510 0.09210288322266613 175.5
3520 0.09210037843002115 176
3530 0.09209810773450866 176.5
3540 0.09209609998038849 177
3550 0.09209436293335443 177.5
3560 0.09209284554543766 178
3570 0.09209176732037924 178.5
3580 0.09209132544716726 179
3590 0.09209133217944254 179.5
3600 0.09209162178855136 180
3610 0.09228457739823787 180.5
3620 0.09250484652578875 181
3630 0.09271439299629851 181.5
3640 0.09287742446173633 182
3650 0.09297191767618515 182.5
3660 0.09297377992804465 183
3670 0.09288348029844024 183.5
3680 0.09270926687241135 184
3690 0.0923312536375603 184.5
3700 0.0925523502519937 185
3710 0.09276966566232532 185.5
3720 0.09298071225414296 186
3730 0.09318878264847151 186.5
3740 0.09339938133325526 187
3750 0.09361812860760188 187.5
3760 0.09384853686444058 188
3770 0.09408566669457551 188.5
3780 0.09431384160398291 189
3790 0.09451392893709842 189.5
3800 0.09466780759131602 190
3810 0.09476819981867815 190.5
3820 0.09482187232916349 191
3830 0.09484035910192064 191.5
3840 0.09483278466670463 192
3850 0.09480316193631087 192.5
3860 0.09475103618289042 193
3870 0.09467344520757855 193.5
3880 0.09456867593100685 194
3890 0.09443499128337692 194.5
3900 0.09427293490184882 195
3910 0.09411054211106258 195.5
3920 0.09394718856549326 196
3930 0.09377621743206387 196.5
3940 0.09359455456683187 197
3950 0.09339965382917563 197.5
3960 0.09319241461859776 198
3970 0.09297930820944603 198.5
3980 0.09276939047317974 199
3990 0.09257125680372401 199.5
4000 0.09238960487347485 200
4010 0.09222144460013959 200.5
4020 0.09208340872629016 201
4030 0.09208540797498856 201.5
4040 0.09249176143798445 202
4050 0.09357790529592781 202.5
4060 0.09460589167062147 203
4070 0.09558829049822122 203.5
4080 0.09652523624600401 204
4090 0.09741638376446461 204.5
4100 0.09828289748287097 205
4110 0.09912948301066761 205.5
4120 0.09949141083675107 206
4130 0.0991783982442643 206.5
4140 0.09891704433305802 207
4150 0.09885595400135025 207.5
4160 0.09887916689516037 208
4170 0.0988473292580367 208.5
4180 0.09878818896556896 209
4190 0.09874975430469871 209.5
4200 0.09874588499651682 210
4210 0.09877497964736497 210.5
4220 0.09879858033338321 211
4230 0.09879070873783111 211.5
4240 0.09875620040125895 212
4250 0.09869339670945483 212.5
4260 0.09860462057785221 213
4270 0.09847946435678795 213.5
4280 0.09830558995669114 214
4290 0.09809619761261448 214.5
4300 0.09787490858282571 215
4310 0.09766221566751196 215.5
4320 0.09745993255899514 216
4330 0.09727173105732057 216.5
4340 0.09706218425934741 217
4350 0.09666967865923169 217.5
4360 0.09624380943876819 218
4370 0.09588628761782261 218.5
4380 0.09559958549836821 219
4390 0.09537711369006908 219.5
4400 0.09526190306973693 220
4410 0.09524083006251567 220.5
4420 0.09530411236731162 221
4430 0.09548781043415705 221.5
4440 0.09578260246984092 222
4450 0.09610239646055439 222.5
4460 0.09631422655768032 223
4470 0.09644737203141254 223.5
4480 0.09655130406349494 224
4490 0.09661742386658088 224.5
4500 0.0966160896304404 225
4510 0.09653720954775279 225.5
4520 0.09638703421165609 226
4530 0.09620051879587155 226.5
4540 0.09600006659907037 227
4550 0.0958181333465976 227.5
4560 0.09568286070437836 228
4570 0.09560609444689187 228.5
4580 0.09558697021290875 229
4590 0.09561679218106302 229.5
4600 0.0957127463278281 230
4610 0.09590574294493659 230.5
4620 0.09622470706807611 231
4630 0.09668846261120623 231.5
4640 0.09728974979620691 232
4650 0.09796248688236414 232.5
4660 0.09872942625224804 233
4670 0.0991282763995521 233.5
4680 0.09923179621445477 234
4690 0.0992001850785821 234.5
4700 0.09906851167611767 235
4710 0.09888552479235935 235.5
4720 0.09864791633585716 236
4730 0.0983565921205166 236.5
4740 0.09801991876567544 237
4750 0.09764018059753549 237.5
4760 0.09722393910452434 238
4770 0.09676610101259236 238.5
4780 0.09629376386312764 239
4790 0.09582632364743872 239.5
4800 0.09537073459702645 240
4810 0.09494313789927059 240.5
4820 0.09455304653385728 241
4830 0.09420984678339178 241.5
4840 0.09390922223625553 242
4850 0.09363468004853678 242.5
4860 0.09338391434506503 243
4870 0.09317131739626851 243.5
4880 0.09303510033380927 244
4890 0.09307094067317666 244.5
4900 0.09309882704606599 245
4910 0.09311828760057329 245.5
4920 0.093129205335725 246
4930 0.09313162620269697 246.5
4940 0.09312556361986607 247
4950 0.09311073491740569 247.5
4960 0.09308606590039453 248
4970 0.09304924597160975 248.5
4980 0.09299951257655824 249
4990 0.09293794261626294 249.5
5000 0.09286610935263662 250
