0 0 0
10 3.916491614454317e-51 0.5
20 1.775523394022928e-42 1
30 1.325320043032022e-39 1.5
40 8.984109152515351e-36 2
50 8.864311388305005e-35 2.5
60 3.741092658163128e-33 3
70 4.846164699858857e-30 3.5
80 2.560148611648226e-28 4
90 2.441093197692504e-27 4.5
100 5.967237303498441e-27 5
110 9.361197270528934e-26 5.5
120 6.932607892390148e-25 6
130 4.819607991624927e-22 6.5
140 9.460848348343668e-20 7
150 1.790742384240576e-17 7.5
160 7.856098027949396e-16 8
170 2.60121823218239e-14 8.5
180 8.291776064321467e-13 9
190 1.469947921508307e-11 9.5
200 1.476990482984155e-10 10
210 9.813949327739856e-10 10.5
220 5.180507354799699e-09 11
230 2.417681424823482e-08 11.5
240 9.318263846565696e-08 12
250 2.696116965536766e-07 12.5
260 5.910932814354393e-07 13
270 1.051835236569349e-06 13.5
280 1.618106383277963e-06 14
290 2.279866426036626e-06 14.5
300 3.06696128662649e-06 15
310 4.015932750119355e-06 15.5
320 5.181482084893434e-06 16
330 6.598657820350088e-06 16.5
340 8.257593806219201e-06 17
350 1.010652635929769e-05 17.5
360 1.204877017122463e-05 18
370 1.397473130635927e-05 18.5
380 1.580299883156992e-05 19
390 1.74854159757377e-05 19.5
400 1.903716170786468e-05 20
410 2.05715649424464e-05 20.5
420 2.230003058370428e-05 21
430 2.451574063263327e-05 21.5
440 2.755176750142072e-05 22
450 3.174363388372747e-05 22.5
460 3.734365404080972e-05 23
470 4.448705697086376e-05 23.5
480 5.326247385477916e-05 24
490 6.353724308085327e-05 24.5
500 7.506208050045817e-05 25
510 8.752853602748483e-05 25.5
520 0.0001006048662627785 26
530 0.0001139751066997773 26.5
540 0.00012736492045287 27
550 0.0001406247629957666 27.5
560 0.0001537350945672422 28
570 0.0001666878943389621 28.5
580 0.000179489840442633 29
590 0.0001922330007635213 29.5
600 0.00020496913915211 30
610 0.0002176686925722469 30.5
620 0.0002302869971893856 31
630 0.0002428047331898124 31.5
640 0.0002552655098885271 32
650 0.0002677267032205535 32.5
660 0.0002801067532198007 33
670 0.0002922809070519511 33.5
680 0.0003040911557176738 34
690 0.0003154693102902709 34.5
700 0.0003264502935563574 35
710 0.0003371722999543176 35.5
720 0.0003479049203426609 36
730 0.0003590595761548586 36.5
740 0.0003709181632627847 37
750 0.0003836619387965352 37.5
760 0.0003975046582711639 38
770 0.0004126532725690621 38.5
780 0.0004293313014161066 39
790 0.0004478120399226985 39.5
800 0.0004686206639457607 40
810 0.0004924988190695604 40.5
820 0.0005202651755213432 41
830 0.0005528124172869449 41.5
840 0.0005911287833794843 42
850 0.0006360126480783274 42.5
860 0.0006877290366518785 43
870 0.000745927912332316 43.5
880 0.0008097171299807472 44
890 0.0008774860367388622 44.5
900 0.0009471328114643933 45
910 0.001016336648660454 45.5
920 0.001083029069564088 46
930 0.001145335708797981 46.5
940 0.001202001364115879 47
950 0.001252703112284884 47.5
960 0.001297761351377166 48
970 0.001337834592817778 48.5
980 0.001373597456953288 49
990 0.001405371162793323 49.5
1000 0.001433330400373319 50
1010 0.001457823818424443 50.5
1020 0.001479065581111238 51
1030 0.001497260732099738 51.5
1040 0.001512607299598389 52
1050 0.00152546522288093 52.5
1060 0.001535997204820388 53
1070 0.001544428811469077 53.5
1080 0.001551037780979311 54
1090 0.001556057507735818 54.5
1100 0.001560045709036153 55
1110 0.001563764718455891 55.5
1120 0.001568150989865298 56
1130 0.001573823505453323 56.5
1140 0.001581375722055298 57
1150 0.001591366556471252 57.5
1160 0.001604251916964851 58
1170 0.001621129250740377 58.5
1180 0.001642622422231587 59
1190 0.001669069135547998 59.5
1200 0.001700885650451437 60
1210 0.001738181182266331 60.5
1220 0.001780725635006245 61
1230 0.001827811408599762 61.5
1240 0.001878197082737069 62
1250 0.001930500519111078 62.5
1260 0.001983365632349945 63
1270 0.002035290213444533 63.5
1280 0.002084700606872946 64
1290 0.002130210657849166 64.5
1300 0.002170649787481479 65
1310 0.002204627447834339 65.5
1320 0.002231596651469306 66
1330 0.002251749028920952 66.5
1340 0.002265593885167687 67
1350 0.002274106723725705 67.5
1360 0.002277797200648939 68
1370 0.002276623008003991 68.5
1380 0.00227096897962463 69
1390 0.002261880881802118 69.5
1400 0.002250034142253801 70
1410 0.002235024289227967 70.5
1420 0.002217141136301866 71
1430 0.002196844680236481 71.5
1440 0.002174653376110329 72
1450 0.002151261131599193 72.5
1460 0.002127403007507168 73
1470 0.002103307587141418 73.5
1480 0.002079319179126602 74
1490 0.002054937967364609 74.5
1500 0.002030233881114596 75
1510 0.00200591018533565 75.5
1520 0.001982208743223823 76
1530 0.001959527717216899 76.5
1540 0.001938838379315271 77
1550 0.001921285115931247 77.5
1560 0.001908942756059261 78
1570 0.001904781517542742 78.5
1580 0.001913765658893988 79
1590 0.001941547767913371 79.5
1600 0.001992906344781506 80
1610 0.002069190934959763 80.5
1620 0.002165689099063075 81
1630 0.002275295130123257 81.5
1640 0.002392580821110345 82
1650 0.002507310042440049 82.5
1660 0.002612450498912743 83
1670 0.00270455124647896 83.5
1680 0.002781775580245517 84
1690 0.00284485889078353 84.5
1700 0.002895461338740752 85
1710 0.002936274380753636 85.5
1720 0.00297046111923624 86
1730 0.003000621810429778 86.5
1740 0.00302872046202661 87
1750 0.003056097071669515 87.5
1760 0.003084158345386436 88
1770 0.003113939025538079 88.5
1780 0.003145679179560306 89
1790 0.003179358257577737 89.5
1800 0.00321460784945546 90
1810 0.003250516367268955 90.5
1820 0.003286029656671507 91
1830 0.00332029922460626 91.5
1840 0.003352380903604602 92
1850 0.003380883352287545 92.5
1860 0.003404875579827641 93
1870 0.003424527887949049 93.5
1880 0.003440381850348895 94
1890 0.003452542321674903 94.5
1900 0.003460534721265738 95
1910 0.003464520859437401 95.5
1920 0.003464658554173607 96
1930 0.003460514947527304 96.5
1940 0.003451681184507648 97
1950 0.003437708837968758 97.5
1960 0.003418630168976793 98
1970 0.003395308710626126 98.5
1980 0.003369624465022856 99
1990 0.003343120978053656 99.5
2000 0.003317405795484046 100
2010 0.003293834389374009 100.5
2020 0.003274252802487856 101
2030 0.00326094629048009 101.5
2040 0.003255726408500542 102
2050 0.003259682548715691 102.5
2060 0.003272364556213832 103
2070 0.00329268970941018 103.5
2080 0.003318741729932952 104
2090 0.003347872485985456 104.5
2100 0.003377177151105475 105
2110 0.003405449270024464 105.5
2120 0.00343176694317806 106
2130 0.003454254642435337 106.5
2140 0.003471158892622774 107
2150 0.00348158132249553 107.5
2160 0.003485616545764123 108
2170 0.003484303857215417 108.5
2180 0.003479162941680584 109
2190 0.003471319406238734 109.5
2200 0.003461598047156588 110
2210 0.00345021746976592 110.5
2220 0.003437291501923541 111
2230 0.003422626075101055 111.5
2240 0.003405788161529717 112
2250 0.003386260493649648 112.5
2260 0.003363243221936836 113
2270 0.003335857549862605 113.5
2280 0.003303424423097319 114
2290 0.00326611452373099 114.5
2300 0.003224290902269047 115
2310 0.003178598182773606 115.5
2320 0.003130246692066027 116
2330 0.003081024470043204 116.5
2340 0.003032308674264483 117
2350 0.002984803828363286 117.5
2360 0.002938670622366254 118
2370 0.002894732865754285 118.5
2380 0.002853901374512161 119
2390 0.002815807543582807 119.5
2400 0.002779924715565491 120
2410 0.00274684351676881 120.5
2420 0.002716340185523398 121
2430 0.002687884953185025 121.5
2440 0.002660405625734908 122
2450 0.002632660608743327 122.5
2460 0.002604031003495566 123
2470 0.002574891285154703 123.5
2480 0.002545993785751148 124
2490 0.002517669331434344 124.5
2500 0.002490149508269833 125
2510 0.002463734871653387 125.5
2520 0.00243910042064652 126
2530 0.002416901476914882 126.5
2540 0.002398283356885829 127
2550 0.002384071514316152 127.5
2560 0.002374905818696147 128
2570 0.002371315658998761 128.5
2580 0.0023735136654482 129
2590 0.00238118633165593 129.5
2600 0.002394461657687706 130
2610 0.00241299127653655 130.5
2620 0.002436276839620036 131
2630 0.002463498380520021 131.5
2640 0.002493828774171265 132
2650 0.002526462616615369 132.5
2660 0.002560694128695344 133
2670 0.002595385990695981 133.5
2680 0.002629577077035415 134
2690 0.002662610101908902 134.5
2700 0.002694135103355881 135
2710 0.002724514121490204 135.5
2720 0.002753572055659023 136
2730 0.002781232430525674 136.5
2740 0.002807341306369035 137
2750 0.002830736838564745 137.5
2760 0.002848878700359895 138
2770 0.002857276050109009 138.5
2780 0.002852155584476862 139
2790 0.002831929576051125 139.5
2800 0.002799450070395905 140
2810 0.00276017375202199 140.5
2820 0.002714957153897589 141
2830 0.002664226603987509 141.5
2840 0.00261111342531457 142
2850 0.002559640636248542 142.5
2860 0.00251186555918663 143
2870 0.002467902926138029 143.5
2880 0.002424921792602687 144
2890 0.002376987352788559 144.5
2900 0.002321259138479119 145
2910 0.002258668276302312 145.5
2920 0.002192369206991297 146
2930 0.002125984117116898 146.5
2940 0.002061965624161212 147
2950 0.002001774600799294 147.5
2960 0.001946345208436814 148
2970 0.001896755634701163 148.5
2980 0.001853038283892426 149
2990 0.001815641516329771 149.5
3000 0.001784574183948482 150
3010 0.001758422444130111 150.5
3020 0.001737221439170409 151
3030 0.001721611400457527 151.5
3040 0.001711003622441226 152
3050 0.001704661394884099 152.5
3060 0.001702249540675017 153
3070 0.001703393140160025 153.5
3080 0.001708245317656703 154
3090 0.001716473254942235 154.5
3100 0.001727486810924288 155
3110 0.001740313196775624 155.5
3120 0.00175427295671204 156
3130 0.001769075700881004 156.5
3140 0.001784281142975661 157
3150 0.00179964798284974 157.5
3160 0.001814790366735992 158
3170 0.001829590244603373 158.5
3180 0.001844007525820421 159
3190 0.001857933225499791 159.5
3200 0.001871408831039771 160
3210 0.001884485854989462 160.5
3220 0.001897420603486595 161
3230 0.001910766548663153 161.5
3240 0.001924988085996312 162
3250 0.001940610415312581 162.5
3260 0.001958056438899337 163
3270 0.001977381144904452 163.5
3280 0.001998409250681098 164
3290 0.002020808463501008 164.5
3300 0.002043810235128843 165
3310 0.00206641506258119 165.5
3320 0.002087862765850581 166
3330 0.002107616845818448 166.5
3340 0.002125558226331216 167
3350 0.002141420083493789 167.5
3360 0.002155421276365772 168
3370 0.002167745265842141 168.5
3380 0.002178162367206077 169
3390 0.002186945025866388 169.5
3400 0.002194421552554091 170
3410 0.002199935174518353 170.5
3420 0.002202596579330009 171
3430 0.002201950408395403 171.5
3440 0.002197738476341016 172
3450 0.002190078400467667 172.5
3460 0.002179616845683446 173
3470 0.002166672050485877 173.5
3480 0.002151587943113219 174
3490 0.002134147873477886 174.5
3500 0.002114689415425717 175
3510 0.002094512061025702 175.5
3520 0.002074329678091472 176
3530 0.002054532633103947 176.5
3540 0.002035976072980059 177
3550 0.002019217126026705 177.5
3560 0.002004858199117109 178
3570 0.001992820641600581 178.5
3580 0.001982011137884368 179
3590 0.001969636928667188 179.5
3600 0.001952043852010439 180
3610 0.001928174704761295 180.5
3620 0.001900476829434611 181
3630 0.001875487785942444 181.5
3640 0.001859693769352371 182
3650 0.001854886142187968 182.5
3660 0.001859757215578989 183
3670 0.001869734846074568 183.5
3680 0.001879194806708639 184
3690 0.001884997512416396 184.5
3700 0.00188607094288712 185
3710 0.001883622630517226 185.5
3720 0.001879091803954169 186
3730 0.001873970924870015 186.5
3740 0.001867804425385616 187
3750 0.001859464116324451 187.5
3760 0.001848106216988746 188
3770 0.001833038795400861 188.5
3780 0.001813816392897532 189
3790 0.00179258513932374 189.5
3800 0.001771367306320898 190
3810 0.001750901026843274 190.5
3820 0.001733339303371287 191
3830 0.00171990696635757 191.5
3840 0.001711297097188115 192
3850 0.001707744977340608 192.5
3860 0.001709398476267512 193
3870 0.00171690851973157 193.5
3880 0.001730854072339498 194
3890 0.001750831414352593 194.5
3900 0.001778561153448885 195
3910 0.001815809586732205 195.5
3920 0.001863323301557483 196
3930 0.001919287063347783 196.5
3940 0.001981553715391381 197
3950 0.002047288870389158 197.5
3960 0.002114792422119474 198
3970 0.002182807895399816 198.5
3980 0.002249013343979199 199
3990 0.002312184806616193 199.5
4000 0.002371519320876137 200
4010 0.00242642347374187 200.5
4020 0.002477015182877603 201
4030 0.002524081437456388 201.5
4040 0.002568206094413278 202
4050 0.002610343350964696 202.5
4060 0.002651602630241244 203
4070 0.002692821919837668 203.5
4080 0.002734676655053315 204
4090 0.002777213677045984 204.5
4100 0.002818821851570388 205
4110 0.002856920656215374 205.5
4120 0.002889191532194591 206
4130 0.002913773767651511 206.5
4140 0.002928913406012932 207
4150 0.002933517592636971 207.5
4160 0.002927461952560247 208
4170 0.00291131357278553 208.5
4180 0.00288663458214516 209
4190 0.002855814685866774 209.5
4200 0.00282151691355671 210
4210 0.002786030512258813 210.5
4220 0.002751775179886799 211
4230 0.002720418099729823 211.5
4240 0.00269312849298633 212
4250 0.002670556477383952 212.5
4260 0.002652918860905573 213
4270 0.002640220749599895 213.5
4280 0.002631949583267378 214
4290 0.002627281776205122 214.5
4300 0.002625490016668136 215
4310 0.002625944493612652 215.5
4320 0.002628315661612519 216
4330 0.002631941056114571 216.5
4340 0.002635926214114126 217
4350 0.002639554229602057 217.5
4360 0.002642722044361744 218
4370 0.002645146681679898 218.5
4380 0.002646046922322337 219
4390 0.002644879966851742 219.5
4400 0.002641156429861059 220
4410 0.002634674237715444 220.5
4420 0.002625663824974914 221
4430 0.00261511027456326 221.5
4440 0.002604052633935578 222
4450 0.002593262636863708 222.5
4460 0.002583430058080457 223
4470 0.002575974635604287 223.5
4480 0.002573535340625452 224
4490 0.00257828005944731 224.5
4500 0.00259046905963119 225
4510 0.002608156389559263 225.5
4520 0.002628072957255945 226
4530 0.002647129474830403 226.5
4540 0.002662308516885711 227
4550 0.002671758246724728 227.5
4560 0.002676253258785766 228
4570 0.002677153045826209 228.5
4580 0.002676102285375786 229
4590 0.002672298419745623 229.5
4600 0.00266479377555843 230
4610 0.002654737599525786 230.5
4620 0.002645908754059666 231
4630 0.002640041780910164 231.5
4640 0.002636764594512665 232
4650 0.002635996813894456 232.5
4660 0.002638190568359593 233
4670 0.002644037668037696 233.5
4680 0.002652966689498493 234
4690 0.002663930419290276 234.5
4700 0.002675671961769992 235
4710 0.002687797621785154 235.5
4720 0.002700551171731809 236
4730 0.002713814374572486 236.5
4740 0.002727506957144236 237
4750 0.002741621924402996 237.5
4760 0.002755805709594349 238
4770 0.002769748524922208 238.5
4780 0.002782940881091846 239
4790 0.002795094873328502 239.5
4800 0.002806097532582134 240
4810 0.002815444920924822 240.5
4820 0.002822274059118057 241
4830 0.002825697291473104 241.5
4840 0.002825575552230791 242
4850 0.002821989394595075 242.5
4860 0.002814852133784641 243
4870 0.002804153465699138 243.5
4880 0.002790445113854196 244
4890 0.002774603591773197 244.5
4900 0.002757470418911309 245
4910 0.002739359781333475 245.5
4920 0.002720646656110964 246
4930 0.00270144556080814 246.5
4940 0.002682005570819223 247
4950 0.002662312434871657 247.5
4960 0.002642189683367052 248
4970 0.002621563194825894 248.5
4980 0.002600400164364701 249
4990 0.00257880977859553 249.5
5000 0.002556876474322055 250
