0 0.1967928260564804 0
10 0.2010084539651871 0.5
20 0.2008392363786697 1
30 0.2008334696292877 1.5
40 0.2008081525564194 2
50 0.2005491554737091 2.5
60 0.2005250602960587 3
70 0.2003767639398575 3.5
80 0.2002423107624054 4
90 0.2000704258680344 4.5
100 0.199899435043335 5
110 0.1997973024845123 5.5
120 0.1997866779565811 6
130 0.1997281908988953 6.5
140 0.1996197402477264 7
150 0.1994416266679764 7.5
160 0.1992649734020233 8
170 0.1990420520305634 8.5
180 0.1988207101821899 9
190 0.1985701471567154 9.5
200 0.1982861310243607 10
210 0.1979797780513763 10.5
220 0.1977221816778183 11
230 0.197412371635437 11.5
240 0.1971610933542252 12
250 0.1970562189817429 12.5
260 0.1970605254173279 13
270 0.1971980333328247 13.5
280 0.1975193172693253 14
290 0.1980087906122208 14.5
300 0.1985872834920883 15
310 0.1993434131145477 15.5
320 0.2000599801540375 16
330 0.2008060365915298 16.5
340 0.2015683203935623 17
350 0.2023134231567383 17.5
360 0.2030550986528397 18
370 0.2036700695753098 18.5
380 0.204211413860321 19
390 0.2046278268098831 19.5
400 0.2049850523471832 20
410 0.2052246332168579 20.5
420 0.2054124176502228 21
430 0.2051721215248108 21.5
440 0.2049115598201752 22
450 0.2044655084609985 22.5
460 0.2037666141986847 23
470 0.2026700973510742 23.5
480 0.2010729163885117 24
490 0.1995905190706253 24.5
500 0.198188453912735 25
510 0.1971539705991745 25.5
520 0.196497768163681 26
530 0.1961472928524017 26.5
540 0.196054071187973 27
550 0.1963652372360229 27.5
560 0.1967311203479767 28
570 0.1971155405044556 28.5
580 0.1973349004983902 29
590 0.1973654180765152 29.5
600 0.1971735954284668 30
610 0.1968259364366531 30.5
620 0.1962895095348358 31
630 0.1955958157777786 31.5
640 0.1949856877326965 32
650 0.1946132332086563 32.5
660 0.1942378580570221 33
670 0.1940422356128693 33.5
680 0.1945207417011261 34
690 0.195267528295517 34.5
700 0.1959776431322098 35
710 0.1969591379165649 35.5
720 0.1979237943887711 36
730 0.1987223029136658 36.5
740 0.1995947957038879 37
750 0.2002210021018982 37.5
760 0.2016205191612244 38
770 0.2026125192642212 38.5
780 0.2029915153980255 39
790 0.2030258625745773 39.5
800 0.2024848759174347 40
810 0.2019556760787964 40.5
820 0.2014303058385849 41
830 0.2010799199342728 41.5
840 0.2009828835725784 42
850 0.2010078430175781 42.5
860 0.2010550647974014 43
870 0.20136459171772 43.5
880 0.2014576643705368 44
890 0.2015684992074966 44.5
900 0.2016038745641708 45
910 0.2016834169626236 45.5
920 0.2017007768154144 46
930 0.2020319700241089 46.5
940 0.2025704085826874 47
950 0.2032705992460251 47.5
960 0.2039693892002106 48
970 0.2043887972831726 48.5
980 0.2044827938079834 49
990 0.2043262720108032 49.5
1000 0.204023465514183 50
1010 0.203656405210495 50.5
1020 0.2031589597463608 51
1030 0.2025321871042252 51.5
1040 0.2017842233181 52
1050 0.2009418904781342 52.5
1060 0.2000861763954163 53
1070 0.199349507689476 53.5
1080 0.1988857090473175 54
1090 0.1988507211208344 54.5
1100 0.1990862935781479 55
1110 0.1993814259767532 55.5
1120 0.1997682154178619 56
1130 0.2001545280218124 56.5
1140 0.2003787755966187 57
1150 0.2004555910825729 57.5
1160 0.2009617835283279 58
1170 0.2014248222112656 58.5
1180 0.2016936838626862 59
1190 0.2018923908472061 59.5
1200 0.2020807713270187 60
1210 0.2025670260190964 60.5
1220 0.2035077512264252 61
1230 0.2046487778425217 61.5
1240 0.2057816237211227 62
1250 0.2069086134433746 62.5
1260 0.2080646008253098 63
1270 0.2091711461544037 63.5
1280 0.2100425511598587 64
1290 0.2106455862522125 64.5
1300 0.2110422849655151 65
1310 0.2111856937408447 65.5
1320 0.2109531760215759 66
1330 0.2103733420372009 66.5
1340 0.2095164805650711 67
1350 0.2084548771381378 67.5
1360 0.2071615904569626 68
1370 0.2056417316198349 68.5
1380 0.2037912160158157 69
1390 0.2018848955631256 69.5
1400 0.2004707455635071 70
1410 0.199133425951004 70.5
1420 0.1980450451374054 71
1430 0.197004571557045 71.5
1440 0.1957921087741852 72
1450 0.1949097514152527 72.5
1460 0.1945312768220901 73
1470 0.1944020241498947 73.5
1480 0.1945724785327911 74
1490 0.1950011253356934 74.5
1500 0.1957263350486755 75
1510 0.1966771185398102 75.5
1520 0.1976746022701263 76
1530 0.1985470354557037 76.5
1540 0.1992967426776886 77
1550 0.1998949646949768 77.5
1560 0.200268030166626 78
1570 0.2003968358039856 78.5
1580 0.2004181891679764 79
1590 0.200300008058548 79.5
1600 0.200165256857872 80
1610 0.2000376433134079 80.5
1620 0.1999319642782211 81
1630 0.2004581391811371 81.5
1640 0.2010863870382309 82
1650 0.2012836635112762 82.5
1660 0.2018775939941406 83
1670 0.202262282371521 83.5
1680 0.2024209499359131 84
1690 0.2024776339530945 84.5
1700 0.2024034708738327 85
1710 0.202210009098053 85.5
1720 0.2019873112440109 86
1730 0.2017571181058884 86.5
1740 0.2014465928077698 87
1750 0.2010182291269302 87.5
1760 0.2004573792219162 88
1770 0.1998111754655838 88.5
1780 0.1990508735179901 89
1790 0.1982239782810211 89.5
1800 0.1974651366472244 90
1810 0.1965477019548416 90.5
1820 0.1954631805419922 91
1830 0.1943136751651764 91.5
1840 0.1932764202356339 92
1850 0.1926048547029495 92.5
1860 0.191921129822731 93
1870 0.1915711164474487 93.5
1880 0.1923149526119232 94
1890 0.192913144826889 94.5
1900 0.1931717544794083 95
1910 0.1929225921630859 95.5
1920 0.192281574010849 96
1930 0.1913668364286423 96.5
1940 0.1902528405189514 97
1950 0.1889003366231918 97.5
1960 0.188097357749939 98
1970 0.1875811815261841 98.5
1980 0.1872840225696564 99
1990 0.1872124969959259 99.5
2000 0.1878170371055603 100
2010 0.1886265426874161 100.5
2020 0.1893510073423386 101
2030 0.1900104731321335 101.5
2040 0.1905069649219513 102
2050 0.1907321810722351 102.5
2060 0.1908000856637955 103
2070 0.1907229274511337 103.5
2080 0.1907094120979309 104
2090 0.1913808435201645 104.5
2100 0.1920549422502518 105
2110 0.1925923824310303 105.5
2120 0.192857101559639 106
2130 0.1928934752941132 106.5
2140 0.1926629543304443 107
2150 0.1923011243343353 107.5
2160 0.1918709427118301 108
2170 0.1914269030094147 108.5
2180 0.19094118475914 109
2190 0.1906025111675262 109.5
2200 0.1902975738048553 110
2210 0.1899875700473785 110.5
2220 0.1898610144853592 111
2230 0.1900272518396378 111.5
2240 0.1901331841945648 112
2250 0.1903553158044815 112.5
2260 0.1906220763921738 113
2270 0.1909716576337814 113.5
2280 0.1914356052875519 114
2290 0.1919381022453308 114.5
2300 0.1924585551023483 115
2310 0.1930071860551834 115.5
2320 0.1934867203235626 116
2330 0.193887859582901 116.5
2340 0.1942805349826813 117
2350 0.1947431117296219 117.5
2360 0.1952871233224869 118
2370 0.1958286017179489 118.5
2380 0.1963553577661514 119
2390 0.1969979256391525 119.5
2400 0.1971199214458466 120
2410 0.1978598535060883 120.5
2420 0.1982388198375702 121
2430 0.1979048252105713 121.5
2440 0.1970575600862503 122
2450 0.1957302540540695 122.5
2460 0.19424869120121 123
2470 0.1929456740617752 123.5
2480 0.1917616575956345 124
2490 0.1909360140562057 124.5
2500 0.1914835572242737 125
2510 0.1921489387750626 125.5
2520 0.1924890875816345 126
2530 0.1927014142274857 126.5
2540 0.1925491988658905 127
2550 0.1924825310707092 127.5
2560 0.19369737803936 128
2570 0.1950647532939911 128.5
2580 0.1963328123092651 129
2590 0.1977696716785431 129.5
2600 0.1991176903247833 130
2610 0.2005176544189453 130.5
2620 0.2016523480415344 131
2630 0.2024211138486862 131.5
2640 0.2022379338741302 132
2650 0.2017481923103333 132.5
2660 0.2005665004253387 133
2670 0.1998197585344315 133.5
2680 0.2004626840353012 134
2690 0.2006532847881317 134.5
2700 0.2000488340854645 135
2710 0.1992644220590591 135.5
2720 0.1976701766252518 136
2730 0.1961327642202377 136.5
2740 0.1962324231863022 137
2750 0.1959112137556076 137.5
2760 0.1954928487539291 138
2770 0.1950518637895584 138.5
2780 0.1947131007909775 139
2790 0.1946154981851578 139.5
2800 0.1945917010307312 140
2810 0.1945495158433914 140.5
2820 0.194429948925972 141
2830 0.1942680478096008 141.5
2840 0.1942253708839417 142
2850 0.1940896660089493 142.5
2860 0.193759560585022 143
2870 0.1935532689094543 143.5
2880 0.1939011961221695 144
2890 0.194128155708313 144.5
2900 0.194043755531311 145
2910 0.194085955619812 145.5
2920 0.1942866891622543 146
2930 0.1938472390174866 146.5
2940 0.192949652671814 147
2950 0.1925943046808243 147.5
2960 0.1922904849052429 148
2970 0.1920989602804184 148.5
2980 0.1917217224836349 149
2990 0.1918493807315826 149.5
3000 0.1921540647745132 150
3010 0.192404493689537 150.5
3020 0.1926367580890656 151
3030 0.1930605471134186 151.5
3040 0.1932669878005981 152
3050 0.1933111101388931 152.5
3060 0.1931273937225342 153
3070 0.1928766220808029 153.5
3080 0.1926136165857315 154
3090 0.1930137723684311 154.5
3100 0.1933960020542145 155
3110 0.1937389671802521 155.5
3120 0.1940453052520752 156
3130 0.1942856460809708 156.5
3140 0.194407194852829 157
3150 0.1944318264722824 157.5
3160 0.1943324506282806 158
3170 0.1941843926906586 158.5
3180 0.1940666288137436 159
3190 0.1940805912017822 159.5
3200 0.1941737830638885 160
3210 0.1944158375263214 160.5
3220 0.1948107033967972 161
3230 0.1951890587806702 161.5
3240 0.1955709308385849 162
3250 0.1958331614732742 162.5
3260 0.1961187720298767 163
3270 0.196378618478775 163.5
3280 0.1966894119977951 164
3290 0.1969389468431473 164.5
3300 0.1966903507709503 165
3310 0.1963111907243729 165.5
3320 0.1964223980903625 166
3330 0.1969234794378281 166.5
3340 0.1973120421171188 167
3350 0.1981977969408035 167.5
3360 0.1989359110593796 168
3370 0.1994029432535172 168.5
3380 0.1996597200632095 169
3390 0.1999732702970505 169.5
3400 0.2002508640289307 170
3410 0.2005766630172729 170.5
3420 0.2009019404649734 171
3430 0.2012520581483841 171.5
3440 0.2015275210142136 172
3450 0.2016611546278 172.5
3460 0.2016407698392868 173
3470 0.2014636844396591 173.5
3480 0.2015657126903534 174
3490 0.2021315693855286 174.5
3500 0.202573373913765 175
3510 0.202895849943161 175.5
3520 0.2027818113565445 176
3530 0.2023052573204041 176.5
3540 0.2015767097473145 177
3550 0.200705498456955 177.5
3560 0.1997108459472656 178
3570 0.1988766640424728 178.5
3580 0.1980356723070145 179
3590 0.1976975053548813 179.5
3600 0.1974993944168091 180
3610 0.1974426358938217 180.5
3620 0.1974926888942719 181
3630 0.1977142095565796 181.5
3640 0.1980399787425995 182
3650 0.1985968351364136 182.5
3660 0.1991925835609436 183
3670 0.1997103989124298 183.5
3680 0.2001931816339493 184
3690 0.2006665468215942 184.5
3700 0.2009001076221466 185
3710 0.200861394405365 185.5
3720 0.2006265372037888 186
3730 0.2003631740808487 186.5
3740 0.200071781873703 187
3750 0.1996597796678543 187.5
3760 0.1992342174053192 188
3770 0.1985260248184204 188.5
3780 0.1975665837526321 189
3790 0.1965212672948837 189.5
3800 0.1955306828022003 190
3810 0.1947973668575287 190.5
3820 0.1941587030887604 191
3830 0.1938536167144775 191.5
3840 0.193741500377655 192
3850 0.1937154978513718 192.5
3860 0.1938493996858597 193
3870 0.1940570622682571 193.5
3880 0.1942662745714188 194
3890 0.1944328397512436 194.5
3900 0.1945993155241013 195
3910 0.1947134882211685 195.5
3920 0.1947237104177475 196
3930 0.194597065448761 196.5
3940 0.1943873316049576 197
3950 0.1942761540412903 197.5
3960 0.1942803263664246 198
3970 0.1942864209413528 198.5
3980 0.1942440420389175 199
3990 0.1939018815755844 199.5
4000 0.1934523731470108 200
4010 0.1930666863918304 200.5
4020 0.1927710324525833 201
4030 0.1925630271434784 201.5
4040 0.1923860311508179 202
4050 0.1922201365232468 202.5
4060 0.1922039687633514 203
4070 0.1922477781772614 203.5
4080 0.1925097107887268 204
4090 0.1928907185792923 204.5
4100 0.1932151019573212 205
4110 0.1935797035694122 205.5
4120 0.1939942389726639 206
4130 0.1942820698022842 206.5
4140 0.1944525241851807 207
4150 0.1945413053035736 207.5
4160 0.1944608986377716 208
4170 0.1942366808652878 208.5
4180 0.1940046101808548 209
4190 0.193642184138298 209.5
4200 0.1931340247392654 210
4210 0.1924285292625427 210.5
4220 0.1919323354959488 211
4230 0.1917920559644699 211.5
4240 0.1918293237686157 212
4250 0.1917080283164978 212.5
4260 0.191948801279068 213
4270 0.192411407828331 213.5
4280 0.1927158534526825 214
4290 0.1930466890335083 214.5
4300 0.1932348906993866 215
4310 0.1933946460485458 215.5
4320 0.1936664283275604 216
4330 0.1937785148620605 216.5
4340 0.1938056945800781 217
4350 0.1938187927007675 217.5
4360 0.1939454078674316 218
4370 0.1944871097803116 218.5
4380 0.1949858665466309 219
4390 0.1951722353696823 219.5
4400 0.1952796429395676 220
4410 0.1952837109565735 220.5
4420 0.195472314953804 221
4430 0.1959536373615265 221.5
4440 0.1964280754327774 222
4450 0.1970088183879852 222.5
4460 0.1976228654384613 223
4470 0.1980320811271667 223.5
4480 0.1982404142618179 224
4490 0.1981914341449738 224.5
4500 0.1980681717395782 225
4510 0.197884812951088 225.5
4520 0.1976515352725983 226
4530 0.1972904950380325 226.5
4540 0.1969577223062515 227
4550 0.1965757459402084 227.5
4560 0.1962013095617294 228
4570 0.1956294924020767 228.5
4580 0.1950520873069763 229
4590 0.1950000375509262 229.5
4600 0.1958110481500626 230
4610 0.1967109441757202 230.5
4620 0.1972998529672623 231
4630 0.1977163553237915 231.5
4640 0.1982949525117874 232
4650 0.1989159882068634 232.5
4660 0.1996281892061234 233
4670 0.2004256695508957 233.5
4680 0.2012063562870026 234
4690 0.2019013017416 234.5
4700 0.2023906111717224 235
4710 0.2027078866958618 235.5
4720 0.2028786092996597 236
4730 0.2029576152563095 236.5
4740 0.2028603851795197 237
4750 0.2027091085910797 237.5
4760 0.2025415003299713 238
4770 0.2023063153028488 238.5
4780 0.2020242214202881 239
4790 0.2016878724098206 239.5
4800 0.2013359516859055 240
4810 0.2009728699922562 240.5
4820 0.2005419135093689 241
4830 0.2000661045312881 241.5
4840 0.1996381133794785 242
4850 0.1990939080715179 242.5
4860 0.1986243277788162 243
4870 0.1983178108930588 243.5
4880 0.1981555819511414 244
4890 0.1981194913387299 244.5
4900 0.198192223906517 245
4910 0.1985002309083939 245.5
4920 0.1990997791290283 246
4930 0.1999839395284653 246.5
4940 0.2010120749473572 247
4950 0.2021178901195526 247.5
4960 0.2031370401382446 248
4970 0.203695222735405 248.5
4980 0.2038484364748001 249
4990 0.2037256211042404 249.5
5000 0.2034267485141754 250
