0 0 0
10 1.007321643237649e-50 0.5
20 4.566646169426967e-42 1
30 3.408723150678358e-39 1.5
40 2.310712874026946e-35 2
50 2.279900889072045e-34 2.5
60 9.622090316795555e-33 3
70 1.246433560803697e-29 3.5
80 6.58470222915923e-28 4
90 6.278491704465115e-27 4.5
100 1.534773434459798e-26 5
110 2.407699937980039e-25 5.5
120 1.783066749922744e-24 6
130 1.23960317544593e-21 6.5
140 2.433330195193989e-19 7
150 4.605789412266756e-17 7.5
160 2.020588412788583e-15 8
170 6.690333293173099e-14 8.5
180 2.132644803743479e-12 9
190 3.780706054119363e-11 9.5
200 3.798819522235244e-10 10
210 2.524147767094689e-09 10.5
220 1.332426491654481e-08 11
230 6.218276624645989e-08 11.5
240 2.396657461336695e-07 12
250 6.934412835360554e-07 12.5
260 1.520291919851948e-06 13
270 2.705320228456363e-06 13.5
280 4.161769617790917e-06 14
290 5.863816447766196e-06 14.5
300 7.888224429203323e-06 15
310 1.032897903330697e-05 15.5
320 1.33267719223459e-05 16
330 1.697174791394041e-05 16.5
340 2.123853126959576e-05 17
350 2.599398579611363e-05 17.5
360 3.098943688038973e-05 18
370 3.5943008919956e-05 18.5
380 4.06453129947978e-05 19
390 4.497248988959732e-05 19.5
400 4.896357991262791e-05 20
410 5.291006503197208e-05 20.5
420 5.735567866128734e-05 21
430 6.30544849071327e-05 21.5
440 7.086314601365402e-05 22
450 8.164462634894698e-05 22.5
460 9.604787819296251e-05 23
470 0.0001144207105290615 23.5
480 0.0001369910827544919 24
490 0.0001634177892039545 24.5
500 0.0001930596710471782 25
510 0.0002251233946626907 25.5
520 0.000258755716027866 26
530 0.0002931439744318269 26.5
540 0.0003275825754047814 27
550 0.0003616868904251114 27.5
560 0.0003954066632269465 28
570 0.0004287212642398102 28.5
580 0.0004616478696184515 29
590 0.0004944232779637763 29.5
600 0.0005271806258992265 30
610 0.0005598438772958183 30.5
620 0.0005922981567710992 31
630 0.0006244937737641968 31.5
640 0.000656542891433291 32
650 0.0006885930806832628 32.5
660 0.0007204345692813266 33
670 0.0007517464929376175 33.5
680 0.0007821224525058562 34
690 0.0008113870660665758 34.5
700 0.0008396301550269503 35
710 0.0008672071554825041 35.5
720 0.000894811455121323 36
730 0.0009235012298702955 36.5
740 0.0009540015159118813 37
750 0.0009867785065846876 37.5
760 0.001022381981073433 38
770 0.001061344217047627 38.5
780 0.001104240107242225 39
790 0.001151772566681179 39.5
800 0.001205292347668495 40
810 0.001266706962646908 40.5
820 0.001338122031440893 41
830 0.001421833537262021 41.5
840 0.001520383230852032 42
850 0.001635824530857456 42.5
860 0.00176883908226863 43
870 0.001918526590518715 43.5
880 0.00208259245831048 44
890 0.002256894086492351 44.5
900 0.002436025591086417 45
910 0.002614017860354684 45.5
920 0.002785550766918832 46
930 0.002945803443028403 46.5
940 0.003091547508506037 47
950 0.003221952404796718 47.5
960 0.003337842195742066 48
970 0.003440910572727322 48.5
980 0.003532892659283852 49
990 0.003614614630704423 49.5
1000 0.003686525789760171 50
1010 0.003749522860987663 50.5
1020 0.0038041566746181 51
1030 0.003850954602960522 51.5
1040 0.003890425974567051 52
1050 0.003923496553249748 52.5
1060 0.003950584810798034 53
1070 0.003972270903098462 53.5
1080 0.003989269172678783 54
1090 0.004002179909896519 54.5
1100 0.004012437563640982 55
1110 0.004022002855868546 55.5
1120 0.004033284345933543 56
1130 0.004047874056025943 56.5
1140 0.004067298357126223 57
1150 0.004092994783244057 57.5
1160 0.004126135930433593 58
1170 0.004169544432904244 58.5
1180 0.004224824869979636 59
1190 0.004292845816629446 59.5
1200 0.004374677892961092 60
1210 0.004470602000789 60.5
1220 0.004580026333236057 61
1230 0.004701130942918583 61.5
1240 0.004830722896799736 62
1250 0.004965247335153689 62.5
1260 0.005101216406404054 63
1270 0.005234766428979334 63.5
1280 0.005361849960877211 64
1290 0.005478901811988048 64.5
1300 0.005582911253402358 65
1310 0.005670301795829914 65.5
1320 0.005739666587579049 66
1330 0.005791498502384683 66.5
1340 0.005827107472651286 67
1350 0.005849002493422508 67.5
1360 0.005858494400069064 68
1370 0.005855474376586258 68.5
1380 0.005840932215594542 69
1390 0.005817557627995041 69.5
1400 0.00578708781387677 70
1410 0.005748482471894327 70.5
1420 0.005702487002568393 71
1430 0.005650284517568224 71.5
1440 0.00559320848335576 72
1450 0.00553304363047312 72.5
1460 0.005471680535308431 73
1470 0.005409707114127721 73.5
1480 0.005348008928713614 74
1490 0.005285300452061769 74.5
1500 0.005221761542226734 75
1510 0.005159200996683285 75.5
1520 0.005098240887571668 76
1530 0.005039905288681859 76.5
1540 0.004986692311598873 77
1550 0.004941545318175162 77.5
1560 0.004909800768584415 78
1570 0.004899098063119928 78.5
1580 0.004922205274675331 79
1590 0.004993660859073185 79.5
1600 0.005125755118778027 80
1610 0.005321959084716504 80.5
1620 0.005570152362790222 81
1630 0.005852059074677011 81.5
1640 0.006153717871895802 82
1650 0.0064488014291558 82.5
1660 0.006719222683203568 83
1670 0.006956105805943878 83.5
1680 0.007154726792391463 84
1690 0.007316977067095231 84.5
1700 0.007447126563241207 85
1710 0.007552097707298345 85.5
1720 0.0076400259986756 86
1730 0.007717599296425381 86.5
1740 0.007789869028332433 87
1750 0.007860281668333986 87.5
1760 0.007932455264333905 88
1770 0.008009051173683931 88.5
1780 0.008090686849829099 89
1790 0.008177309438489931 89.5
1800 0.008267971388799436 90
1810 0.008360328096615745 90.5
1820 0.008451668276959107 91
1830 0.008539809605687293 91.5
1840 0.008622323684071027 92
1850 0.008695631982083557 92.5
1860 0.008757339991316684 93
1870 0.008807885727804944 93.5
1880 0.008848662119097348 94
1890 0.008879938851347842 94.5
1900 0.00890049530309547 95
1910 0.008910747650472988 95.5
1920 0.008911101801334507 96
1930 0.008900444445040219 96.5
1940 0.008877724006553662 97
1950 0.008841787131255635 97.5
1960 0.008792716794608304 98
1970 0.008732734003730388 98.5
1980 0.008666674124038778 99
1990 0.008598507155553995 99.5
2000 0.008532367705984957 100
2010 0.008471742049469943 100.5
2020 0.008421378207998757 101
2030 0.008387153859114782 101.5
2040 0.008373728322663386 102
2050 0.008383903515296748 102.5
2060 0.008416521638581968 103
2070 0.008468797932602974 103.5
2080 0.008535803729387543 104
2090 0.008610728033954584 104.5
2100 0.008686099632643274 105
2110 0.008758815522502912 105.5
2120 0.008826504577853962 106
2130 0.008884342940343678 106.5
2140 0.008927820671825765 107
2150 0.008954627161458496 107.5
2160 0.008965005755705314 108
2170 0.008961629520758043 108.5
2180 0.008948407086002454 109
2190 0.008928233512846015 109.5
2200 0.008903230177286735 110
2210 0.008873959332237936 110.5
2220 0.008840713742947339 111
2230 0.008802994265159906 111.5
2240 0.008759687151454422 112
2250 0.008709461989666885 112.5
2260 0.008650261566821534 113
2270 0.008579825618246611 113.5
2280 0.008496407616206295 114
2290 0.008400446555036098 114.5
2300 0.008292876200635981 115
2310 0.008175354526093706 115.5
2320 0.008050994491993813 116
2330 0.007924394936951113 116.5
2340 0.007799097910208243 117
2350 0.007676915446550364 117.5
2360 0.007558260840725996 118
2370 0.007445252930720013 118.5
2380 0.00734023433524527 119
2390 0.007242257002094972 119.5
2400 0.007149966368434435 120
2410 0.007064881525129372 120.5
2420 0.006986426957166171 121
2430 0.006913240099591878 121.5
2440 0.006842563269390175 122
2450 0.006771203085687831 122.5
2460 0.006697567740990587 123
2470 0.00662262038541789 123.5
2480 0.006548296016951945 124
2490 0.006475445520449126 124.5
2500 0.006404664535270003 125
2510 0.006336726089892504 125.5
2520 0.006273366281902844 126
2530 0.00621627059862507 126.5
2540 0.006168384793910346 127
2550 0.006131831934821138 127.5
2560 0.006108257765686484 128
2570 0.006099023874944808 128.5
2580 0.006104677147532765 129
2590 0.006124411245019046 129.5
2600 0.006158555383572775 130
2610 0.006206213563252001 130.5
2620 0.006266104031502726 131
2630 0.006336117834697489 131.5
2640 0.006414127607168488 132
2650 0.006498061849934722 132.5
2660 0.006586105299004419 133
2670 0.006675332768070057 133.5
2680 0.006763272242135081 134
2690 0.006848233182109691 134.5
2700 0.006929315485831318 135
2710 0.007007450320472797 135.5
2720 0.007082187327154999 136
2730 0.007153329811312026 136.5
2740 0.007220481839981151 137
2750 0.007280655148788517 137.5
2760 0.007327316017325643 138
2770 0.007348914000880363 138.5
2780 0.007335744163274482 139
2790 0.007283722869603486 139.5
2800 0.00720018558105826 140
2810 0.007099166890200551 140.5
2820 0.006982869799824591 141
2830 0.006852390825455866 141.5
2840 0.006715783729909068 142
2850 0.006583395716431244 142.5
2860 0.006460518218228007 143
2870 0.006347446326027005 143.5
2880 0.006236898850574104 144
2890 0.006113611471372168 144.5
2900 0.005970278504168289 145
2910 0.00580929480664954 145.5
2920 0.00563877360038161 146
2930 0.005468031149224655 146.5
2940 0.005303375585342631 147
2950 0.00514856427325578 147.5
2960 0.005005999876099481 148
2970 0.004878455492451387 148.5
2980 0.004766014466171314 149
2990 0.004669829980000166 149.5
3000 0.004589924801115491 150
3010 0.004522662526302641 150.5
3020 0.004468133541546287 151
3030 0.004427984521976755 151.5
3040 0.004400701316918828 152
3050 0.0043843891076419 152.5
3060 0.00437818581861614 153
3070 0.004381127156491579 153.5
3080 0.004393606957013036 154
3090 0.004414769211711423 154.5
3100 0.004443096077697264 155
3110 0.0044760855421069 155.5
3120 0.004511990044663363 156
3130 0.004550062702665938 156.5
3140 0.004589171099733396 157
3150 0.004628694611889526 157.5
3160 0.004667640823244968 158
3170 0.004705706109119871 158.5
3180 0.004742787356410117 159
3190 0.004778604255985458 159.5
3200 0.004813263513434286 160
3210 0.004846897619032891 160.5
3220 0.004880165792167517 161
3230 0.004914491563161626 161.5
3240 0.004951069357182508 162
3250 0.004991249988183954 162.5
3260 0.005036121160849089 163
3270 0.005085824304694244 163.5
3280 0.005139908592751779 164
3290 0.005197519368124588 164.5
3300 0.005256679924751378 165
3310 0.005314819540958816 165.5
3320 0.005369983033767689 166
3330 0.005420790527445044 166.5
3340 0.005466935758123881 167
3350 0.005507732454746021 167.5
3360 0.00554374352281276 168
3370 0.005575440823745982 168.5
3380 0.005602233608454023 169
3390 0.005624822606528343 169.5
3400 0.005644052233169116 170
3410 0.005658233268861198 170.5
3420 0.005665078402036778 171
3430 0.00566341645039297 171.5
3440 0.005652583361149089 172
3450 0.005632881646002834 172.5
3460 0.005605974527097818 173
3470 0.005572680513849671 173.5
3480 0.005533884189687195 174
3490 0.005489028330585118 174.5
3500 0.005438981176474938 175
3510 0.0053870850209581 175.5
3520 0.005335175932051259 176
3530 0.005284257932343347 176.5
3540 0.005236530459704705 177
3550 0.005193426448140681 177.5
3560 0.005156495288129199 178
3570 0.00512553469019669 178.5
3580 0.005097732646638589 179
3590 0.005065906180532003 179.5
3600 0.005020656787370844 180
3610 0.004959265340646045 180.5
3620 0.004888026405305813 181
3630 0.00482375458544396 181.5
3640 0.004783132374774295 182
3650 0.00477076715770745 182.5
3660 0.004783295558469154 183
3670 0.004808958024103784 183.5
3680 0.004833289042854613 184
3690 0.004848213601934966 184.5
3700 0.004850974465105667 185
3710 0.004844677405690301 185.5
3720 0.004833024119770118 186
3730 0.004819853218765673 186.5
3740 0.004803992982091798 187
3750 0.004782541707186483 187.5
3760 0.004753329190095049 188
3770 0.004714575781771009 188.5
3780 0.004665135762532447 189
3790 0.004610528978340654 189.5
3800 0.004555956711857345 190
3810 0.004503317441040897 190.5
3820 0.004458148688270947 191
3830 0.004423600717471665 191.5
3840 0.004401456133967829 192
3850 0.004392320081720039 192.5
3860 0.004396572880960037 193
3870 0.004415888712749593 193.5
3880 0.004451756674057185 194
3890 0.004503138397714865 194.5
3900 0.004574459286670527 195
3910 0.004670262257075225 195.5
3920 0.004792467531605843 196
3930 0.004936406326930492 196.5
3940 0.005096556155986627 197
3950 0.005265626974640909 197.5
3960 0.005439246109691281 198
3970 0.005614181906968321 198.5
3980 0.005784462320714495 199
3990 0.005946939322616843 199.5
4000 0.006099547693293419 200
4010 0.006240761174464085 200.5
4020 0.006370883050361189 201
4030 0.006491937457137822 201.5
4040 0.006605426074830945 202
4050 0.006713803098681193 202.5
4060 0.006819921964980472 203
4070 0.006925937977822474 203.5
4080 0.007033588356797118 204
4090 0.007142993577362263 204.5
4100 0.007250009802239031 205
4110 0.007347999927785936 205.5
4120 0.007431000620804481 206
4130 0.007494226130399678 206.5
4140 0.007533165280265255 207
4150 0.007545007248262282 207.5
4160 0.007529432141984947 208
4170 0.007487898509204375 208.5
4180 0.007424424145277343 209
4190 0.007345155372049335 209.5
4200 0.007256941501667851 210
4210 0.00716567047752966 210.5
4220 0.007077565762668839 211
4230 0.006996915352505097 211.5
4240 0.006926726483960833 212
4250 0.006868671259831517 212.5
4260 0.006823307310249126 213
4270 0.006790647767970922 213.5
4280 0.00676937432816369 214
4290 0.006757368728399566 214.5
4300 0.006752760322870439 215
4310 0.006753929237571735 215.5
4320 0.006760027881667391 216
4330 0.00676935239632667 216.5
4340 0.006779602222701527 217
4350 0.006788933478536483 217.5
4360 0.006797081098098399 218
4370 0.006803317265280691 218.5
4380 0.006805632684213045 219
4390 0.006802631274742675 219.5
4400 0.006793054337602636 220
4410 0.006776382139404114 220.5
4420 0.006753207357835471 221
4430 0.006726063626176696 221.5
4440 0.0066976233744823 222
4450 0.006669871502013451 222.5
4460 0.006644582109382929 223
4470 0.006625406762774219 223.5
4480 0.006619132896088656 224
4490 0.006631336312898474 224.5
4500 0.006662686421371414 225
4510 0.006708178233946418 225.5
4520 0.006759403646062282 226
4530 0.006808417009263788 226.5
4540 0.006847457505430041 227
4550 0.006871762210575994 227.5
4560 0.006883323381596983 228
4570 0.006885637633865001 228.5
4580 0.006882935077986515 229
4590 0.006873151535585735 229.5
4600 0.006853849590736275 230
4610 0.006827985105980315 230.5
4620 0.006805277315441453 231
4630 0.006790187460500936 231.5
4640 0.006781758537086567 232
4650 0.006779783805336535 232.5
4660 0.006785426141820866 233
4670 0.006800464882192946 233.5
4680 0.006823430325390118 234
4690 0.006851629038414582 234.5
4700 0.006881828285672413 235
4710 0.006913015483231409 235.5
4720 0.006945817613694207 236
4730 0.006979930571400426 236.5
4740 0.007015147893774969 237
4750 0.007051451589564498 237.5
4760 0.007087932285076658 238
4770 0.007123793206099913 238.5
4780 0.00715772394616822 239
4790 0.007188984014200899 239.5
4800 0.007217282853801242 240
4810 0.007241324336618636 240.5
4820 0.007258888880051636 241
4830 0.007267693433668817 241.5
4840 0.007267380320337588 242
4850 0.007258156722898527 242.5
4860 0.007239799688094089 243
4870 0.007212282713778176 243.5
4880 0.007177024832832985 244
4890 0.007136280438040656 244.5
4900 0.007092213917439879 245
4910 0.007045633357589691 245.5
4920 0.006997503199517393 246
4930 0.00694811798239853 246.5
4940 0.006898118328147034 247
4950 0.006847467582489896 247.5
4960 0.006795711865620051 248
4970 0.006742660537092191 248.5
4980 0.006688229222746005 249
4990 0.006632698750547696 249.5
5000 0.006576286291956319 250
