0 0 0
10 8.773748525525742e-52 0.5
20 3.693279635202856e-40 1
30 5.453282883916079e-36 1.5
40 1.276084207946591e-34 2
50 6.159136822012698e-34 2.5
60 5.697200373217065e-30 3
70 9.963540588967421e-31 3.5
80 1.170457014950054e-27 4
90 3.74698113876942e-24 4.5
100 4.289147636981079e-22 5
110 1.227751643254381e-21 5.5
120 3.693299882704286e-19 6
130 3.49218304900998e-17 6.5
140 5.094878485159165e-15 7
150 2.202962645589387e-13 7.5
160 4.222177497851504e-12 8
170 5.163856680475119e-11 8.500000000000002
180 4.390767410322635e-10 9.000000000000002
190 2.741625294997128e-09 9.500000000000002
200 1.31056453657432e-08 10
210 5.040433627664479e-08 10.5
220 1.619186646206066e-07 11
230 4.525393025958519e-07 11.5
240 1.133411367644097e-06 12
250 2.582384377679876e-06 12.5
260 5.396278827027385e-06 13
270 1.040879152266983e-05 13.5
280 1.865942897682947e-05 14
290 3.135101120690911e-05 14.5
300 4.978191641893503e-05 15
310 7.533485380512306e-05 15.5
320 0.0001096385723239896 16
330 0.0001542020960013637 16.5
340 0.0002096885110138138 17
350 0.0002752803217731559 17.5
360 0.0003482613137048709 18
370 0.0004254390777786211 18.5
380 0.0005034903603780377 19
390 0.0005789237072086614 19.5
400 0.0006481241754140516 20
410 0.0007080378414333768 20.5
420 0.0007558773381678979 21
430 0.0007918783885530965 21.5
440 0.0008172611103884367 22
450 0.0008336178416098864 22.5
460 0.0008428400152375114 23
470 0.0008464240551888289 23.5
480 0.0008454033755303596 24
490 0.0008409031636216839 24.5
500 0.0008335874103508662 25
510 0.0008249076528854234 25.5
520 0.0008161517226554073 26
530 0.0008081429606794317 26.5
540 0.0008015591625999659 27
550 0.0007969287683875062 27.5
560 0.0007944697935244669 28
570 0.0007944993617178837 28.5
580 0.0007972988340612228 29
590 0.0008032125417297849 29.5
600 0.0008122785656174077 30
610 0.0008246519783988281 30.5
620 0.000840303095502257 31
630 0.0008592588450627504 31.5
640 0.0008817537244224579 32
650 0.0009081429556551137 32.5
660 0.0009384237098776167 33
670 0.0009722928267827772 33.5
680 0.001009185768929089 34
690 0.001048274304253077 34.5
700 0.001088620877841197 35
710 0.001129196564882418 35.5
720 0.001168938006740018 36
730 0.001207012030589619 36.5
740 0.001242819358411532 37
750 0.001276038346045626 37.5
760 0.001306792360951626 38
770 0.001335303211606226 38.5
780 0.001361988783209404 39
790 0.00138732444164469 39.5
800 0.001411736378016654 40
810 0.001435813857556739 40.5
820 0.001460276292613441 41
830 0.001485696812865953 41.5
840 0.001512470311515696 42
850 0.001540806402327161 42.5
860 0.001570695507341383 43
870 0.001601702985798907 43.5
880 0.001633455642155662 44
890 0.001665873208211277 44.5
900 0.001699133026092219 45
910 0.001733526988696722 45.5
920 0.001769392516235272 46
930 0.001807071747665765 46.5
940 0.001846789954985071 47
950 0.001889151591614884 47.5
960 0.001934603938052144 48
970 0.001983234355574066 48.5
980 0.002034313427192031 49
990 0.002086878082718417 49.5
1000 0.002139777138631878 50
1010 0.002191671909061732 50.5
1020 0.00224128664716446 51
1030 0.002288527841293344 51.5
1040 0.002334056030023756 52
1050 0.002379030118331324 52.5
1060 0.002424557044015001 53
1070 0.002471306077291629 53.5
1080 0.002519767261464035 54
1090 0.002570079378458624 54.5
1100 0.002621813618110057 55
1110 0.00267386222433551 55.5
1120 0.002725050037866684 56
1130 0.0027740177412646 56.5
1140 0.002819521240224157 57
1150 0.002860538144162091 57.5
1160 0.002896334500257545 58
1170 0.002926335829132039 58.5
1180 0.002950322114878158 59
1190 0.002968533015845903 59.5
1200 0.002981713801503697 60
1210 0.002990799220450359 60.5
1220 0.002996703253716464 61
1230 0.00299992670615965 61.5
1240 0.003000590110314499 62
1250 0.002998493993374482 62.5
1260 0.002993719240973581 63
1270 0.002986477886218081 63.5
1280 0.002977205646114124 64
1290 0.002966434466112004 64.5
1300 0.002954996993344122 65
1310 0.002943706908480122 65.5
1320 0.002932752968085311 66
1330 0.002921864000823404 66.5
1340 0.002910528062234702 67
1350 0.00289786626422547 67.5
1360 0.002883625920645599 68
1370 0.002867711473771355 68.5
1380 0.002850300621109954 69
1390 0.002831316225657904 69.5
1400 0.0028107043250183 70
1410 0.002789218527737702 70.5
1420 0.002767731739412286 71
1430 0.00274692569143666 71.5
1440 0.002726956939150281 72
1450 0.002707654993319372 72.5
1460 0.002689058845716875 73
1470 0.002671437340016572 73.5
1480 0.002654586986219361 74
1490 0.002638149199443606 74.5
1500 0.002621814994507719 75
1510 0.002605529666086755 75.5
1520 0.002589288946957903 76
1530 0.002573433978645433 76.5
1540 0.002559293292073166 77
1550 0.002547257379415009 77.5
1560 0.002536463574164911 78
1570 0.002526830975456223 78.5
1580 0.00251862154572378 79
1590 0.002511975761165432 79.5
1600 0.002506606924178969 80
1610 0.002502427279514935 80.5
1620 0.002499402784104991 81
1630 0.002497645992201055 81.5
1640 0.002497046072969715 82
1650 0.002497297940043721 82.5
1660 0.002498047531180982 83
1670 0.002498794438588349 83.5
1680 0.002499059217916895 84
1690 0.002499495270885698 84.5
1700 0.002500584339821852 85
1710 0.002502463895810166 85.5
1720 0.00250484072721576 86
1730 0.002506553095505288 86.5
1740 0.002507056728518172 87
1750 0.002506258556172577 87.5
1760 0.002503999724620181 88
1770 0.002500727320684018 88.5
1780 0.002497129519805642 89
1790 0.002494334067501138 89.5
1800 0.00249309219360647 90
1810 0.002493476405351266 90.5
1820 0.002495599240435378 91
1830 0.002499546247296141 91.5
1840 0.002505505444776165 92
1850 0.002513263899817856 92.5
1860 0.002521936074642041 93
1870 0.002530943115289823 93.5
1880 0.002540543866816459 94
1890 0.002550208175346025 94.5
1900 0.00256237794475819 95
1910 0.002576093162296195 95.5
1920 0.002591348430437298 96
1930 0.002607193115690725 96.5
1940 0.002624084134695015 97
1950 0.002641181135048366 97.5
1960 0.002658990228481083 98
1970 0.002676133892363717 98.5
1980 0.002692571875539384 99
1990 0.002706875363883237 99.5
2000 0.002718969252292861 100
2010 0.002728573653179149 100.5
2020 0.002735853565165763 101
2030 0.002740799737082481 101.5
2040 0.002743799978678896 102
2050 0.002745155072020116 102.5
2060 0.002745309902683221 103
2070 0.002744329889551345 103.5
2080 0.002742720981970357 104
2090 0.002740229243976821 104.5
2100 0.00273739519001413 105
2110 0.002735203513308024 105.5
2120 0.002732397507270954 106
2130 0.002729852141475957 106.5
2140 0.002726640930391747 107
2150 0.002722596424990657 107.5
2160 0.002718499535102458 108
2170 0.002712782312853194 108.5
2180 0.002705734240573806 109
2190 0.002696861563478358 109.5
2200 0.002686396407820567 110
2210 0.002673435731469426 110.5
2220 0.002656808896653246 111
2230 0.002639076924143798 111.5
2240 0.002621313889933976 112
2250 0.002599674282436892 112.5
2260 0.00257656309468661 113
2270 0.002551120626191524 113.5
2280 0.002529983649095867 114
2290 0.002506905628127486 114.5
2300 0.002482870009662567 115
2310 0.002464448185599431 115.5
2320 0.00244374214960285 116
2330 0.002428207093104965 116.5
2340 0.002410026433664074 117
2350 0.002395279134645673 117.5
2360 0.00237780731587953 118
2370 0.002363544132576839 118.5
2380 0.002346603447183688 119
2390 0.002333273124819641 119.5
2400 0.002318779977214925 120
2410 0.002308983379161653 120.5
2420 0.002300277755412016 121
2430 0.002296059601432485 121.5
2440 0.002294345167917365 122
2450 0.002295497561402689 122.5
2460 0.002298437092366435 123
2470 0.002304393787353813 123.5
2480 0.00231466040802676 124
2490 0.002326632462281339 124.5
2500 0.002344713196573242 125
2510 0.002368846534154299 125.5
2520 0.002398949650822503 126
2530 0.002430948018545123 126.5
2540 0.002466610892488859 127
2550 0.002494940678923739 127.5
2560 0.002523944861161721 128
2570 0.00255049510645044 128.5
2580 0.002578196403021531 129
2590 0.002600697691037198 129.5
2600 0.002627156673229406 130
2610 0.002646518078391202 130.5
2620 0.002664219554842512 131
2630 0.002678377442533978 131.5
2640 0.002689027238867668 132
2650 0.002696370313323952 132.5
2660 0.002700520109236805 133
2670 0.002701932770295074 133.5
2680 0.002701307598865819 134
2690 0.00269966523466067 134.5
2700 0.002696981782719299 135
2710 0.002693302050333537 135.5
2720 0.002688778847197096 136
2730 0.002684086914522333 136.5
2740 0.002678565679650633 137
2750 0.002672762283732378 137.5
2760 0.002666614354585056 138
2770 0.002661447299724704 138.5
2780 0.00265700373620893 139
2790 0.002653443853180894 139.5
2800 0.002650929617070683 140
2810 0.002649596362050311 140.5
2820 0.002649524044510306 141
2830 0.002650669597620814 141.5
2840 0.002653041275835707 142
2850 0.002656447171738425 142.5
2860 0.002660606517617401 143
2870 0.002664693154611419 143.5
2880 0.002669172357267202 144
2890 0.002673493997406715 144.5
2900 0.002677422216924543 145
2910 0.002681410588892826 145.5
2920 0.002684468584985451 146
2930 0.00268778330091176 146.5
2940 0.002691025965437459 147
2950 0.002694264564784483 147.5
2960 0.002697993982102737 148
2970 0.002701307098275499 148.5
2980 0.002705839174635199 149
2990 0.002710157179819013 149.5
3000 0.002716518842325218 150
3010 0.00272284800298353 150.5
3020 0.00273217173010884 151
3030 0.002741306798742042 151.5
3040 0.002754181280970094 152
3050 0.002765861505750946 152.5
3060 0.002780925465454448 153
3070 0.002793774423833125 153.5
3080 0.002807533625169089 154
3090 0.00282083101285471 154.5
3100 0.002832657551640384 155
3110 0.002843161340287314 155.5
3120 0.002852284672459651 156
3130 0.002860269159617205 156.5
3140 0.002868063106330762 157
3150 0.002873939945312274 157.5
3160 0.002879991201335682 158
3170 0.002886084413972007 158.5
3180 0.002892508551086438 159
3190 0.00289921316167743 159.5
3200 0.002906586184052686 160
3210 0.002914706510882887 160.5
3220 0.002924960035899008 161
3230 0.002934544638472816 161.5
3240 0.002946329005779036 162
3250 0.002959097088449735 162.5
3260 0.002972479385423692 163
3270 0.002986117562522005 163.5
3280 0.00299990193291833 164
3290 0.003013780633223418 164.5
3300 0.003028766537454242 165
3310 0.003040528982733554 165.5
3320 0.003052544545066403 166
3330 0.003062944429338873 166.5
3340 0.003070782129992354 167
3350 0.003076123558102448 167.5
3360 0.003079236152314714 168
3370 0.003080692838651283 168.5
3380 0.003081201455585869 169
3390 0.003081328744042581 169.5
3400 0.003081630470891533 170
3410 0.003082415872649123 170.5
3420 0.003083641615462186 171
3430 0.003084817208731683 171.5
3440 0.003085859132147634 172
3450 0.003087066532218923 172.5
3460 0.003088804966956498 173
3470 0.00309161491967965 173.5
3480 0.003095602489287706 174
3490 0.003101183756811121 174.5
3500 0.003109187877450437 175
3510 0.003117356132885031 175.5
3520 0.003128215317423783 176
3530 0.003141286555180545 176.5
3540 0.003156052286910268 177
3550 0.003172701728345504 177.5
3560 0.003190405186739432 178
3570 0.003208420903708744 178.5
3580 0.003225805778437733 179
3590 0.00324166928990292 179.5
3600 0.003256665844360987 180
3610 0.003271283046703871 180.5
3620 0.003281436544338371 181
3630 0.003290740091691898 181.5
3640 0.003298215099161899 182
3650 0.003303917607333358 182.5
3660 0.003307422708972905 183
3670 0.003308245323969226 183.5
3680 0.003306096754883655 184
3690 0.003300952115098477 184.5
3700 0.003293597542166966 185
3710 0.003284922650370846 185.5
3720 0.003275139190972123 186
3730 0.003263713703763095 186.5
3740 0.003253771636523127 187
3750 0.003242606629984867 187.5
3760 0.003230846637772124 188
3770 0.003221902522249259 188.5
3780 0.003212705477536802 189
3790 0.003204156915868062 189.5
3800 0.003196471968977357 190
3810 0.003189348358403303 190.5
3820 0.0031826989783343 191
3830 0.003176451048011008 191.5
3840 0.003170225327690038 192
3850 0.003164010800742791 192.5
3860 0.003158202963511249 193
3870 0.003152896597860495 193.5
3880 0.003148612704026664 194
3890 0.003145456662217874 194.5
3900 0.003143493503844915 195
3910 0.00314304816757046 195.5
3920 0.003144303349088621 196
3930 0.003147445090368517 196.5
3940 0.003152912727804509 197
3950 0.003161028452140995 197.5
3960 0.003172090401602543 198
3970 0.003186497262228169 198.5
3980 0.003204512796241792 199
3990 0.003226153148474863 199.5
4000 0.003250980468383175 200
4010 0.003278205734546197 200.5
4020 0.003307071070963623 201
4030 0.003336884657571056 201.5
4040 0.003367003631526298 202
4050 0.003396908173317522 202.5
4060 0.003426230097623617 203
4070 0.003454567617112434 203.5
4080 0.003481649710155381 204
4090 0.003507203828998636 204.5
4100 0.003531281535238306 205
4110 0.003554027073178907 205.5
4120 0.003575361789627938 206
4130 0.003595211817271438 206.5
4140 0.003613833266439022 207
4150 0.0036321649832508 207.5
4160 0.003646086417718477 208
4170 0.003660250802510128 208.5
4180 0.003673043575465752 209
4190 0.003684633402418866 209.5
4200 0.003695393216617176 210
4210 0.003705670219913898 210.5
4220 0.003714534723029341 211
4230 0.003722748304294589 211.5
4240 0.003732773830415893 212
4250 0.003744671960998786 212.5
4260 0.003759330121356233 213
4270 0.00377635439537147 213.5
4280 0.003794960228173269 214
4290 0.003815008300734529 214.5
4300 0.003836676070363928 215
4310 0.003859425423453819 215.5
4320 0.003882948785934674 216
4330 0.003907081835325419 216.5
4340 0.00393132814882092 217
4350 0.003955250479264378 217.5
4360 0.003980880535048648 218
4370 0.004001221464413647 218.5
4380 0.004022105573186429 219
4390 0.004041693438802357 219.5
4400 0.004061764773762432 220
4410 0.004077163481454292 220.5
4420 0.004093313395302316 221
4430 0.004108597108434092 221.5
4440 0.004122873773620087 222
4450 0.004135895263439793 222.5
4460 0.004147555066215442 223
4470 0.004157749381155739 223.5
4480 0.00416616834526381 224
4490 0.004172821556842957 224.5
4500 0.004177754150336013 225
4510 0.004180816786894847 225.5
4520 0.004181656623460755 226
4530 0.004179825533796621 226.5
4540 0.004174957519580739 227
4550 0.004165642989778963 227.5
4560 0.004154969062483794 228
4570 0.004139808459842894 228.5
4580 0.004121117670652318 229
4590 0.004098236672439358 229.5
4600 0.004077471959411258 230
4610 0.004053003802315384 230.5
4620 0.004027988692518864 231
4630 0.004001044566236139 231.5
4640 0.003979946465425097 232
4650 0.00395819096837237 232.5
4660 0.003936983108805725 233
4670 0.003921913561668823 233.5
4680 0.003907970967794941 234
4690 0.003896403390188514 234.5
4700 0.003889521700751311 235
4710 0.003884280277670074 235.5
4720 0.003881624837932615 236
4730 0.003881373062852525 236.5
4740 0.003883159277056223 237
4750 0.003886566956591372 237.5
4760 0.003891186620470722 238
4770 0.00389653301333238 238.5
4780 0.003902034260161649 239
4790 0.003907143884712828 239.5
4800 0.003911283844097377 240
4810 0.003914510544703422 240.5
4820 0.003916034373294706 241
4830 0.003916422180837457 241.5
4840 0.003915480044760258 242
4850 0.003913617803066199 242.5
4860 0.00391025241134185 243
4870 0.003905785611156811 243.5
4880 0.003900463639936839 244
4890 0.003894366459546458 244.5
4900 0.003887655328197096 245
4910 0.003879624277594034 245.5
4920 0.003872545875626487 246
4930 0.003864060099716413 246.5
4940 0.003854915103768614 247
4950 0.00384498439506269 247.5
4960 0.003834513825913352 248
4970 0.003821549493701678 248.5
4980 0.003809495515659609 249
4990 0.00379418608446305 249.5
5000 0.003777221895437794 250
