0 0 0
10 1.648242053274367e-46 0.5
20 4.835630985548957e-39 1
30 7.325229248440834e-35 1.5
40 3.593267943288504e-33 2
50 5.742611202754588e-31 2.5
60 5.817616732727362e-29 3
70 5.541606524423495e-26 3.5
80 1.458500785340953e-25 4
90 2.246471022325169e-23 4.5
100 3.902953216361427e-21 5
110 2.506927708761636e-19 5.5
120 6.282420769945547e-17 6
130 1.351038978469173e-14 6.5
140 6.693077959649566e-13 7
150 1.171765235345558e-11 7.5
160 1.347303240686778e-10 8
170 1.196235903725135e-09 8.500000000000002
180 8.481432264094812e-09 9.000000000000002
190 4.852257787964371e-08 9.500000000000002
200 2.296127987345596e-07 10
210 9.166857389900112e-07 10.5
220 3.114510731906436e-06 11
230 8.905997824403191e-06 11.5
240 2.142813569286024e-05 12
250 4.401894877770461e-05 12.5
260 7.90721292414573e-05 13
270 0.0001276879378326615 13.5
280 0.0001918998486474882 14
290 0.0002778823685986133 14.5
300 0.0003970301440641598 15
310 0.0005431077028213091 15.5
320 0.0006988363659063506 16
330 0.0008500283611554984 16.5
340 0.0009914495392301891 17
350 0.001136022186698914 17.5
360 0.001297619353326934 18
370 0.001482977126869545 18.5
380 0.001682871156523344 19
390 0.00188849815507569 19.5
400 0.002094720659794669 20
410 0.002293997324121604 20.5
420 0.002481033215408216 21
430 0.002655473577359244 21.5
440 0.002809057781787899 22
450 0.002940219051467731 22.5
460 0.003055605170510621 23
470 0.003173912306718418 23.5
480 0.0033034874184455 24
490 0.003443150182085755 24.5
500 0.00358657853004403 25
510 0.003722497892110783 25.5
520 0.003848568067279446 26
530 0.003964594254169335 26.5
540 0.004069346355191804 27
550 0.004162330736949945 27.5
560 0.004243717284068415 28
570 0.004315042984005861 28.5
580 0.004377498789428185 29
590 0.00442834145589003 29.5
600 0.004470039374771234 30
610 0.004505418821489806 30.5
620 0.004536460046537636 31
630 0.004564873986566084 31.5
640 0.004590505103653348 32
650 0.00461662546399269 32.5
660 0.004648176519092387 33
670 0.004686449530049407 33.5
680 0.004729754684601544 34
690 0.004773655677669214 34.5
700 0.004816654412598805 35
710 0.004859508224457519 35.5
720 0.004902820670314835 36
730 0.004943242388515842 36.5
740 0.004979207939503033 37
750 0.005014939159208305 37.5
760 0.005059957691900798 38
770 0.005119301209539348 38.5
780 0.005192307338527409 39
790 0.005275596574235418 39.5
800 0.005369072998384471 40
810 0.005473045085066217 40.5
820 0.005583663031685466 41
830 0.005695168393768212 41.5
840 0.005802947243109095 42
850 0.005902970828618188 42.5
860 0.005992438259044842 43
870 0.006068606028575472 43.5
880 0.006131420302569851 44
890 0.006182061588179074 44.5
900 0.006222121287750427 45
910 0.006253194479834508 45.5
920 0.006275349832146958 46
930 0.006287825973175332 46.5
940 0.006290670686793126 47
950 0.00628353675287944 47.5
960 0.006268198727591522 48
970 0.006247422442678681 48.5
980 0.006225723215001767 49
990 0.006205464798548313 49.5
1000 0.006187297876966213 50
1010 0.006170879319973038 50.5
1020 0.006154974381395595 51
1030 0.006137691428786011 51.5
1040 0.006118866868641018 52
1050 0.006098007031062096 52.5
1060 0.006075248347719554 53
1070 0.006049538659349814 53.5
1080 0.006019702416125879 54
1090 0.005986092356496193 54.5
1100 0.005949266825582516 55
1110 0.005910394921064813 55.5
1120 0.005869703880431981 56
1130 0.005824605116715869 56.5
1140 0.005774195707197851 57
1150 0.005718741203876504 57.5
1160 0.005658105458633709 58
1170 0.005593854758977663 58.5
1180 0.005528949912773078 59
1190 0.005466975340051772 59.5
1200 0.005412034595438364 60
1210 0.005364122869309592 60.5
1220 0.005323293085182095 61
1230 0.005288717004865302 61.5
1240 0.005259051167989722 62
1250 0.005232690086450239 62.5
1260 0.005209079184224599 63
1270 0.005188383982373643 63.5
1280 0.00517063455718803 64
1290 0.005156775817320595 64.5
1300 0.005148696296317101 65
1310 0.005148898369847018 65.5
1320 0.005157071445515496 66
1330 0.00516972078926854 66.5
1340 0.005182697652041423 67
1350 0.00519275190504522 67.5
1360 0.005197716341613882 68
1370 0.00519800435866632 68.5
1380 0.005194876247930182 69
1390 0.005189701992703749 69.5
1400 0.005182959388716048 70
1410 0.00517535038316695 70.5
1420 0.005167847564381659 71
1430 0.005161658929839478 71.5
1440 0.005158882964565585 72
1450 0.005161100224036274 72.5
1460 0.005167953184077572 73
1470 0.005178287110311273 73.5
1480 0.005191991472374905 74
1490 0.005210016335833563 74.5
1500 0.005231986334123966 75
1510 0.005255241781599875 75.5
1520 0.005278757922953684 76
1530 0.005300638432883126 76.5
1540 0.005318716144695635 77
1550 0.005329270021355846 77.5
1560 0.005327467063588663 78
1570 0.00531009439142567 78.5
1580 0.005276745306520854 79
1590 0.005235151283359951 79.5
1600 0.005189862628094314 80
1610 0.005141767834707356 80.5
1620 0.005090569591356143 81
1630 0.005035372674163813 81.5
1640 0.004977133177108965 82
1650 0.004917263355757717 82.5
1660 0.004856656088224286 83
1670 0.00479623143461551 83.5
1680 0.004737377888663913 84
1690 0.004681535211161875 84.5
1700 0.004629617700144501 85
1710 0.004582854280993386 85.5
1720 0.004542108775186495 86
1730 0.004508190752538837 86.5
1740 0.004481339683346023 87
1750 0.004461769868507806 87.5
1760 0.004449533750589271 88
1770 0.004444243739222664 88.5
1780 0.004444919785385113 89
1790 0.004450170596015794 89.5
1800 0.004458969603718316 90
1810 0.004470842154151184 90.5
1820 0.004485948256887921 91
1830 0.004503662762990837 91.5
1840 0.004523717446905149 92
1850 0.004545205141222741 92.5
1860 0.004567673534412998 93
1870 0.004590895396638413 93.5
1880 0.004614723860024409 94
1890 0.004637382321706202 94.5
1900 0.00466305620418477 95
1910 0.004689919129562434 95.5
1920 0.004718915907717267 96
1930 0.004747986155208248 96.5
1940 0.004778040019512918 97
1950 0.004807920688596161 97.5
1960 0.004838585556809724 98
1970 0.004868836849126366 98.5
1980 0.004899746862494703 99
1990 0.004929889709502833 99.5
2000 0.004960480151971273 100
2010 0.004990373086695999 100.5
2020 0.005020603062072207 101
2030 0.005050382661458533 101.5
2040 0.005080824522850244 102
2050 0.005110915376791334 102.5
2060 0.005141775691488782 103
2070 0.005174604581357494 103.5
2080 0.005200873974251514 104
2090 0.00522841884028332 104.5
2100 0.005253491587008188 105
2110 0.005269387141755726 105.5
2120 0.005282168321648061 106
2130 0.005287107483493741 106.5
2140 0.005286522754665347 107
2150 0.005278109829090582 107.5
2160 0.005265594039261282 108
2170 0.005247434337997644 108.5
2180 0.005225553947564222 109
2190 0.005199646574117794 109.5
2200 0.005170792982103504 110
2210 0.005138798614612305 110.5
2220 0.005102660779182738 111
2230 0.005069147498534253 111.5
2240 0.005039490100563719 112
2250 0.005007895254522726 112.5
2260 0.004977884453300086 113
2270 0.004948298378262123 113.5
2280 0.004926479319869526 114
2290 0.004905336323735295 114.5
2300 0.004886092579738515 115
2310 0.004873304638333183 115.5
2320 0.004860994117285805 116
2330 0.00485375400564643 116.5
2340 0.004848791715628975 117
2350 0.004847792842044279 117.5
2360 0.004849514333156843 118
2370 0.004852563090026984 118.5
2380 0.004857250038158791 119
2390 0.004860642336963433 119.5
2400 0.004862130936521882 120
2410 0.004860032804853578 120.5
2420 0.004854293943873969 121
2430 0.004847655208830778 121.5
2440 0.004838845237223071 122
2450 0.0048294934973934 122.5
2460 0.004823786657613679 123
2470 0.004820274736825932 123.5
2480 0.004820114631496595 124
2490 0.004822887241113876 124.5
2500 0.004828605439548882 125
2510 0.004837894115505795 125.5
2520 0.004851184084400776 126
2530 0.004867324353049094 126.5
2540 0.004887881199278213 127
2550 0.00490608303192608 127.5
2560 0.004925796461840821 128
2570 0.004943590134434014 128.5
2580 0.004959440239789973 129
2590 0.004968737571792087 129.5
2600 0.004976670740873361 130
2610 0.004982000799815716 130.5
2620 0.004987845070414863 131
2630 0.004994603859307108 131.5
2640 0.005002658722199626 132
2650 0.005012651693591207 132.5
2660 0.005024698949887906 133
2670 0.005036569592626158 133.5
2680 0.005046970941640166 134
2690 0.005052475786219469 134.5
2700 0.005051812214368036 135
2710 0.005045782435019431 135.5
2720 0.005036375994702851 136
2730 0.005027699014112013 136.5
2740 0.005020476171157777 137
2750 0.005017362572412874 137.5
2760 0.005018927338094773 138
2770 0.005024123005423526 138.5
2780 0.005031853587389502 139
2790 0.005040385414288987 139.5
2800 0.005048383914924849 140
2810 0.005054913444561881 140.5
2820 0.005059531064138397 141
2830 0.00506251066235418 141.5
2840 0.005064665441363699 142
2850 0.005066897685346539 142.5
2860 0.005069864895282727 143
2870 0.005073974750104412 143.5
2880 0.005081375559777916 144
2890 0.005092197758405215 144.5
2900 0.005105533690623568 145
2910 0.00512383191883059 145.5
2920 0.005142632161118195 146
2930 0.005167187221268937 146.5
2940 0.005195421138772722 147
2950 0.005226595278487039 147.5
2960 0.005263361947526852 148
2970 0.005294963733361012 148.5
2980 0.005334576980981519 149
2990 0.005367190967495465 149.5
3000 0.005404904068879822 150
3010 0.005433011226906558 150.5
3020 0.005462763442416349 151
3030 0.005483485811183367 151.5
3040 0.005504899474835642 152
3050 0.005519788235670508 152.5
3060 0.005536601391411972 153
3070 0.005552081368723025 153.5
3080 0.005572497700568594 154
3090 0.00559635318350666 154.5
3100 0.005620577565705715 155
3110 0.005644651100107695 155.5
3120 0.005667529193340867 156
3130 0.005688329773914514 156.5
3140 0.005707644063669458 157
3150 0.005721164962756292 157.5
3160 0.005732828109054532 158
3170 0.005740908101640541 158.5
3180 0.005745914792708298 159
3190 0.005748690986130449 159.5
3200 0.005750144543025994 160
3210 0.005750847218649328 160.5
3220 0.005751191342053779 161
3230 0.005750656596569693 161.5
3240 0.00574883971965185 162
3250 0.005745535758895517 162.5
3260 0.005741294491673416 163
3270 0.005736878633863838 163.5
3280 0.005732761921077247 164
3290 0.005728753349146867 164.5
3300 0.005723128859595935 165
3310 0.00571634185145339 165.5
3320 0.005705270958351513 166
3330 0.005689887665333239 166.5
3340 0.005670828175630914 167
3350 0.00564832918145536 167.5
3360 0.005622648553789814 168
3370 0.005594128773048898 168.5
3380 0.005560579306039689 169
3390 0.005532657151313011 169.5
3400 0.005502889893168217 170
3410 0.005476816693638491 170.5
3420 0.005456105145489189 171
3430 0.005441520825141095 171.5
3440 0.005432068486205227 172
3450 0.005427409310252289 172.5
3460 0.00542699809782154 173
3470 0.005429712325517006 173.5
3480 0.005433817320969751 174
3490 0.005438164117596185 174.5
3500 0.005441901199196076 175
3510 0.005443612101377979 175.5
3520 0.005443639458134906 176
3530 0.005441241757470845 176.5
3540 0.005436633435509764 177
3550 0.005429918969602833 177.5
3560 0.005421583977549935 178
3570 0.005412238413381915 178.5
3580 0.005402084027385066 179
3590 0.005391892690832084 179.5
3600 0.005381901021030325 180
3610 0.005371783764010398 180.5
3620 0.005364061145162013 181
3630 0.005355820254928695 181.5
3640 0.005348270112606895 182
3650 0.005341519710495702 182.5
3660 0.005335941484648056 183
3670 0.005331834331151624 183.5
3680 0.005329373580069847 184
3690 0.005328633565275017 184.5
3700 0.005329590627966249 185
3710 0.005332215422120972 185.5
3720 0.005336597276904546 186
3730 0.00534332412109269 186.5
3740 0.005350695730004789 187
3750 0.005361065926351029 187.5
3760 0.0053752940496377 188
3770 0.005389251261927365 188.5
3780 0.005407152226383975 189
3790 0.005427745343696858 189.5
3800 0.005450055557001473 190
3810 0.005473670672601121 190.5
3820 0.005497674157846646 191
3830 0.005520661522349022 191.5
3840 0.005542391254763386 192
3850 0.005562241327011524 192.5
3860 0.005579470692066145 193
3870 0.005594558260584376 193.5
3880 0.00560699063791829 194
3890 0.005616294466706882 194.5
3900 0.005622551526772116 195
3910 0.005625654720629003 195.5
3920 0.005624980095496263 196
3930 0.005619797277941185 196.5
3940 0.005609407773644812 197
3950 0.00559366374895213 197.5
3960 0.005572804245266866 198
3970 0.00554729884206067 198.5
3980 0.005517839953369009 199
3990 0.005485291150814754 199.5
4000 0.005450783701533424 200
4010 0.005415636553024937 200.5
4020 0.005380719795188098 201
4030 0.005346579190358761 201.5
4040 0.005313698972822912 202
4050 0.005282352592490528 202.5
4060 0.005252443225488153 203
4070 0.005223866803368082 203.5
4080 0.005196473941010905 204
4090 0.005170323319014434 204.5
4100 0.005145446533844857 205
4110 0.005121886563931199 205.5
4120 0.005099618210343969 206
4130 0.005078624804171018 206.5
4140 0.005058762873406977 207
4150 0.005039146816989765 207.5
4160 0.005024600966279444 208
4170 0.005010508337483064 208.5
4180 0.004998549059352309 209
4190 0.004988328479136818 209.5
4200 0.004979217616669251 210
4210 0.004970172251154999 210.5
4220 0.004962304026441333 211
4230 0.004955456243570016 211.5
4240 0.004947830891755618 212
4250 0.004939772289891649 212.5
4260 0.004931005731962945 213
4270 0.00492195247955013 213.5
4280 0.004913326419222295 214
4290 0.004905691644192462 214.5
4300 0.004900515424682267 215
4310 0.004899031365778161 215.5
4320 0.004901234050815599 216
4330 0.004906674240138971 216.5
4340 0.004914993654404353 217
4350 0.004925222651415141 217.5
4360 0.004938112650100226 218
4370 0.004949671388722543 218.5
4380 0.004962874617784869 219
4390 0.004976721232282941 219.5
4400 0.004992700436500564 220
4410 0.005006618068774974 220.5
4420 0.005023009022719593 221
4430 0.005040372031589772 221.5
4440 0.005058470524809502 222
4450 0.005076949345811318 222.5
4460 0.005095264242179277 223
4470 0.005112804760392308 223.5
4480 0.005129115947914271 224
4490 0.005143686955038796 224.5
4500 0.00515608279885051 225
4510 0.00516606840270855 225.5
4520 0.005173337032244717 226
4530 0.005178081156009335 226.5
4540 0.005180175633104335 227
4550 0.005179627421961193 227.5
4560 0.005177506390213495 228
4570 0.0051740354140069 228.5
4580 0.00516997296993706 229
4590 0.00516574007312063 229.5
4600 0.00516300745901279 230
4610 0.005161325340788043 230.5
4620 0.0051612419417843 231
4630 0.005163392089069415 231.5
4640 0.005167713469920952 232
4650 0.005175503255870354 232.5
4660 0.005187597287680806 233
4670 0.005199875937433564 233.5
4680 0.005215233495870672 234
4690 0.005233432063237646 234.5
4700 0.005248973809269433 235
4710 0.005266782707440735 235.5
4720 0.005284425742969275 236
4730 0.005302527014472903 236.5
4740 0.005321165118257616 237
4750 0.005339817734557831 237.5
4760 0.005358813954028272 238
4770 0.00537789250043552 238.5
4780 0.005396305112354194 239
4790 0.005414283539566591 239.5
4800 0.005431162720810886 240
4810 0.005447926597561766 240.5
4820 0.00545994334326416 241
4830 0.005471248970709599 241.5
4840 0.005481355115752186 242
4850 0.005488063943730891 242.5
4860 0.005494014156443697 243
4870 0.005498536910181312 243.5
4880 0.005501745657714692 244
4890 0.005503746166884618 244.5
4900 0.005505112203557537 245
4910 0.005506899109560252 245.5
4920 0.005509059484686689 246
4930 0.005512707341869748 246.5
4940 0.005518078436601046 247
4950 0.005525581394290154 247.5
4960 0.005534806787053752 248
4970 0.005546590881191773 248.5
4980 0.00555729546903552 249
4990 0.005570162256030993 249.5
5000 0.005583340224538822 250
