0 0 0
10 1.097852656565666e-18 0.5
20 2.227628671625388e-15 1
30 6.006269412160366e-13 1.5
40 9.427314448633795e-11 2
50 8.413304295242856e-09 2.5
60 1.685712933496144e-07 3
70 1.005058373728651e-06 3.5
80 3.187582311676544e-06 4
90 6.761816686667464e-06 4.5
100 1.129030326185703e-05 5
110 1.689315081354441e-05 5.5
120 2.505505051193112e-05 6
130 3.797214543252194e-05 6.5
140 5.695981121684686e-05 7
150 8.062131430103073e-05 7.5
160 0.0001055519512649665 8
170 0.0001282481866905941 8.500000000000002
180 0.000144979670551156 9.000000000000002
190 0.0001543395500109468 9.500000000000002
200 0.0001565012790096674 10
210 0.0001529751214475934 10.5
220 0.0001483736040752895 11
230 0.0001469267823256348 11.5
240 0.0001508590304748946 12
250 0.0001615765495792871 12.5
260 0.0001847333593917341 13
270 0.0002190631862226027 13.5
280 0.0002593444280515536 14
290 0.0003049212531665264 14.5
300 0.0003562069130411194 15
310 0.0004169886318543489 15.5
320 0.0004849607074914303 16
330 0.0005519726255198891 16.5
340 0.0006119214254659561 17
350 0.0006680818953179565 17.5
360 0.0007249200431186114 18
370 0.0007864807183275811 18.5
380 0.0008601626370696318 19
390 0.0009477344246310177 19.5
400 0.001047104737188273 20
410 0.001149044950798166 20.5
420 0.00125588282376961 21
430 0.001368309450154833 21.5
440 0.001483433800055457 22
450 0.001597474281135465 22.5
460 0.001706665701395739 23
470 0.00180503363835791 23.5
480 0.00188510477230097 24
490 0.001946578134432817 24.5
500 0.001989598132054775 25
510 0.002018056135940616 25.5
520 0.002041024089540599 26
530 0.0020636324918859 26.5
540 0.002089223939147596 27
550 0.002116126231550115 27.5
560 0.002142187275951486 28
570 0.002167095095229632 28.5
580 0.002192091282558788 29
590 0.00221791042785167 29.5
600 0.002245111746319276 30
610 0.002273682282907725 30.5
620 0.002303084037153918 31
630 0.002332528790368421 31.5
640 0.002358080528112403 32
650 0.002378631999578882 32.5
660 0.002398464850297182 33
670 0.002421818574409266 33.5
680 0.002449316744905134 34
690 0.002478761358145344 34.5
700 0.002510376437284941 35
710 0.00254795604928066 35.5
720 0.00259394102759998 36
730 0.002651731173851338 36.5
740 0.002723519296872401 37
750 0.002805036680191221 37.5
760 0.002891432952005907 38
770 0.00297953252863638 38.5
780 0.003063396066274208 39
790 0.003130893768026639 39.5
800 0.003182551544645878 40
810 0.00322093935490202 40.5
820 0.003245161007641077 41
830 0.003259373555764292 41.5
840 0.003264511166060392 42
850 0.003260129442852624 42.5
860 0.003248145143722952 43
870 0.00323401387366426 43.5
880 0.003220900239842348 44
890 0.003207864765456259 44.5
900 0.003193905251133757 45
910 0.003178743696143902 45.5
920 0.003162365909005864 46
930 0.00314419394455267 46.5
940 0.003125213129740814 47
950 0.003106449571538552 47.5
960 0.003089851018227321 48
970 0.003076189591626546 48.5
980 0.003064147321134769 49
990 0.003052703523628367 49.5
1000 0.003044084890104273 50
1010 0.003040353421673605 50.5
1020 0.003040097023195304 51
1030 0.003041539454647841 51.5
1040 0.00304733398539949 52
1050 0.003057724181325463 52.5
1060 0.003070731623172133 53
1070 0.003084956804959784 53.5
1080 0.003098559029148023 54
1090 0.003108373920860261 54.5
1100 0.003111970467355293 55
1110 0.003112123325968538 55.5
1120 0.00311643469101605 56
1130 0.003129478807670823 56.5
1140 0.003147552778997734 57
1150 0.00316839055037518 57.5
1160 0.003192825144282639 58
1170 0.003219605099547295 58.5
1180 0.003245583370260443 59
1190 0.003269171116505518 59.5
1200 0.003291003474387902 60
1210 0.003313319906015177 60.5
1220 0.003337860118621999 61
1230 0.00336421742745237 61.5
1240 0.00339212821557522 62
1250 0.003420476621174017 62.5
1260 0.003446062233120545 63
1270 0.003468498106911178 63.5
1280 0.003487844468358601 64
1290 0.003504035702600149 64.5
1300 0.003518517058448194 65
1310 0.003532535170825261 65.5
1320 0.003545857847244074 66
1330 0.003559069288748017 66.5
1340 0.003574403490402659 67
1350 0.003592489586689315 67.5
1360 0.003613307783105315 68
1370 0.003636478764706362 68.5
1380 0.003664521110377325 69
1390 0.00369878218002841 69.5
1400 0.00373787934824569 70
1410 0.003778235828528999 70.5
1420 0.003816445727383524 71
1430 0.003850234507714581 71.5
1440 0.003878630541041888 72
1450 0.003902897922359505 72.5
1460 0.003924552511566205 73
1470 0.003945974651015674 73.5
1480 0.003971103345840312 74
1490 0.004002272778500971 74.5
1500 0.004038214522142153 75
1510 0.004073869844642566 75.5
1520 0.004105183990991202 76
1530 0.004131269310724042 76.5
1540 0.004150669356689137 77
1550 0.004163379560360083 77.5
1560 0.004169105151635809 78
1570 0.004167950605378399 78.5
1580 0.004157337251468315 79
1590 0.004134965531851494 79.5
1600 0.004101449350465061 80
1610 0.004060766180756822 80.5
1620 0.004018530973771263 81
1630 0.003976774636321848 81.5
1640 0.003937068706315393 82
1650 0.003900118811137753 82.5
1660 0.003863949231028602 83
1670 0.003828297793418749 83.5
1680 0.00379565919927176 84
1690 0.003767109245070363 84.5
1700 0.003743423522314714 85
1710 0.003723671062680448 85.5
1720 0.003706649110468585 86
1730 0.00369257146235699 86.5
1740 0.003680468427183555 87
1750 0.003669143599907202 87.5
1760 0.003657211607850951 88
1770 0.003646109351249044 88.5
1780 0.003637510374396933 89
1790 0.003631498676514893 89.5
1800 0.003626427828908147 90
1810 0.003621982917276514 90.5
1820 0.003619222917024737 91
1830 0.00361796947010991 91.5
1840 0.003616653622136538 92
1850 0.003614564682447145 92.5
1860 0.003612207644575118 93
1870 0.003609617990846933 93.5
1880 0.003606758712542838 94
1890 0.003604241126049246 94.5
1900 0.003601162386955422 95
1910 0.003596542325753752 95.5
1920 0.003588641562625821 96
1930 0.003577227507033984 96.5
1940 0.003562501590392888 97
1950 0.003546090511692456 97.5
1960 0.003527801238165788 98
1970 0.003508672445853067 98.5
1980 0.003488028550763544 99
1990 0.003466594837197129 99.5
2000 0.00344369159280737 100
2010 0.003422229404890053 100.5
2020 0.003403088246461117 101
2030 0.003388098434097288 101.5
2040 0.003375825642089604 102
2050 0.003365059723427477 102.5
2060 0.003354307694648436 103
2070 0.003342801162072528 103.5
2080 0.003333292532633308 104
2090 0.003323028385871635 104.5
2100 0.003312973670870061 105
2110 0.003305652514631435 105.5
2120 0.003297376648857213 106
2130 0.003290954135053303 106.5
2140 0.003284020120385909 107
2150 0.003276248146204355 107.5
2160 0.0032697994615134 108
2170 0.0032625205361246 108.5
2180 0.00325489918936337 109
2190 0.003245420315489855 109.5
2200 0.003234196218908492 110
2210 0.003220139194274967 110.5
2220 0.003202267257143567 111
2230 0.003183133516319318 111.5
2240 0.003164173172894057 112
2250 0.003142263364957865 112.5
2260 0.003121629840570688 113
2270 0.003103283899415292 113.5
2280 0.003090559440827243 114
2290 0.003078385543497575 114.5
2300 0.003066817027765792 115
2310 0.003058332868810638 115.5
2320 0.003049467939351908 116
2330 0.003044118648797853 116.5
2340 0.003041573066283929 117
2350 0.003044212599257481 117.5
2360 0.003055605577011225 118
2370 0.003073305460361048 118.5
2380 0.003103705214508207 119
2390 0.003134355004346141 119.5
2400 0.003177779057714354 120
2410 0.003217863001129026 120.5
2420 0.003268754088279194 121
2430 0.003312875857493607 121.5
2440 0.003364267175865587 122
2450 0.003421935066765921 122.5
2460 0.003468843326036157 123
2470 0.003517921366758657 123.5
2480 0.003565546685432804 124
2490 0.003599363874209873 124.5
2500 0.003633039163904618 125
2510 0.003664493419285797 125.5
2520 0.003695846625515945 126
2530 0.003727655342450647 126.5
2540 0.003763768773025731 127
2550 0.0037931511632396 127.5
2560 0.003823732067044414 128
2570 0.00385163468769531 128.5
2580 0.003879093856216541 129
2590 0.003897638692067667 129.5
2600 0.003914695418497719 130
2610 0.003924008495009338 130.5
2620 0.003929535067354417 131
2630 0.003931656728311902 131.5
2640 0.00393156770917571 132
2650 0.003929879288945558 132.5
2660 0.003926768447982453 133
2670 0.003922177231518094 133.5
2680 0.003915780113652911 134
2690 0.003908624538590613 134.5
2700 0.0039003213633521 135
2710 0.003888543254351584 135.5
2720 0.003873993011699023 136
2730 0.003860859938379752 136.5
2740 0.003847846369928066 137
2750 0.003837291211447721 137.5
2760 0.003828664239650011 138
2770 0.003821665498017052 138.5
2780 0.003813558252808513 139
2790 0.003804317272171139 139.5
2800 0.003794674604529326 140
2810 0.003784735756911828 140.5
2820 0.003774897650490063 141
2830 0.003765497412351784 141.5
2840 0.003755587613701344 142
2850 0.00374488607864501 142.5
2860 0.003731277668859806 143
2870 0.003716816777880918 143.5
2880 0.003700720304857596 144
2890 0.003684713153801181 144.5
2900 0.003668381801845888 145
2910 0.003648721566014673 145.5
2920 0.003631683995524976 146
2930 0.003612203968560984 146.5
2940 0.003593575561969831 147
2950 0.003576846073005769 147.5
2960 0.003560543724430538 148
2970 0.003547115224034888 148.5
2980 0.003528786751112576 149
2990 0.003513484329652036 149.5
3000 0.003496151907606745 150
3010 0.003483040135333649 150.5
3020 0.003468473697616256 151
3030 0.003457646325783455 151.5
3040 0.003446548311689338 152
3050 0.003438470070080627 152.5
3060 0.003429396728593009 153
3070 0.003422972123797013 153.5
3080 0.003419785824126009 154
3090 0.00342363636024471 154.5
3100 0.00343508408677854 155
3110 0.003453603754362764 155.5
3120 0.003477999057995179 156
3130 0.003506422893941108 156.5
3140 0.003540387101291913 157
3150 0.003569543635282019 157.5
3160 0.003602065472726821 158
3170 0.003634833658568292 158.5
3180 0.003666463333290315 159
3190 0.003695637782235485 159.5
3200 0.003723181872396699 160
3210 0.00374794853771789 160.5
3220 0.00377160683559098 161
3230 0.003786307842553935 161.5
3240 0.003795964699624261 162
3250 0.003799068282107923 162.5
3260 0.003795844580527123 163
3270 0.003786287962279751 163.5
3280 0.003772250043694677 164
3290 0.003756586337674104 164.5
3300 0.003741287636272077 165
3310 0.00373201891769066 165.5
3320 0.003726620780269878 166
3330 0.003727051947366212 166.5
3340 0.003732071509550551 167
3350 0.003741005296046004 167.5
3360 0.003752986731138207 168
3370 0.003766817026152806 168.5
3380 0.003782428279708194 169
3390 0.003795316564203038 169.5
3400 0.003810027046658658 170
3410 0.00382458562174842 170.5
3420 0.003838067934700385 171
3430 0.003850390602461775 171.5
3440 0.003862360280830038 172
3450 0.003873603668942213 172.5
3460 0.003883846791714046 173
3470 0.003894460317303374 173.5
3480 0.003906403774930622 174
3490 0.003921732440305947 174.5
3500 0.00394398337121526 175
3510 0.003967638706388865 175.5
3520 0.004000286138210777 176
3530 0.004038995427881989 176.5
3540 0.004081286076826327 177
3550 0.004127199638560157 177.5
3560 0.004173170388847645 178
3570 0.004218005413929127 178.5
3580 0.004260952893049411 179
3590 0.004298795026429919 179.5
3600 0.004330733402549088 180
3610 0.00435690395862597 180.5
3620 0.004371841222685303 181
3630 0.004383233489879353 181.5
3640 0.004391045982694243 182
3650 0.004395595748039252 182.5
3660 0.004397431257844561 183
3670 0.004398892814523775 183.5
3680 0.004399915110171143 184
3690 0.004400257193474341 184.5
3700 0.004399077232860985 185
3710 0.004395075599307455 185.5
3720 0.004387550314359875 186
3730 0.004376641232702834 186.5
3740 0.004366934305372483 187
3750 0.004356323076320766 187.5
3760 0.004345932816839696 188
3770 0.004339196100773463 188.5
3780 0.004333921328470459 189
3790 0.004331372497933055 189.5
3800 0.004331653792489528 190
3810 0.004334672133775884 190.5
3820 0.004340039304306116 191
3830 0.004347087581042033 191.5
3840 0.004355425250921925 192
3850 0.004364469080411393 192.5
3860 0.004373901814871778 193
3870 0.004383638615726756 193.5
3880 0.004393332054889347 194
3890 0.00440260803391869 194.5
3900 0.004411262458186432 195
3910 0.004419102906876442 195.5
3920 0.004425932340708973 196
3930 0.004431968496889226 196.5
3940 0.004436646529333659 197
3950 0.004438893607446807 197.5
3960 0.004439409014365385 198
3970 0.004439792763737769 198.5
3980 0.004440108899282287 199
3990 0.004440053090486652 199.5
4000 0.004440156516936838 200
4010 0.004441070143249738 200.5
4020 0.004443084220461194 201
4030 0.004445520627571953 201.5
4040 0.004447216903586714 202
4050 0.004448110864332225 202.5
4060 0.004448294917511093 203
4070 0.004448101018290401 203.5
4080 0.004448212898630582 204
4090 0.004449300055307991 204.5
4100 0.00445175693106338 205
4110 0.004455154949237534 205.5
4120 0.004459150420355293 206
4130 0.004463453909507638 206.5
4140 0.004467775265348571 207
4150 0.004472957773027704 207.5
4160 0.004478499832296178 208
4170 0.004486265391508564 208.5
4180 0.004494368006950234 209
4190 0.004500900712012955 209.5
4200 0.004505462773140801 210
4210 0.004507363962104712 210.5
4220 0.004506117327317968 211
4230 0.004505179881776952 211.5
4240 0.004505994253084928 212
4250 0.004509955836569574 212.5
4260 0.004516999225244929 213
4270 0.00452607904405881 213.5
4280 0.004536583484122417 214
4290 0.004547283623801431 214.5
4300 0.004557520251393353 215
4310 0.004567374568680755 215.5
4320 0.004577005877388416 216
4330 0.004585556282557108 216.5
4340 0.00459134195243691 217
4350 0.004593775490980368 217.5
4360 0.004593003213435009 218
4370 0.004590165325422598 218.5
4380 0.004586035295814146 219
4390 0.004580939661721388 219.5
4400 0.004574051614945313 220
4410 0.004567286964227917 220.5
4420 0.004559026283761059 221
4430 0.004550966965674367 221.5
4440 0.004543306060575148 222
4450 0.004536238078823711 222.5
4460 0.004530134552410402 223
4470 0.004525464969523179 223.5
4480 0.004522098777746913 224
4490 0.004519885925581706 224.5
4500 0.004518605769363581 225
4510 0.004517813526840285 225.5
4520 0.004517352368209987 226
4530 0.004516986349162913 226.5
4540 0.004516463524508232 227
4550 0.004515244095353668 227.5
4560 0.004513592469813642 228
4570 0.004510974603018279 228.5
4580 0.004507324868770214 229
4590 0.004502130526000517 229.5
4600 0.004496576836189497 230
4610 0.004488985609237751 230.5
4620 0.004480417294936103 231
4630 0.004470786376514973 231.5
4640 0.00446320666063106 232
4650 0.004455654654616642 232.5
4660 0.004448762926724275 233
4670 0.004444386611051525 233.5
4680 0.004440782406624135 234
4690 0.004438178532159472 234.5
4700 0.004437027474983254 235
4710 0.004436545619544519 235.5
4720 0.004436741862457975 236
4730 0.004437058924798929 236.5
4740 0.004437420570992106 237
4750 0.00443797523465204 237.5
4760 0.004438771340057308 238
4770 0.004440223420554701 238.5
4780 0.004442733869982732 239
4790 0.004446999772514877 239.5
4800 0.004453439224363498 240
4810 0.004461957178024621 240.5
4820 0.004468909635352044 241
4830 0.004475799542467117 241.5
4840 0.004482425972512799 242
4850 0.004487415730144762 242.5
4860 0.004493006129096968 243
4870 0.004499174719675177 243.5
4880 0.004506817740046051 244
4890 0.004516493541665138 244.5
4900 0.004528297308311402 245
4910 0.00454309241412943 245.5
4920 0.004555760636385654 246
4930 0.004569600585367237 246.5
4940 0.004582545146157629 247
4950 0.004594354589674111 247.5
4960 0.004604821773205269 248
4970 0.004615102847679927 248.5
4980 0.004622442262409162 249
4990 0.004629429525764124 249.5
5000 0.004634776231236779 250
