0 0.2043697386980057 0
10 0.2078088521957397 0.5
20 0.2072782665491104 1
30 0.2071289867162704 1.5
40 0.2070515304803848 2
50 0.206811711192131 2.5
60 0.2065222710371017 3
70 0.2061582207679749 3.5
80 0.205825075507164 4
90 0.2056245654821396 4.5
100 0.2053415179252625 5
110 0.20513516664505 5.5
120 0.2049210965633392 6
130 0.2049881964921951 6.5
140 0.2052685618400574 7
150 0.2057222425937653 7.5
160 0.2061260789632797 8
170 0.206451416015625 8.500000000000002
180 0.20669986307621 9.000000000000002
190 0.2070143222808838 9.500000000000002
200 0.2072596698999405 10
210 0.2074176371097565 10.5
220 0.2076622843742371 11
230 0.2075532227754593 11.5
240 0.2074373215436935 12
250 0.2072349786758423 12.5
260 0.206847608089447 13
270 0.2064389884471893 13.5
280 0.2061071544885635 14
290 0.2061378955841064 14.5
300 0.206185445189476 15
310 0.2062447220087051 15.5
320 0.2064716666936874 16
330 0.2066391259431839 16.5
340 0.2067843973636627 17
350 0.2070067673921585 17.5
360 0.2072865515947342 18
370 0.2077157944440842 18.5
380 0.2080540359020233 19
390 0.2083534598350525 19.5
400 0.208628848195076 20
410 0.2089492529630661 20.5
420 0.2092163264751434 21
430 0.2094248086214066 21.5
440 0.2096198201179504 22
450 0.2098978161811829 22.5
460 0.2101431638002396 23
470 0.2103167325258255 23.5
480 0.2104531675577164 24
490 0.2105593085289001 24.5
500 0.2107630521059036 25
510 0.2109741568565369 25.5
520 0.2112524062395096 26
530 0.2114195376634598 26.5
540 0.2116153538227081 27
550 0.2115901112556458 27.5
560 0.2115643173456192 28
570 0.2114819586277008 28.5
580 0.2114007771015167 29
590 0.2112990319728851 29.5
600 0.2111178189516068 30
610 0.2109486311674118 30.5
620 0.2106913626194 31
630 0.210363432765007 31.5
640 0.210019662976265 32
650 0.209798127412796 32.5
660 0.2096473276615143 33
670 0.2095678895711899 33.5
680 0.2096127867698669 34
690 0.2096093595027924 34.5
700 0.2096267640590668 35
710 0.2094832211732864 35.5
720 0.2094743698835373 36
730 0.2095681130886078 36.5
740 0.2095927447080612 37
750 0.2096429020166397 37.5
760 0.2096791565418243 38
770 0.2097984403371811 38.5
780 0.2100654244422913 39
790 0.2102044522762299 39.5
800 0.2102732956409454 40
810 0.210295781493187 40.5
820 0.2103783339262009 41
830 0.2104286253452301 41.5
840 0.2105198055505753 42
850 0.2106883674860001 42.5
860 0.2108622789382935 43
870 0.211092621088028 43.5
880 0.2113038599491119 44
890 0.2115627080202103 44.5
900 0.2118427753448486 45
910 0.2120126336812973 45.5
920 0.2121369242668152 46
930 0.2121089547872543 46.5
940 0.2119897603988647 47
950 0.2118362188339233 47.5
960 0.2119049429893494 48
970 0.2118029892444611 48.5
980 0.2114026695489883 49
990 0.2109358608722687 49.5
1000 0.2103238850831985 50
1010 0.2098328173160553 50.5
1020 0.2094800174236298 51
1030 0.2092382907867432 51.5
1040 0.2092431485652924 52
1050 0.2093215584754944 52.5
1060 0.2095510959625244 53
1070 0.2098146677017212 53.5
1080 0.2100141048431396 54
1090 0.2101753652095795 54.5
1100 0.2101505845785141 55
1110 0.2100253105163574 55.5
1120 0.2096576541662216 56
1130 0.2091675251722336 56.5
1140 0.2089672982692719 57
1150 0.2088741362094879 57.5
1160 0.2086393535137177 58
1170 0.2082552313804626 58.5
1180 0.2078534960746765 59
1190 0.2074492126703262 59.5
1200 0.2069111168384552 60
1210 0.2062155306339264 60.5
1220 0.206278383731842 61
1230 0.2065230756998062 61.5
1240 0.2068288177251816 62
1250 0.2070498615503311 62.5
1260 0.2071760594844818 63
1270 0.2072010934352875 63.5
1280 0.2071430832147598 64
1290 0.2071607559919357 64.5
1300 0.2072453796863556 65
1310 0.2073092758655548 65.5
1320 0.207782581448555 66
1330 0.208743155002594 66.5
1340 0.2094127982854843 67
1350 0.2098633199930191 67.5
1360 0.2101221084594727 68
1370 0.2103338986635208 68.5
1380 0.2106264978647232 69
1390 0.2108231335878372 69.5
1400 0.2108117640018463 70
1410 0.2107196450233459 70.5
1420 0.2106980681419373 71
1430 0.210689052939415 71.5
1440 0.2106158882379532 72
1450 0.2103852331638336 72.5
1460 0.2100807875394821 73
1470 0.2096451967954636 73.5
1480 0.2091492414474487 74
1490 0.2086232155561447 74.5
1500 0.2080847322940826 75
1510 0.2075924724340439 75.5
1520 0.2070483267307281 76
1530 0.2065493613481522 76.5
1540 0.2062876224517822 77
1550 0.2060268223285675 77.5
1560 0.2061148136854172 78
1570 0.2062782496213913 78.5
1580 0.2064863741397858 79
1590 0.2066056579351425 79.5
1600 0.2066905200481415 80
1610 0.2066710442304611 80.5
1620 0.2065514475107193 81
1630 0.206423819065094 81.5
1640 0.2061753571033478 82
1650 0.2059926241636276 82.5
1660 0.2055927366018295 83
1670 0.2050994634628296 83.5
1680 0.2044968605041504 84
1690 0.2038483917713165 84.5
1700 0.2030870765447617 85
1710 0.2022974938154221 85.5
1720 0.2015339434146881 86
1730 0.2022263556718826 86.5
1740 0.2031464725732803 87
1750 0.2037928253412247 87.5
1760 0.2042635381221771 88
1770 0.2047466784715652 88.5
1780 0.2049260139465332 89
1790 0.2047664523124695 89.5
1800 0.204327791929245 90
1810 0.2038768529891968 90.5
1820 0.2035061568021774 91
1830 0.2030725628137589 91.5
1840 0.2026775032281876 92
1850 0.2022970914840698 92.5
1860 0.2016930878162384 93
1870 0.201209232211113 93.5
1880 0.2011534869670868 94
1890 0.2009687274694443 94.5
1900 0.2007902264595032 95
1910 0.2005749046802521 95.5
1920 0.200369268655777 96
1930 0.2001736164093018 96.5
1940 0.2001596391201019 97
1950 0.200297936797142 97.5
1960 0.2004789859056473 98
1970 0.200602114200592 98.5
1980 0.2008021324872971 99
1990 0.2013283967971802 99.5
2000 0.2021077126264572 100
2010 0.2027729749679565 100.5
2020 0.203440248966217 101
2030 0.2039704471826553 101.5
2040 0.2044820338487625 102
2050 0.2048878222703934 102.5
2060 0.2052480727434158 103
2070 0.2055222392082214 103.5
2080 0.2057519853115082 104
2090 0.2059670239686966 104.5
2100 0.2061472982168198 105
2110 0.2062926590442657 105.5
2120 0.2063344866037369 106
2130 0.2061979323625565 106.5
2140 0.2059562355279922 107
2150 0.2057235389947891 107.5
2160 0.2054536640644073 108
2170 0.2051478177309036 108.5
2180 0.2047977894544601 109
2190 0.2046077698469162 109.5
2200 0.204547107219696 110
2210 0.2044679671525955 110.5
2220 0.2043856233358383 111
2230 0.2044046819210052 111.5
2240 0.2045296281576157 112
2250 0.2048396468162537 112.5
2260 0.205272376537323 113
2270 0.2058223634958267 113.5
2280 0.2062773108482361 114
2290 0.2067815214395523 114.5
2300 0.207184687256813 115
2310 0.2073514312505722 115.5
2320 0.2074965536594391 116
2330 0.2075650691986084 116.5
2340 0.2076457887887955 117
2350 0.2078049182891846 117.5
2360 0.2080843299627304 118
2370 0.2082896083593369 118.5
2380 0.208376333117485 119
2390 0.2084104418754578 119.5
2400 0.2084433734416962 120
2410 0.2083812206983566 120.5
2420 0.2082578539848328 121
2430 0.2081131637096405 121.5
2440 0.2079195976257324 122
2450 0.2077656239271164 122.5
2460 0.2076295167207718 123
2470 0.2075915783643723 123.5
2480 0.2077384293079376 124
2490 0.2079341560602188 124.5
2500 0.2081747204065323 125
2510 0.2084251195192337 125.5
2520 0.2087032347917557 126
2530 0.208924263715744 126.5
2540 0.2092144340276718 127
2550 0.2094645649194717 127.5
2560 0.2097253054380417 128
2570 0.2099455595016479 128.5
2580 0.2101145088672638 129
2590 0.2102302759885788 129.5
2600 0.2103472352027893 130
2610 0.2104611992835999 130.5
2620 0.2105232626199722 131
2630 0.2104828953742981 131.5
2640 0.2103203237056732 132
2650 0.2100534737110138 132.5
2660 0.2097888737916946 133
2670 0.2095300704240799 133.5
2680 0.2093171328306198 134
2690 0.2092267274856567 134.5
2700 0.2091822922229767 135
2710 0.2091441750526428 135.5
2720 0.2090847045183182 136
2730 0.2089890837669373 136.5
2740 0.2089206278324127 137
2750 0.2089101374149323 137.5
2760 0.208895817399025 138
2770 0.2088728696107864 138.5
2780 0.2088734358549118 139
2790 0.2089453041553497 139.5
2800 0.2090014964342117 140
2810 0.2090442776679993 140.5
2820 0.2090848684310913 141
2830 0.209090381860733 141.5
2840 0.209102526307106 142
2850 0.2090786546468735 142.5
2860 0.2090265154838562 143
2870 0.2090445309877396 143.5
2880 0.2090238630771637 144
2890 0.2089965492486954 144.5
2900 0.208980605006218 145
2910 0.2089681923389435 145.5
2920 0.2088553905487061 146
2930 0.20870141685009 146.5
2940 0.2084251195192337 147
2950 0.2081001996994019 147.5
2960 0.2078004777431488 148
2970 0.2074733972549438 148.5
2980 0.2071514427661896 149
2990 0.206788644194603 149.5
3000 0.2063950896263123 150
3010 0.2059534788131714 150.5
3020 0.2056814134120941 151
3030 0.2054647207260132 151.5
3040 0.2052718549966812 152
3050 0.2050141841173172 152.5
3060 0.2047172039747238 153
3070 0.2044514566659927 153.5
3080 0.2041870802640915 154
3090 0.2046764194965363 154.5
3100 0.2053127437829971 155
3110 0.2061556279659271 155.5
3120 0.2068009078502655 156
3130 0.2074300348758698 156.5
3140 0.2080435454845428 157
3150 0.2084346115589142 157.5
3160 0.2086747735738754 158
3170 0.2087805718183517 158.5
3180 0.2088264673948288 159
3190 0.2088177502155304 159.5
3200 0.2088067978620529 160
3210 0.2088034600019455 160.5
3220 0.2088184654712677 161
3230 0.20877406001091 161.5
3240 0.208638995885849 162
3250 0.2084198445081711 162.5
3260 0.2081735581159592 163
3270 0.207876980304718 163.5
3280 0.2075518369674683 164
3290 0.2072601020336151 164.5
3300 0.2069040089845657 165
3310 0.2065127342939377 165.5
3320 0.2060898989439011 166
3330 0.2056914418935776 166.5
3340 0.2053560018539429 167
3350 0.2049845010042191 167.5
3360 0.204632431268692 168
3370 0.2043157368898392 168.5
3380 0.2040479779243469 169
3390 0.203819215297699 169.5
3400 0.2036266177892685 170
3410 0.2034111022949219 170.5
3420 0.2032480686903 171
3430 0.2030829340219498 171.5
3440 0.2029085755348206 172
3450 0.2027639597654343 172.5
3460 0.202741414308548 173
3470 0.2027579098939896 173.5
3480 0.2027729004621506 174
3490 0.2027953714132309 174.5
3500 0.2028500586748123 175
3510 0.2029499113559723 175.5
3520 0.2030482888221741 176
3530 0.2031964510679245 176.5
3540 0.2033661156892776 177
3550 0.2036416232585907 177.5
3560 0.2039376944303513 178
3570 0.2043657153844833 178.5
3580 0.2048533260822296 179
3590 0.2052738666534424 179.5
3600 0.2057966291904449 180
3610 0.2063932120800018 180.5
3620 0.2069263160228729 181
3630 0.2074976563453674 181.5
3640 0.2081001102924347 182
3650 0.2086680978536606 182.5
3660 0.209161713719368 183
3670 0.2096087038516998 183.5
3680 0.2098057717084885 184
3690 0.2096774131059647 184.5
3700 0.2093624621629715 185
3710 0.2088501006364822 185.5
3720 0.2089161276817322 186
3730 0.209259033203125 186.5
3740 0.2094091922044754 187
3750 0.2093370705842972 187.5
3760 0.2093273103237152 188
3770 0.2089319825172424 188.5
3780 0.2086287587881088 189
3790 0.2084883004426956 189.5
3800 0.20817631483078 190
3810 0.2077374309301376 190.5
3820 0.2071501165628433 191
3830 0.2064720839262009 191.5
3840 0.2056962251663208 192
3850 0.2050989270210266 192.5
3860 0.2049090713262558 193
3870 0.2047610431909561 193.5
3880 0.2046256065368652 194
3890 0.2044674605131149 194.5
3900 0.2043177336454391 195
3910 0.204162523150444 195.5
3920 0.2039813697338104 196
3930 0.2038239538669586 196.5
3940 0.2036504298448563 197
3950 0.2034881114959717 197.5
3960 0.2033402770757675 198
3970 0.2032217085361481 198.5
3980 0.2032328099012375 199
3990 0.2032148987054825 199.5
4000 0.2031413614749908 200
4010 0.2030653208494186 200.5
4020 0.2029733806848526 201
4030 0.2027187496423721 201.5
4040 0.2023932486772537 202
4050 0.2025245726108551 202.5
4060 0.2028898447751999 203
4070 0.2033052444458008 203.5
4080 0.2035866528749466 204
4090 0.2037206441164017 204.5
4100 0.2037923783063889 205
4110 0.2037845402956009 205.5
4120 0.2036800533533096 206
4130 0.2036749869585037 206.5
4140 0.203931525349617 207
4150 0.2041053622961044 207.5
4160 0.2043419480323792 208
4170 0.2048511505126953 208.5
4180 0.2052903473377228 209
4190 0.2058094292879105 209.5
4200 0.2063305824995041 210
4210 0.2067568302154541 210.5
4220 0.2071814388036728 211
4230 0.2074471116065979 211.5
4240 0.2077185362577438 212
4250 0.2078853100538254 212.5
4260 0.2080287933349609 213
4270 0.208144411444664 213.5
4280 0.2082629054784775 214
4290 0.2083674818277359 214.5
4300 0.2084342837333679 215
4310 0.2085338085889816 215.5
4320 0.2086476981639862 216
4330 0.2087862193584442 216.5
4340 0.2089455723762512 217
4350 0.2090139091014862 217.5
4360 0.2090090662240982 218
4370 0.2089451551437378 218.5
4380 0.2088093757629395 219
4390 0.2086144238710403 219.5
4400 0.2083793580532074 220
4410 0.2082188576459885 220.5
4420 0.2080685794353485 221
4430 0.2078936845064163 221.5
4440 0.2076225280761719 222
4450 0.2074138820171356 222.5
4460 0.2072116434574127 223
4470 0.2070355862379074 223.5
4480 0.206882432103157 224
4490 0.2067507058382034 224.5
4500 0.2066451609134674 225
4510 0.2066212445497513 225.5
4520 0.2065843194723129 226
4530 0.2065882235765457 226.5
4540 0.2066258192062378 227
4550 0.2066530734300613 227.5
4560 0.2066590338945389 228
4570 0.2066149264574051 228.5
4580 0.2065940052270889 229
4590 0.2066351622343063 229.5
4600 0.2066556662321091 230
4610 0.2066499441862106 230.5
4620 0.2067041099071503 231
4630 0.2067632675170898 231.5
4640 0.2068402767181396 232
4650 0.2069418430328369 232.5
4660 0.2069390267133713 233
4670 0.206978902220726 233.5
4680 0.2070026695728302 234
4690 0.2070164978504181 234.5
4700 0.2070102244615555 235
4710 0.2070019841194153 235.5
4720 0.2070193886756897 236
4730 0.2070092260837555 236.5
4740 0.2070166021585464 237
4750 0.2069670557975769 237.5
4760 0.206854060292244 238
4770 0.2067044973373413 238.5
4780 0.2065286785364151 239
4790 0.2063348889350891 239.5
4800 0.2060958594083786 240
4810 0.2058963477611542 240.5
4820 0.205745667219162 241
4830 0.2056214809417725 241.5
4840 0.2054937332868576 242
4850 0.2054067254066467 242.5
4860 0.205363392829895 243
4870 0.2053770422935486 243.5
4880 0.2054030150175095 244
4890 0.2052625864744186 244.5
4900 0.2051022201776505 245
4910 0.2049531489610672 245.5
4920 0.2048302441835403 246
4930 0.2047902345657349 246.5
4940 0.204751119017601 247
4950 0.2047246098518372 247.5
4960 0.2047449350357056 248
4970 0.2047033607959747 248.5
4980 0.2047335207462311 249
4990 0.2047593295574188 249.5
5000 0.2047931253910065 250
