0 0 0
10 6.408406116929886e-47 0.5
20 1.880105359855737e-39 1
30 2.848067359424897e-35 1.5
40 1.397071517608283e-33 2
50 2.232741525176745e-31 2.5
60 2.261903861869114e-29 3
70 2.154590406074454e-26 3.5
80 5.670687345804637e-26 4
90 8.734335234545757e-24 4.5
100 1.517477922380026e-21 5
110 9.746997312448042e-20 5.5
120 2.442620828128129e-17 6
130 5.252873166676413e-15 6.5
140 2.602285365338089e-13 7
150 4.555852392478841e-12 7.5
160 5.238348525220753e-11 8
170 4.65099496005107e-10 8.500000000000002
180 3.297601968932664e-09 9.000000000000002
190 1.88656990200792e-08 9.500000000000002
200 8.92740275017728e-08 10
210 3.56409696341373e-07 10.5
220 1.210929522514166e-06 11
230 3.462674115242298e-06 11.5
240 8.331312477783918e-06 12
250 1.711467681870319e-05 12.5
260 3.074344060709848e-05 13
270 4.964538795982173e-05 13.5
280 7.461113866543086e-05 14
290 0.0001080413563758217 14.5
300 0.0001543663079565163 15
310 0.0002111616262913332 15.5
320 0.0002717093180040243 16
330 0.0003304931419733664 16.5
340 0.0003854780479122041 17
350 0.0004416882529933569 17.5
360 0.0005045176334863663 18
370 0.0005765851970721402 18.5
380 0.0006543044932050325 19
390 0.0007342527819112324 19.5
400 0.0008144326048968385 20
410 0.0008919118678544338 20.5
420 0.0009646318877947963 21
430 0.001032454734587575 21.5
440 0.00109216865543853 22
450 0.001143164483463348 22.5
460 0.001188026893666649 23
470 0.001234025002612137 23.5
480 0.001284404128478033 24
490 0.001338705358509236 24.5
500 0.001394470657093324 25
510 0.001447316443277909 25.5
520 0.001496332841088431 26
530 0.00154144411126335 26.5
540 0.001582171988799302 27
550 0.001618324547803245 27.5
560 0.001649967839839975 28
570 0.001677699449457955 28.5
580 0.001701982422017179 29
590 0.001721750177251178 29.5
600 0.00173796243187062 30
610 0.001751718048790749 30.5
620 0.00176378695433034 31
630 0.001774834364916829 31.5
640 0.001784799807019187 32
650 0.001794955468115354 32.5
660 0.00180722259684774 33
670 0.001822103238743937 33.5
680 0.00183894039059158 34
690 0.001856009205936708 34.5
700 0.00187272722107263 35
710 0.001889388889757978 35.5
720 0.001906228876483217 36
730 0.001921944941102582 36.5
740 0.001935928436820775 37
750 0.001949820823953462 37.5
760 0.001967324141485536 38
770 0.001990397048810011 38.5
780 0.002018782013424342 39
790 0.002051165075519214 39.5
800 0.00208750894182911 40
810 0.002127933547848451 40.5
820 0.002170942080748626 41
830 0.002214295642989196 41.5
840 0.002256200327802914 42
850 0.002295089746741131 42.5
860 0.002329874906316035 43
870 0.002359489124640541 43.5
880 0.00238391147067257 44
890 0.002403600928529967 44.5
900 0.002419176239405298 45
910 0.002431257573808129 45.5
920 0.002439871629917168 46
930 0.002444722384593831 46.5
940 0.002445828416327032 47
950 0.002443054725069767 47.5
960 0.002437091262671665 48
970 0.002429013391399176 48.5
980 0.002420576677683424 49
990 0.002412700154956576 49.5
1000 0.002405636810640052 50
1010 0.00239925323482622 50.5
1020 0.00239306935513048 51
1030 0.002386349700150082 51.5
1040 0.00237903066432388 52
1050 0.002370920307566911 52.5
1060 0.002362071674852082 53
1070 0.002352075684039586 53.5
1080 0.002340475278431523 54
1090 0.002327407603614383 54.5
1100 0.002313089745560854 55
1110 0.002297976252358014 55.5
1120 0.002282155474506991 56
1130 0.002264620962953293 56.5
1140 0.002245021659097143 57
1150 0.00222346081021637 57.5
1160 0.002199885481583868 58
1170 0.002174904649680273 58.5
1180 0.00214966948397087 59
1190 0.002125573615883271 59.5
1200 0.002104212517666549 60
1210 0.002085584319327213 60.5
1220 0.002069709597660223 61
1230 0.002056266331596151 61.5
1240 0.002044732180400358 62
1250 0.002034482926302581 62.5
1260 0.002025302948765396 63
1270 0.00201725660278913 63.5
1280 0.002010355582110431 64
1290 0.002004967269564772 64.5
1300 0.002001825931694052 65
1310 0.002001904498385311 65.5
1320 0.002005082210542572 66
1330 0.002010000306869572 66.5
1340 0.002015045743406463 67
1350 0.002018954861992698 67.5
1360 0.00202088504728378 68
1370 0.002020997029030451 68.5
1380 0.00201978081179245 69
1390 0.002017769048485128 69.5
1400 0.002015147507276846 70
1410 0.002012189106985595 70.5
1420 0.00200927199237234 71
1430 0.002006865835862938 71.5
1440 0.002005786533656915 72
1450 0.002006648609656405 72.5
1460 0.002009313057572929 73
1470 0.002013330913806872 73.5
1480 0.002018659203878268 74
1490 0.002025667315642909 74.5
1500 0.002034209305646954 75
1510 0.002043251081492953 75.5
1520 0.002052394215767373 76
1530 0.002060901412473999 76.5
1540 0.002067930071810122 77
1550 0.002072033445317203 77.5
1560 0.002071332450850958 78
1570 0.002064577912684942 78.5
1580 0.002051611705490223 79
1590 0.002035439845785362 79.5
1600 0.002017831503924694 80
1610 0.001999132128579843 80.5
1620 0.001979226124166463 81
1630 0.001957765425413613 81.5
1640 0.001935121764039255 82
1650 0.001911844228521663 82.5
1660 0.001888279972093424 83
1670 0.001864786716413495 83.5
1680 0.001841904311300121 84
1690 0.001820192539331989 84.5
1700 0.001800006881860226 85
1710 0.001781825148131176 85.5
1720 0.001765983194084952 86
1730 0.001752795782480108 86.5
1740 0.001742356019963461 87
1750 0.001734747227258089 87.5
1760 0.001729989794163791 88
1770 0.001727933024581129 88.5
1780 0.001728195873011319 89
1790 0.001730237401250309 89.5
1800 0.001733658477339936 90
1810 0.001738274554491129 90.5
1820 0.00174414784482423 91
1830 0.001751035288876686 91.5
1840 0.001758832599885361 92
1850 0.001767187068904643 92.5
1860 0.001775922836085924 93
1870 0.00178495155390296 93.5
1880 0.001794216119760657 94
1890 0.001803025786044402 94.5
1900 0.001813007855437313 95
1910 0.001823452227668131 95.5
1920 0.001834726247168455 96
1930 0.00184602883172949 96.5
1940 0.001857713848955256 97
1950 0.001869331527447963 97.5
1960 0.001881254104513889 98
1970 0.001893015882241977 98.5
1980 0.001905033772354084 99
1990 0.001916753386276374 99.5
2000 0.0019286470264274 100
2010 0.001940269473832037 100.5
2020 0.00195202296348064 101
2030 0.001963601345823691 101.5
2040 0.001975437217282366 102
2050 0.001987136616170814 102.5
2060 0.001999135183316012 103
2070 0.002011899137386273 103.5
2080 0.002022112742710542 104
2090 0.002032822255164588 104.5
2100 0.002042570601480633 105
2110 0.002048750832719956 105.5
2120 0.002053720187265965 106
2130 0.002055640545681859 106.5
2140 0.002055413201658377 107
2150 0.002052142235260724 107.5
2160 0.002047276065031603 108
2170 0.002040215527992863 108.5
2180 0.002031708377746587 109
2190 0.002021635526484368 109.5
2200 0.002010417178111782 110
2210 0.00199797768841847 110.5
2220 0.001983927208080381 111
2230 0.001970897161171949 111.5
2240 0.001959366291043437 112
2250 0.001947082136284108 112.5
2260 0.001935413862091791 113
2270 0.001923910722496938 113.5
2280 0.001915427418300749 114
2290 0.001907206968792883 114.5
2300 0.001899724953242035 115
2310 0.001894752969802948 115.5
2320 0.001889966608587016 116
2330 0.001887151635165797 116.5
2340 0.001885222284459166 117
2350 0.001884833919923903 117.5
2360 0.001885503239952116 118
2370 0.001886688604209558 118.5
2380 0.001888510901305906 119
2390 0.00188982983552233 119.5
2400 0.001890408606734791 120
2410 0.001889592847921298 120.5
2420 0.001887361564492212 121
2430 0.001884780407788016 121.5
2440 0.001881355068904771 122
2450 0.001877719089188724 122.5
2460 0.001875500255681835 123
2470 0.00187413481214072 123.5
2480 0.001874072562790278 124
2490 0.001875150560308661 124.5
2500 0.00187737381008899 125
2510 0.001880985270414384 125.5
2520 0.001886152443390659 126
2530 0.001892427820003535 126.5
2540 0.001900420372969756 127
2550 0.001907497290795521 127.5
2560 0.001915161921400008 128
2570 0.001922080145580876 128.5
2580 0.00192824270598366 129
2590 0.001931857531800967 129.5
2600 0.001934941967680156 130
2610 0.00193701430785992 130.5
2620 0.001939286574811378 131
2630 0.00194191440875082 131.5
2640 0.001945046159486635 132
2650 0.001948931451629552 132.5
2660 0.001953615454855329 133
2670 0.001958230790290108 133.5
2680 0.001962274860668805 134
2690 0.00196441515793914 134.5
2700 0.001964157159552114 135
2710 0.001961812766337259 135.5
2720 0.001958155518935789 136
2730 0.001954781887290829 136.5
2740 0.001951973627977362 137
2750 0.001950763053037665 137.5
2760 0.00195137143782845 138
2770 0.001953391526214435 138.5
2780 0.001956397195719091 139
2790 0.001959714391247662 139.5
2800 0.001962824228197841 140
2810 0.001965362925568383 140.5
2820 0.001967158267549921 141
2830 0.001968316742750459 141.5
2840 0.001969154526191174 142
2850 0.001970022428206275 142.5
2860 0.00197117608681288 143
2870 0.00197277400859425 143.5
2880 0.001975651461811009 144
2890 0.001979859159566569 144.5
2900 0.001985044203197344 145
2910 0.001992158599856372 145.5
2920 0.001999468180839111 146
2930 0.002009015249326959 146.5
2940 0.002019992666707901 147
2950 0.002032113249800559 147.5
2960 0.002046408222211062 148
2970 0.002058695075179243 148.5
2980 0.002074096804425163 149
2990 0.002086777203536339 149.5
3000 0.002101440151197443 150
3010 0.002112368284178288 150.5
3020 0.002123936019602002 151
3030 0.002131992928142833 151.5
3040 0.002140318613855226 152
3050 0.00214610740111606 152.5
3060 0.002152644397905121 153
3070 0.002158663051603042 153.5
3080 0.002166600972227292 154
3090 0.002175876043354067 154.5
3100 0.00218529454343146 155
3110 0.002194654393509991 155.5
3120 0.002203549453087429 156
3130 0.002211636770573295 156.5
3140 0.002219146214490458 157
3150 0.002224403173699958 157.5
3160 0.00222893783400254 158
3170 0.002232079355225716 158.5
3180 0.002234025969171189 159
3190 0.002235105360081823 159.5
3200 0.002235670506619749 160
3210 0.002235943708650594 160.5
3220 0.002236077504686539 161
3230 0.0022358695943117 161.5
3240 0.002235163188045043 162
3250 0.002233878599881616 162.5
3260 0.002232229584631966 163
3270 0.002230512688127464 163.5
3280 0.002228912099952273 164
3290 0.002227353557211068 164.5
3300 0.002225166741678046 165
3310 0.002222527936023868 165.5
3320 0.002218223545237758 166
3330 0.002212242482633452 166.5
3340 0.002204832105610775 167
3350 0.002196084440690264 167.5
3360 0.002186099748751872 168
3370 0.002175011187033009 168.5
3380 0.002161967070777484 169
3390 0.002151110867540051 169.5
3400 0.002139537283502417 170
3410 0.002129399958646381 170.5
3420 0.002121347257188642 171
3430 0.002115676837146615 171.5
3440 0.002112001744247756 172
3450 0.002110190245043658 172.5
3460 0.002110030364627348 173
3470 0.002111085663109256 173.5
3480 0.002112681695555891 174
3490 0.002114371740900538 174.5
3500 0.00211582472752569 175
3510 0.002116489930551314 175.5
3520 0.00211650056692648 176
3530 0.002115568334942008 176.5
3540 0.002113776607896487 177
3550 0.002111166006844025 177.5
3560 0.002107925341193598 178
3570 0.002104291762590169 178.5
3580 0.002100343712047071 179
3590 0.002096381295035802 179.5
3600 0.002092496508954247 180
3610 0.002088562894249766 180.5
3620 0.002085560320825044 181
3630 0.002082356242196227 181.5
3640 0.00207942072807422 182
3650 0.00207679615493612 182.5
3660 0.002074627326846056 183
3670 0.002073030455346666 183.5
3680 0.002072073709202895 184
3690 0.00207178598960926 184.5
3700 0.002072158097965105 185
3710 0.002073178624463831 185.5
3720 0.00207488230050721 186
3730 0.002077497714266209 186.5
3740 0.002080363814154273 187
3750 0.002084395772298223 187.5
3760 0.002089927702036431 188
3770 0.002095354300904885 188.5
3780 0.002102314240429228 189
3790 0.00211032089568307 189.5
3800 0.00211899516213121 190
3810 0.002128176777838694 190.5
3820 0.002137509392630889 191
3830 0.002146446937149697 191.5
3840 0.002154895511183276 192
3850 0.002162613268667 192.5
3860 0.002169312088672685 193
3870 0.002175178172855512 193.5
3880 0.002180011912098869 194
3890 0.002183629263882924 194.5
3900 0.002186062024405955 195
3910 0.002187268553899301 195.5
3920 0.002187006257968998 196
3930 0.002184991165606992 196.5
3940 0.002180951700483986 197
3950 0.002174830384507049 197.5
3960 0.002166720157568766 198
3970 0.002156803593336186 198.5
3980 0.002145349904109257 199
3990 0.002132694848683808 199.5
4000 0.002119278266537101 200
4010 0.002105612967739089 200.5
4020 0.002092037245407503 201
4030 0.002078763293296564 201.5
4040 0.002065979382901599 202
4050 0.002053791832228044 202.5
4060 0.002042162995912968 203
4070 0.002031052411884946 203.5
4080 0.002020401998837832 204
4090 0.002010234571934072 204.5
4100 0.002000562415958342 205
4110 0.001991402241030793 205.5
4120 0.001982744249744933 206
4130 0.001974581961186243 206.5
4140 0.001966859593082028 207
4150 0.001959232821535678 207.5
4160 0.001953577358584543 208
4170 0.001948098109441316 208.5
4180 0.001943448312345377 209
4190 0.001939474525325357 209.5
4200 0.001935932199327081 210
4210 0.001932415338707231 210.5
4220 0.001929356153359772 211
4230 0.00192669371833982 211.5
4240 0.001923728962579945 212
4250 0.001920595758122725 212.5
4260 0.001917187298585904 213
4270 0.001913667371520268 213.5
4280 0.00191031353780027 214
4290 0.001907345118270786 214.5
4300 0.001905332591245049 215
4310 0.001904755585450296 215.5
4320 0.001905611994873872 216
4330 0.001907727154019818 216.5
4340 0.001910961762987695 217
4350 0.001914938822478671 217.5
4360 0.001919950486042078 218
4370 0.00192444455238046 218.5
4380 0.001929578000693962 219
4390 0.00193496159886584 219.5
4400 0.00194117435322728 220
4410 0.001946585563287315 220.5
4420 0.001952958406967182 221
4430 0.001959709188020907 221.5
4440 0.001966745927219868 222
4450 0.001973930538806888 222.5
4460 0.001981051416088366 223
4470 0.001987871213216294 223.5
4480 0.001994213043512547 224
4490 0.001999878287340123 224.5
4500 0.002004697822259141 225
4510 0.002008580249886683 225.5
4520 0.002011406311137137 226
4530 0.002013250838261794 226.5
4540 0.002014065176168093 227
4550 0.002013852030311505 227.5
4560 0.002013027367890162 228
4570 0.002011677843704083 228.5
4580 0.002010098355341003 229
4590 0.002008452594525906 229.5
4600 0.002007390147361116 230
4610 0.002006736135609659 230.5
4620 0.002006703709869479 231
4630 0.002007539692484221 231.5
4640 0.002009219856112345 232
4650 0.002012248544273077 232.5
4660 0.002016950733934994 233
4670 0.002021724703512272 233.5
4680 0.002027695760447384 234
4690 0.002034771408723812 234.5
4700 0.002040814078254057 235
4710 0.00204773822217758 235.5
4720 0.002054597878292875 236
4730 0.00206163569769553 236.5
4740 0.00206888223882489 237
4750 0.002076134422456388 237.5
4760 0.002083520199855471 238
4770 0.002090937986172442 238.5
4780 0.002098096855503186 239
4790 0.002105086912739732 239.5
4800 0.002111649580408587 240
4810 0.002118167417403486 240.5
4820 0.002122839558034277 241
4830 0.002127235214117262 241.5
4840 0.002131164508457304 242
4850 0.002133772917469242 242.5
4860 0.002136086374978109 243
4870 0.002137844832885425 243.5
4880 0.002139092401910844 244
4890 0.00213987020485405 244.5
4900 0.002140401323311639 245
4910 0.002141096076811918 245.5
4920 0.002141936036036815 246
4930 0.002143354331986683 246.5
4940 0.002145442626983299 247
4950 0.002148359795602704 247.5
4960 0.002151946651265067 248
4970 0.002156528336388714 248.5
4980 0.002160690306778974 249
4990 0.002165692945579702 249.5
5000 0.002170816572526758 250
