0 0 0
10 2.029241199250762e-16 0.5
20 3.270494498049809e-13 1
30 6.210405106843453e-11 1.5
40 1.423416673418387e-08 2
50 9.993188996304525e-07 2.5
60 1.261440229427535e-05 3
70 6.941278843441978e-05 3.5
80 0.0001763934851624072 4
90 0.0002958944824058563 4.5
100 0.0003825556195806712 5
110 0.0004114223411306739 5.5
120 0.00063679413869977 6
130 0.001425753463990986 6.5
140 0.002647895598784089 7
150 0.004010678734630346 7.5
160 0.005114274565130472 8
170 0.005663092248141766 8.500000000000002
180 0.00571620324626565 9.000000000000002
190 0.006158160045742989 9.500000000000002
200 0.006326852366328239 10
210 0.006263643968850374 10.5
220 0.006059870589524508 11
230 0.005735907703638077 11.5
240 0.005247090011835098 12
250 0.004507470410317183 12.5
260 0.003697676351293921 13
270 0.003042384516447783 13.5
280 0.00339320651255548 14
290 0.00364812626503408 14.5
300 0.003559069009497762 15
310 0.003974854946136475 15.5
320 0.004317325074225664 16
330 0.004785618744790554 16.5
340 0.00518522085621953 17
350 0.006128809414803982 17.5
360 0.007841653190553188 18
370 0.009408649057149887 18.5
380 0.01067889668047428 19
390 0.01223510690033436 19.5
400 0.01356506906449795 20
410 0.0135147524997592 20.5
420 0.01300967205315828 21
430 0.01315164752304554 21.5
440 0.01287946663796902 22
450 0.01265295036137104 22.5
460 0.01227584388107061 23
470 0.01175730675458908 23.5
480 0.01103329751640558 24
490 0.01013451442122459 24.5
500 0.009289068169891834 25
510 0.008660443127155304 25.5
520 0.008696411736309528 26
530 0.008760401979088783 26.5
540 0.008916938677430153 27
550 0.009159954264760017 27.5
560 0.009428084827959538 28
570 0.009701053611934185 28.5
580 0.0100105544552207 29
590 0.01029937621206045 29.5
600 0.01043560355901718 30
610 0.01042297761887312 30.5
620 0.01032243482768536 31
630 0.01019840966910124 31.5
640 0.01010451838374138 32
650 0.01028425339609385 32.5
660 0.01061977166682482 33
670 0.01127386838197708 33.5
680 0.01181294769048691 34
690 0.01221711467951536 34.5
700 0.01250892505049706 35
710 0.01242292392998934 35.5
720 0.0121050113812089 36
730 0.01177274901419878 36.5
740 0.01153412740677595 37
750 0.01143993157893419 37.5
760 0.01145077589899302 38
770 0.01152590196579695 38.5
780 0.01157148834317923 39
790 0.01148681621998549 39.5
800 0.01138693001121283 40
810 0.01127561274915934 40.5
820 0.01113292574882507 41
830 0.01109064649790525 41.5
840 0.01139832846820354 42
850 0.01177736930549145 42.5
860 0.01223829668015242 43
870 0.01268205419182777 43.5
880 0.01303805690258741 44
890 0.01329189538955688 44.5
900 0.0134044736623764 45
910 0.013271139934659 45.5
920 0.01289176195859909 46
930 0.0125247510150075 46.5
940 0.01229861564934254 47
950 0.01215033512562513 47.5
960 0.01199429482221603 48
970 0.01181059889495373 48.5
980 0.0116033311933279 49
990 0.01140400767326355 49.5
1000 0.01126230787485838 50
1010 0.01121813151985407 50.5
1020 0.01124064344912767 51
1030 0.01131668779999018 51.5
1040 0.01140634994953871 52
1050 0.01147461868822575 52.5
1060 0.01149488519877195 53
1070 0.01143961306661367 53.5
1080 0.01178684178739786 54
1090 0.0120734665542841 54.5
1100 0.01172082871198654 55
1110 0.01101635303348303 55.5
1120 0.01081684045493603 56
1130 0.01094984542578459 56.5
1140 0.0112291406840086 57
1150 0.01148402318358421 57.5
1160 0.01160904485732317 58
1170 0.01153896935284138 58.5
1180 0.01131951995193958 59
1190 0.01133357640355825 59.5
1200 0.01144567038863897 60
1210 0.01141462288796902 60.5
1220 0.01132858917117119 61
1230 0.0114129576832056 61.5
1240 0.01160241290926933 62
1250 0.01189908850938082 62.5
1260 0.01226712297648191 63
1270 0.01263416279107332 63.5
1280 0.01316547021269798 64
1290 0.01394148170948029 64.5
1300 0.01483980752527714 65
1310 0.01546021923422813 65.5
1320 0.01559651549905539 66
1330 0.01517085544764996 66.5
1340 0.01414849050343037 67
1350 0.01290401164442301 67.5
1360 0.01184289157390594 68
1370 0.01127745676785707 68.5
1380 0.01114422362297773 69
1390 0.01106620393693447 69.5
1400 0.01108634751290083 70
1410 0.01134817395359278 70.5
1420 0.0118384649977088 71
1430 0.01230744365602732 71.5
1440 0.01245037093758583 72
1450 0.0130194304510951 72.5
1460 0.01367610227316618 73
1470 0.01405698247253895 73.5
1480 0.01375330612063408 74
1490 0.01303283777087927 74.5
1500 0.01476509775966406 75
1510 0.01612745970487595 75.5
1520 0.01684505306184292 76
1530 0.01694348827004433 76.5
1540 0.01658916100859642 77
1550 0.01601548679172993 77.5
1560 0.01537416595965624 78
1570 0.01453270297497511 78.5
1580 0.01325058098882437 79
1590 0.01280839368700981 79.5
1600 0.01205161213874817 80
1610 0.0117420507594943 80.5
1620 0.01159286685287952 81
1630 0.01128695905208588 81.5
1640 0.01079993695020676 82
1650 0.01109659392386675 82.5
1660 0.01147917285561562 83
1670 0.01189534552395344 83.5
1680 0.01224982924759388 84
1690 0.01244316063821316 84.5
1700 0.01240505650639534 85
1710 0.01218225434422493 85.5
1720 0.01202567014843225 86
1730 0.01195632386952639 86.5
1740 0.01205748319625854 87
1750 0.01188732031732798 87.5
1760 0.0113665210083127 88
1770 0.01076944917440414 88.5
1780 0.01058393996208906 89
1790 0.0104773947969079 89.5
1800 0.01055276580154896 90
1810 0.01055352110415697 90.5
1820 0.01044474449008703 91
1830 0.01027645822614431 91.5
1840 0.01021901797503233 92
1850 0.01011221390217543 92.5
1860 0.01045871246606112 93
1870 0.01079729292541742 93.5
1880 0.01114823669195175 94
1890 0.01171572785824537 94.5
1900 0.01223140768706799 95
1910 0.01241391897201538 95.5
1920 0.01228532008826733 96
1930 0.01200608443468809 96.5
1940 0.01165334321558475 97
1950 0.01131154131144285 97.5
1960 0.0110071487724781 98
1970 0.01075707841664553 98.5
1980 0.01051899883896112 99
1990 0.0102707976475358 99.5
2000 0.009982751682400703 100
2010 0.009645822457969189 100.5
2020 0.009259512647986412 101
2030 0.008841258473694324 101.5
2040 0.008507305756211281 102
2050 0.008450343273580074 102.5
2060 0.008399036712944508 103
2070 0.008373773656785488 103.5
2080 0.008470883592963219 104
2090 0.008516982197761536 104.5
2100 0.008474897593259811 105
2110 0.008413880132138729 105.5
2120 0.008368784561753273 106
2130 0.008336140774190426 106.5
2140 0.008301441557705402 107
2150 0.008343211375176907 107.5
2160 0.008421857841312885 108
2170 0.00846184603869915 108.5
2180 0.008370863273739815 109
2190 0.008304718881845474 109.5
2200 0.008149382658302784 110
2210 0.007890532724559307 110.5
2220 0.007806400302797556 111
2230 0.00778628746047616 111.5
2240 0.007838927209377289 112
2250 0.007901977747678757 112.5
2260 0.007949041202664375 113
2270 0.007949715480208397 113.5
2280 0.007870973087847233 114
2290 0.007668579462915659 114.5
2300 0.007398956920951605 115
2310 0.007458413951098919 115.5
2320 0.007503696717321873 116
2330 0.007435062434524298 116.5
2340 0.007382682058960199 117
2350 0.007382980082184076 117.5
2360 0.00743659446015954 118
2370 0.007638136856257915 118.5
2380 0.007826225832104683 119
2390 0.00844685360789299 119.5
2400 0.009098759852349758 120
2410 0.009331962093710899 120.5
2420 0.009463963098824024 121
2430 0.009622565470635891 121.5
2440 0.01002807077020407 122
2450 0.01021254155784845 122.5
2460 0.01023911032825708 123
2470 0.01024089474231005 123.5
2480 0.0113421818241477 124
2490 0.01225091982632875 124.5
2500 0.01320633292198181 125
2510 0.01396160386502743 125.5
2520 0.01447340287268162 126
2530 0.0147358700633049 126.5
2540 0.01482438575476408 127
2550 0.01480147428810596 127.5
2560 0.0147204864770174 128
2570 0.01450429949909449 128.5
2580 0.01395501103252172 129
2590 0.0133550837635994 129.5
2600 0.01266614254564047 130
2610 0.01217052899301052 130.5
2620 0.01183007284998894 131
2630 0.01166849955916405 131.5
2640 0.01153980009257793 132
2650 0.01142425928264856 132.5
2660 0.01117167808115482 133
2670 0.01077604852616787 133.5
2680 0.01027668733149767 134
2690 0.009790710173547268 134.5
2700 0.009658742696046829 135
2710 0.009653198532760143 135.5
2720 0.00956723652780056 136
2730 0.009590629488229752 136.5
2740 0.009576654992997646 137
2750 0.009546691551804543 137.5
2760 0.009501077234745026 138
2770 0.009446412324905396 138.5
2780 0.009388240985572338 139
2790 0.009321145713329315 139.5
2800 0.009252467192709446 140
2810 0.009179270826280117 140.5
2820 0.009092944674193859 141
2830 0.008990857750177383 141.5
2840 0.008873428218066692 142
2850 0.008776679635047913 142.5
2860 0.008755698800086975 143
2870 0.008733359165489674 143.5
2880 0.008698348887264729 144
2890 0.008811217732727528 144.5
2900 0.008867399767041206 145
2910 0.008766258135437965 145.5
2920 0.008904757909476757 146
2930 0.009052280336618423 146.5
2940 0.009192419238388538 147
2950 0.00931986328214407 147.5
2960 0.009443517774343491 148
2970 0.009526684880256653 148.5
2980 0.009599374607205391 149
2990 0.009638114832341671 149.5
3000 0.009661485441029072 150
3010 0.00966853741556406 150.5
3020 0.009664108045399189 151
3030 0.009652775712311268 151.5
3040 0.009633524343371391 152
3050 0.009608986787497997 152.5
3060 0.009555059485137463 153
3070 0.009467813186347485 153.5
3080 0.009311090223491192 154
3090 0.009075663983821869 154.5
3100 0.008788884617388248 155
3110 0.008461350575089455 155.5
3120 0.008468450978398323 156
3130 0.008564279414713383 156.5
3140 0.008672264404594898 157
3150 0.008716332726180553 157.5
3160 0.00878145731985569 158
3170 0.008939842693507671 158.5
3180 0.009046001359820366 159
3190 0.009082773700356483 159.5
3200 0.009258825331926346 160
3210 0.009364406578242779 160.5
3220 0.009457665495574474 161
3230 0.009646149352192879 161.5
3240 0.009800148196518421 162
3250 0.009885153733193874 162.5
3260 0.009980828501284122 163
3270 0.00988307036459446 163.5
3280 0.009766285307705402 164
3290 0.009743379428982735 164.5
3300 0.009752350859344006 165
3310 0.009940480813384056 165.5
3320 0.01016153115779161 166
3330 0.01032186020165682 166.5
3340 0.01038825698196888 167
3350 0.01044236961752176 167.5
3360 0.01063936576247215 168
3370 0.01077786460518837 168.5
3380 0.01090664230287075 169
3390 0.0110249500721693 169.5
3400 0.01115511637181044 170
3410 0.01126725506037474 170.5
3420 0.01137569081038237 171
3430 0.01163557916879654 171.5
3440 0.01153942197561264 172
3450 0.01160458195954561 172.5
3460 0.01163875591009855 173
3470 0.01164581626653671 173.5
3480 0.0116282943636179 174
3490 0.01159269735217094 174.5
3500 0.01154150161892176 175
3510 0.01148854941129684 175.5
3520 0.01141395699232817 176
3530 0.01132696215063334 176.5
3540 0.01123941503465176 177
3550 0.01127046905457973 177.5
3560 0.01148712635040283 178
3570 0.01156645268201828 178.5
3580 0.01158090867102146 179
3590 0.01237066835165024 179.5
3600 0.01331532746553421 180
3610 0.01428027451038361 180.5
3620 0.01497920975089073 181
3630 0.01557645481079817 181.5
3640 0.0160262044519186 182
3650 0.01642193272709846 182.5
3660 0.01685222424566746 183
3670 0.01726135984063148 183.5
3680 0.01752711646258831 184
3690 0.01760279014706612 184.5
3700 0.0174394529312849 185
3710 0.01697960682213306 185.5
3720 0.01630710810422897 186
3730 0.01559909526258707 186.5
3740 0.01509408000856638 187
3750 0.01463211420923471 187.5
3760 0.01426869351416826 188
3770 0.01411725021898746 188.5
3780 0.01406089961528778 189
3790 0.01408613380044699 189.5
3800 0.01416338048875332 190
3810 0.01429222896695137 190.5
3820 0.01447111088782549 191
3830 0.01468604896217585 191.5
3840 0.01494303997606039 192
3850 0.01523735001683235 192.5
3860 0.01554616913199425 193
3870 0.01587006635963917 193.5
3880 0.01618295907974243 194
3890 0.01643741317093372 194.5
3900 0.01657792553305626 195
3910 0.01652261056005955 195.5
3920 0.01624769531190395 196
3930 0.01587417349219322 196.5
3940 0.01549626979976892 197
3950 0.01503265276551247 197.5
3960 0.01435538474470377 198
3970 0.01342176366597414 198.5
3980 0.01287490874528885 199
3990 0.0127506610006094 199.5
4000 0.01260438095778227 200
4010 0.01244155876338482 200.5
4020 0.01226203329861164 201
4030 0.01206464786082506 201.5
4040 0.01183057203888893 202
4050 0.01163445226848125 202.5
4060 0.01160921808332205 203
4070 0.01158339064568281 203.5
4080 0.01155926752835512 204
4090 0.01153952069580555 204.5
4100 0.011525709182024 205
4110 0.01151693519204855 205.5
4120 0.01151151116937399 206
4130 0.01150954514741898 206.5
4140 0.01150214020162821 207
4150 0.01148556265980005 207.5
4160 0.01147487014532089 208
4170 0.01146784331649542 208.5
4180 0.01154488697648048 209
4190 0.01159629598259926 209.5
4200 0.01155992317944765 210
4210 0.0119411488994956 210.5
4220 0.0122832078486681 211
4230 0.01324420794844627 211.5
4240 0.01474794093519449 212
4250 0.01578637398779392 212.5
4260 0.01618168316781521 213
4270 0.01630571484565735 213.5
4280 0.01630830764770508 214
4290 0.01624278724193573 214.5
4300 0.01612114533782005 215
4310 0.01587668992578983 215.5
4320 0.01546445488929749 216
4330 0.01496654190123081 216.5
4340 0.01444357261061668 217
4350 0.01396684069186449 217.5
4360 0.01352399308234453 218
4370 0.01318216975778341 218.5
4380 0.01281180325895548 219
4390 0.01245265826582909 219.5
4400 0.01209824066609144 220
4410 0.01187573745846748 220.5
4420 0.01172333490103483 221
4430 0.01165630389004946 221.5
4440 0.01166774611920118 222
4450 0.01176339481025934 222.5
4460 0.01203920133411884 223
4470 0.01246489118784666 223.5
4480 0.01293901074677706 224
4490 0.01334821805357933 224.5
4500 0.01363806985318661 225
4510 0.01387276314198971 225.5
4520 0.01409105304628611 226
4530 0.01425575651228428 226.5
4540 0.01434282306581736 227
4550 0.01437302678823471 227.5
4560 0.01437902636826038 228
4570 0.01439241599291563 228.5
4580 0.01441571023315191 229
4590 0.01443929597735405 229.5
4600 0.01444376073777676 230
4610 0.01442178431898355 230.5
4620 0.01436695642769337 231
4630 0.01427258085459471 231.5
4640 0.01417108718305826 232
4650 0.01404798217117786 232.5
4660 0.01391970179975033 233
4670 0.01382781006395817 233.5
4680 0.01375310495495796 234
4690 0.01371694821864367 234.5
4700 0.01372893340885639 235
4710 0.01379301492124796 235.5
4720 0.01391342934221029 236
4730 0.01407655421644449 236.5
4740 0.01426290068775415 237
4750 0.01446421071887016 237.5
4760 0.01465519797056913 238
4770 0.01481504552066326 238.5
4780 0.01493470463901758 239
4790 0.01500584557652473 239.5
4800 0.01502297632396221 240
4810 0.0149860642850399 240.5
4820 0.01492494158446789 241
4830 0.01483757235109806 241.5
4840 0.01472651492804289 242
4850 0.01462895516306162 242.5
4860 0.01452379673719406 243
4870 0.01443096902221441 243.5
4880 0.01435182150453329 244
4890 0.01428973395377398 244.5
4900 0.01425253599882126 245
4910 0.01424454990774393 245.5
4920 0.01426021382212639 246
4930 0.01429068576544523 246.5
4940 0.01432334631681442 247
4950 0.01434776373207569 247.5
4960 0.01435234118252993 248
4970 0.01433085557073355 248.5
4980 0.01428996492177248 249
4990 0.01421072520315647 249.5
5000 0.01409385446459055 250
