0 0 0
10 0.08628627642262286 0.5
20 0.09101373561188472 1
30 0.09190303511178213 1.5
40 0.09199135239656796 2
50 0.09199915695515498 2.5
60 0.09200146842824318 3
70 0.09202844111817382 3.5
80 0.09204100676752638 4
90 0.09204514025090926 4.5
100 0.09204359448152093 5
110 0.09203882991115339 5.5
120 0.09203158600176151 6
130 0.09202196825078111 6.5
140 0.09201486242387347 7
150 0.09201410476084633 7.5
160 0.09201348331284141 8
170 0.09201314555004854 8.500000000000002
180 0.09201318819818825 9.000000000000002
190 0.09201366370477662 9.500000000000002
200 0.09201451842422773 10
210 0.09201542544876969 10.5
220 0.09201594398346088 11
230 0.09201607196290609 11.5
240 0.09201617800653353 12
250 0.09201653445022599 12.5
260 0.09201694518027069 13
270 0.09201715714385775 13.5
280 0.09202166062437084 14
290 0.09202855817708379 14.5
300 0.09203221834817646 15
310 0.09203371589559879 15.5
320 0.09203355142822547 16
330 0.09203188766446581 16.5
340 0.09202911156692153 17
350 0.09202648718811936 17.5
360 0.092024633869508 18
370 0.09202309969988282 18.5
380 0.09202090292423037 19
390 0.0920272764484987 19.5
400 0.09203740136242529 20
410 0.09204453936711061 20.5
420 0.09204809525522131 21
430 0.09204909667230379 21.5
440 0.09204934900353276 22
450 0.09204910787451878 22.5
460 0.09204780291880121 23
470 0.09204260521797028 23.5
480 0.09202932314657221 24
490 0.09202362053053074 24.5
500 0.09202381454466094 25
510 0.09202387543038829 25.5
520 0.09202384644192847 26
530 0.09202585770079638 26.5
540 0.09202886624262234 27
550 0.09202864362233493 27.5
560 0.09202527385084978 28
570 0.0920240264549735 28.5
580 0.09202778754138756 29
590 0.09203496340092576 29.5
600 0.09203699153377287 30
610 0.09203380054035211 30.5
620 0.09203351416286719 31
630 0.09202899829939511 31.5
640 0.09202872830665193 32
650 0.09203040953900922 32.5
660 0.09203240549693636 33
670 0.09202916227076882 33.5
680 0.09202869456570335 34
690 0.09202897070927438 34.5
700 0.09202758307237327 35
710 0.09202449250524858 35.5
720 0.09202100903424811 36
730 0.09201992477820777 36.5
740 0.09202028830624456 37
750 0.09202008638742551 37.5
760 0.09202254486244098 38
770 0.09202785374590336 38.5
780 0.09203123540745875 39
790 0.09203369505715098 39.5
800 0.09203643946835056 40
810 0.09203998759848857 40.5
820 0.09204418228799521 41
830 0.09204690805627949 41.5
840 0.09204599398006104 42
850 0.09204127981645208 42.5
860 0.09203921183356173 43
870 0.09204109577830454 43.5
880 0.09204282057156864 44
890 0.09203915290085962 44.5
900 0.09203480965719975 45
910 0.09204405133748529 45.5
920 0.09204995551529006 46
930 0.09205284696185502 46.5
940 0.09205380627723929 47
950 0.09205377623084225 47.5
960 0.09205345342158103 48
970 0.09205308664494791 48.5
980 0.09205142871333941 49
990 0.09204410256126518 49.5
1000 0.09202129133271485 50
1010 0.09202160921513021 50.5
1020 0.09202132569741822 51
1030 0.0920209531168973 51.5
1040 0.09202076465900508 52
1050 0.09202018466648608 52.5
1060 0.09201912670661686 53
1070 0.09201805603633934 53.5
1080 0.09201737699752782 54
1090 0.09201674299818537 54.5
1100 0.09201611268083952 55
1110 0.09201581955010714 55.5
1120 0.09201579836683893 56
1130 0.09201580459295358 56.5
1140 0.09201585321832771 57
1150 0.09201592216398656 57.5
1160 0.09201673894606559 58
1170 0.09202135964168845 58.5
1180 0.09202616252785706 59
1190 0.09203104930744775 59.5
1200 0.09203577993659426 60
1210 0.09204017765678493 60.5
1220 0.09204424149362909 61
1230 0.0920480808525834 61.5
1240 0.09205189612754226 62
1250 0.09205577737910635 62.5
1260 0.09205932466979863 63
1270 0.09206181302683766 63.5
1280 0.09206297324242822 64
1290 0.09206331560925991 64.5
1300 0.09206352693103598 65
1310 0.0920638201229038 65.5
1320 0.09206404568990451 66
1330 0.09206337649248846 66.5
1340 0.09206187093937218 67
1350 0.09206077476365625 67.5
1360 0.09205950509172961 68
1370 0.09205919350232313 68.5
1380 0.09205931467153913 69
1390 0.09205560073768847 69.5
1400 0.0920437566467137 70
1410 0.09201625815972625 70.5
1420 0.09201668080131817 71
1430 0.09201707270687212 71.5
1440 0.09201752642308539 72
1450 0.09201809025783417 72.5
1460 0.09201857247460986 73
1470 0.09201872224306679 73.5
1480 0.09202549897679352 74
1490 0.0920426491795118 74.5
1500 0.0920531940961454 75
1510 0.09205506935201423 75.5
1520 0.09204963061540181 76
1530 0.09203879578222433 76.5
1540 0.09202327311963529 77
1550 0.09201600960398879 77.5
1560 0.09201544701973186 78
1570 0.09201471193152184 78.5
1580 0.09201443542342591 79
1590 0.09201425506434868 79.5
1600 0.09201399357284938 80
1610 0.09201396873073123 80.5
1620 0.09201612969225369 81
1630 0.09201826093562841 81.5
1640 0.09202000885452133 82
1650 0.09202129946825603 82.5
1660 0.09202206701858592 83
1670 0.0920224253373598 83.5
1680 0.09202249293114372 84
1690 0.09202240210340046 84.5
1700 0.092022404850885 85
1710 0.09202276618515445 85.5
1720 0.09202355929513911 86
1730 0.09202467742543123 86.5
1740 0.09202607254461212 87
1750 0.09202795223466469 87.5
1760 0.09203069273609758 88
1770 0.09203430820937317 88.5
1780 0.09203845270185063 89
1790 0.09204258167332192 89.5
1800 0.09204627412294882 90
1810 0.0920493158546946 90.5
1820 0.0920516729048196 91
1830 0.09205347722065314 91.5
1840 0.09205476537958933 92
1850 0.09205528432783244 92.5
1860 0.09205489891998443 93
1870 0.09205303871891538 93.5
1880 0.09204866755024005 94
1890 0.09205338170746914 94.5
1900 0.09205575404633279 95
1910 0.09205580076666636 95.5
1920 0.09205570715483501 96
1930 0.09205597679347249 96.5
1940 0.09205640070241709 97
1950 0.09205653327195121 97.5
1960 0.09205602176468626 98
1970 0.09205394074846555 98.5
1980 0.09204835285334954 99
1990 0.09204901256556762 99.5
2000 0.09204927088899366 100
2010 0.09204940159953184 100.5
2020 0.092049994188899 101
2030 0.09205051171750959 101.5
2040 0.09205080776406811 102
2050 0.09205075431921288 102.5
2060 0.09205051931250351 103
2070 0.09204996434436467 103.5
2080 0.09204927248328715 104
2090 0.09204826408363262 104.5
2100 0.0920470110799345 105
2110 0.09204532872263492 105.5
2120 0.09204361043104588 106
2130 0.09204057418109073 106.5
2140 0.09203542205783631 107
2150 0.09202696807279231 107.5
2160 0.09201548438814365 108
2170 0.09201377719006944 108.5
2180 0.09201376200762466 109
2190 0.09201387070572321 109.5
2200 0.09201392211394205 110
2210 0.09201505447954494 110.5
2220 0.0920162108391487 111
2230 0.09201717794593731 111.5
2240 0.09201786015054125 112
2250 0.09201824299583503 112.5
2260 0.09201840755505518 113
2270 0.0920200064700603 113.5
2280 0.09202056340402921 114
2290 0.09201952109781301 114.5
2300 0.09201891181214421 115
2310 0.09201905397692185 115.5
2320 0.09201917444080296 116
2330 0.09201937594846778 116.5
2340 0.09201972998172554 117
2350 0.09202026571658177 117.5
2360 0.09202101761438351 118
2370 0.09202191720825231 118.5
2380 0.09202304109096632 119
2390 0.09202458675478881 119.5
2400 0.09202676508162694 120
2410 0.09202945081470469 120.5
2420 0.09203252178659362 121
2430 0.0920356437369735 121.5
2440 0.09203862043988061 122
2450 0.09204130148695394 122.5
2460 0.09204354833704036 123
2470 0.09204539426112082 123.5
2480 0.09204692124055257 124
2490 0.0920482169861289 124.5
2500 0.092049323441839 125
2510 0.09204971527503698 125.5
2520 0.09204823288201387 126
2530 0.09204628421403491 126.5
2540 0.09204968844362409 127
2550 0.09205078925664874 127.5
2560 0.09205062768917191 128
2570 0.09204983281275399 128.5
2580 0.09204884286279146 129
2590 0.0920478411879531 129.5
2600 0.09204624178746285 130
2610 0.09204172149819763 130.5
2620 0.09202810442053545 131
2630 0.09201374089440142 131.5
2640 0.09201390843705741 132
2650 0.09201410367154854 132.5
2660 0.09201427266036391 133
2670 0.09201440697993025 133.5
2680 0.09201459190858664 134
2690 0.09201519692683367 134.5
2700 0.09201566838951811 135
2710 0.09201592026140168 135.5
2720 0.09201598693321998 136
2730 0.09201596757358217 136.5
2740 0.09201587682244133 137
2750 0.09201612657872434 137.5
2760 0.09201687012131396 138
2770 0.09201745139353336 138.5
2780 0.09201818591157875 139
2790 0.09201926018245218 139.5
2800 0.09202051393522656 140
2810 0.09202195800352002 140.5
2820 0.09202361158656706 141
2830 0.09202570617969463 141.5
2840 0.09202786859359252 142
2850 0.09202992594955152 142.5
2860 0.09203197317388109 143
2870 0.09203408434567827 143.5
2880 0.09203635338937564 144
2890 0.09203901426484962 144.5
2900 0.09204169890302835 145
2910 0.09204460883045516 145.5
2920 0.09204728991875653 146
2930 0.0920494878570413 146.5
2940 0.09205092377723434 147
2950 0.09205162772159453 147.5
2960 0.09205192575304534 148
2970 0.09205220651418788 148.5
2980 0.09205303250403218 149
2990 0.09205370827867804 149.5
3000 0.09205430590203303 150
3010 0.09205456861055965 150.5
3020 0.09205499321747812 151
3030 0.09205552866127248 151.5
3040 0.09205554889058723 152
3050 0.09205476292881563 152.5
3060 0.0920536361019757 153
3070 0.0920526975337253 153.5
3080 0.0920516227743261 154
3090 0.09204974422457191 154.5
3100 0.09204636632232724 155
3110 0.09204222464745075 155.5
3120 0.09203870961427091 156
3130 0.09203620544954005 156.5
3140 0.09203330799237057 157
3150 0.09203131355658323 157.5
3160 0.09203067755521449 158
3170 0.09203048656285291 158.5
3180 0.09202849413929377 159
3190 0.09202701786054118 159.5
3200 0.09202541108160539 160
3210 0.0920242528273584 160.5
3220 0.09202168520228485 161
3230 0.09201962278406316 161.5
3240 0.09201696456846309 162
3250 0.09201452096042576 162.5
3260 0.09201317780604999 163
3270 0.09201255404827688 163.5
3280 0.09201266628614289 164
3290 0.09201271035841671 164.5
3300 0.09201237133417765 165
3310 0.09201168410700886 165.5
3320 0.09201112567749875 166
3330 0.09201097938900407 166.5
3340 0.09201117305515555 167
3350 0.09201133178107827 167.5
3360 0.09201146105216473 168
3370 0.09201160803721177 168.5
3380 0.09201185361583221 169
3390 0.09201225313155516 169.5
3400 0.09201283422550754 170
3410 0.09201358379551715 170.5
3420 0.09201449022682338 171
3430 0.09201540509420975 171.5
3440 0.09201616560842654 172
3450 0.09201661819011571 172.5
3460 0.09201673651507432 173
3470 0.09201664328448156 173.5
3480 0.09201651893654797 174
3490 0.0920164750000637 174.5
3500 0.09201644437746764 175
3510 0.09201633909311893 175.5
3520 0.09201615827075135 176
3530 0.09201594562295402 176.5
3540 0.09201565226421676 177
3550 0.09201514699612112 177.5
3560 0.09201445038903641 178
3570 0.09201372852338824 178.5
3580 0.09201318529424878 179
3590 0.0920129147010076 179.5
3600 0.09201287321031539 180
3610 0.09201299164776992 180.5
3620 0.09201314645641481 181
3630 0.0920132298069406 181.5
3640 0.092013179836963 182
3650 0.09201301944089531 182.5
3660 0.09201282018153338 183
3670 0.09201263315847286 183.5
3680 0.09201247285582818 184
3690 0.0920123250037102 184.5
3700 0.09201215337724569 185
3710 0.09201191886771978 185.5
3720 0.09201159518858103 186
3730 0.09201144033820992 186.5
3740 0.0920115386991093 187
3750 0.09201162210617966 187.5
3760 0.09201163398178104 188
3770 0.09201208511240265 188.5
3780 0.09201273278350125 189
3790 0.09201322906708029 189.5
3800 0.09201325565248555 190
3810 0.09201285491492416 190.5
3820 0.09201231909139343 191
3830 0.09201182520647966 191.5
3840 0.09201129793192697 192
3850 0.09201143384619825 192.5
3860 0.09201155896718928 193
3870 0.09201165850313578 193.5
3880 0.09201172194989705 194
3890 0.0920117428900018 194.5
3900 0.09201172439862572 195
3910 0.09201167897339324 195.5
3920 0.0920116231674875 196
3930 0.09201157692655849 196.5
3940 0.09201154507041656 197
3950 0.09201152253117424 197.5
3960 0.09201149915413873 198
3970 0.0920114665425863 198.5
3980 0.09201142254835851 199
3990 0.09201137447856243 199.5
4000 0.09201133670663104 200
4010 0.09201132211324113 200.5
4020 0.09201133953243618 201
4030 0.09201139116068023 201.5
4040 0.09201147059476536 202
4050 0.09201156575422532 202.5
4060 0.09201166096458356 203
4070 0.09201174137900534 203.5
4080 0.09201179932104542 204
4090 0.09201183491326528 204.5
4100 0.09201185306265489 205
4110 0.09201185805815529 205.5
4120 0.09201185414755808 206
4130 0.0920118556455662 206.5
4140 0.09201186979777706 207
4150 0.09201189441318866 207.5
4160 0.09201193207841804 208
4170 0.09201197715530215 208.5
4180 0.09201202730167463 209
4190 0.09201208791798976 209.5
4200 0.09201215946750352 210
4210 0.0920122537246663 210.5
4220 0.09201235990975523 211
4230 0.09201245235488514 211.5
4240 0.09201252264033349 212
4250 0.09201256166135494 212.5
4260 0.09201256740664156 213
4270 0.09201253809406811 213.5
4280 0.09201247876504429 214
4290 0.09201239854924267 214.5
4300 0.09201230478610006 215
4310 0.0920122126539811 215.5
4320 0.09201213096225086 216
4330 0.0920120473087318 216.5
4340 0.09201195169546451 217
4350 0.09201184466530246 217.5
4360 0.09201171899574653 218
4370 0.09201158490962598 218.5
4380 0.09201145730540324 219
4390 0.09201137124928105 219.5
4400 0.09201134468240564 220
4410 0.0920113610975242 220.5
4420 0.09201139110342425 221
4430 0.09201140192369026 221.5
4440 0.09201138329352529 222
4450 0.09201132077087749 222.5
4460 0.09201122610244833 223
4470 0.09201112584776754 223.5
4480 0.09201103655576105 224
4490 0.09201096211562257 224.5
4500 0.09201090348349068 225
4510 0.09201086424629643 225.5
4520 0.09201100342086729 226
4530 0.09201115079294167 226.5
4540 0.09201121388106716 227
4550 0.09201119777225719 227.5
4560 0.09201112710451954 228
4570 0.09201103309883919 228.5
4580 0.09201093744542593 229
4590 0.09201085136995145 229.5
4600 0.09201083112622789 230
4610 0.09201089588232085 230.5
4620 0.09201098039933157 231
4630 0.09201107715979731 231.5
4640 0.09201117175399587 232
4650 0.09201126120716809 232.5
4660 0.09201133853004669 233
4670 0.09201140594988068 233.5
4680 0.09201145870317012 234
4690 0.09201148862502447 234.5
4700 0.09201149924629105 235
4710 0.09201150089649682 235.5
4720 0.09201150553524653 236
4730 0.09201151059675496 236.5
4740 0.09201151173120645 237
4750 0.09201150735184667 237.5
4760 0.09201149780592799 238
4770 0.09201148822468606 238.5
4780 0.09201148368269223 239
4790 0.09201148531354063 239.5
4800 0.09201149603069866 240
4810 0.09201151994654672 240.5
4820 0.09201155204345635 241
4830 0.09201158695606473 241.5
4840 0.09201161711596235 242
4850 0.09201163018386581 242.5
4860 0.09201162955576546 243
4870 0.09201161674903807 243.5
4880 0.09201159629746744 244
4890 0.09201157371858183 244.5
4900 0.09201154769428252 245
4910 0.09201151623662322 245.5
4920 0.09201148164463145 246
4930 0.09201144446504934 246.5
4940 0.09201140574990485 247
4950 0.09201136384866582 247.5
4960 0.09201131411805424 248
4970 0.09201125370299292 248.5
4980 0.09201119123161079 249
4990 0.09201112588016896 249.5
5000 0.0920110589264022 250
