0 0 0
5 3.729595823238965e-21 0.5
10 7.878474395533125e-19 1
15 3.559836571780513e-17 1.5
20 1.17849618131219e-15 2
25 1.72522110560913e-14 2.5
30 1.348695672771476e-13 3
35 7.314689994114633e-13 3.5
40 3.260238937957403e-12 4
45 1.271654904168319e-11 4.5
50 4.379347447610177e-11 5
55 1.33614831119337e-10 5.500000000000001
60 3.622181141397545e-10 6.000000000000001
65 8.783572586211194e-10 6.500000000000001
70 1.93052740308519e-09 7.000000000000001
75 3.889813563909106e-09 7.500000000000001
80 7.244795974110239e-09 8
85 1.253427900056302e-08 8.5
90 2.020721816060706e-08 9
95 3.045639723059584e-08 9.5
100 4.312972702576709e-08 10
105 5.775401804138845e-08 10.5
110 7.375548475341149e-08 11
115 9.100460501069495e-08 11.5
120 1.105194416282058e-07 12
125 1.351788616551611e-07 12.5
130 1.706452651523556e-07 13
135 2.274412630757516e-07 13.5
140 3.260678399985172e-07 14
145 5.094597014237064e-07 14.5
150 8.704118834431336e-07 15
155 1.593844788154554e-06 15.5
160 2.992763752805963e-06 16
165 5.524627538394871e-06 16.5
170 9.772792857315862e-06 17
175 1.652014477970204e-05 17.5
180 2.681468116368075e-05 18
185 4.192959084932544e-05 18.5
190 6.317664085578185e-05 19
195 9.131000533788152e-05 19.5
200 0.0001261575324324677 20
205 0.0001667952654292647 20.5
210 0.0002114076802446961 21
215 0.0002575525127105444 21.5
220 0.0003036687242712283 22
225 0.0003492252794953078 22.5
230 0.0003927450621502999 23
235 0.0004340577270469132 23.5
240 0.0004728210779161198 24
245 0.0005086721298059539 24.5
250 0.0005423249068453529 25
255 0.0005731688553271579 25.5
260 0.0006028570710018021 26
265 0.0006327497805356504 26.5
270 0.0006648698087512881 27
275 0.0006992334761593944 27.5
280 0.0007370227826331893 28
285 0.0007820466742554543 28.5
290 0.0008370036238297282 29
295 0.0009023525914272016 29.5
300 0.0009771594657352351 30
305 0.001061948953773544 30.5
310 0.001158711193918813 31
315 0.001269956670942042 31.5
320 0.001400558789324329 32
325 0.001555297933130963 32.5
330 0.001734687284130111 33.00000000000001
335 0.001937206579947139 33.50000000000001
340 0.002159465464471807 34.00000000000001
345 0.002396690994151388 34.50000000000001
350 0.002644558577161974 35.00000000000001
355 0.0028989848113875 35.50000000000001
360 0.003155826374543506 36.00000000000001
365 0.003410948671951406 36.50000000000001
370 0.003660296111727395 37.00000000000001
375 0.003900421336374642 37.50000000000001
380 0.004130737067352416 38.00000000000001
385 0.004352451779612607 38.50000000000001
390 0.004567801587833986 39.00000000000001
395 0.004778980340876891 39.50000000000001
400 0.004989372951828853 40.00000000000001
405 0.00520134010014618 40.50000000000001
410 0.00541381378081828 41.00000000000001
415 0.005624674837507415 41.50000000000001
420 0.005829455962270773 42.00000000000001
425 0.006021975768796171 42.50000000000001
430 0.006198454246391993 43.00000000000001
435 0.00635622562887226 43.50000000000001
440 0.006493388055495151 44.00000000000001
445 0.006610370153328056 44.50000000000001
450 0.006709282175308033 45.00000000000001
455 0.006792606253922175 45.50000000000001
460 0.006863258014704597 46.00000000000001
465 0.006923324272839045 46.50000000000001
470 0.006975130907251281 47.00000000000001
475 0.00702075818950485 47.50000000000001
480 0.007061586231909773 48.00000000000001
485 0.007098243613665284 48.50000000000001
490 0.007131181586496942 49.00000000000001
495 0.007160134708521069 49.50000000000001
500 0.007184809849463308 50.00000000000001
505 0.007205672309010802 50.50000000000001
510 0.007223218119897941 51.00000000000001
515 0.007237347143393841 51.50000000000001
520 0.00724766590840763 52.00000000000001
525 0.007254149714680295 52.50000000000001
530 0.007257738984404833 53.00000000000001
535 0.007259833312653101 53.50000000000001
540 0.007261711363209672 54.00000000000001
545 0.007264164356304008 54.50000000000001
550 0.007267439579822958 55.00000000000001
555 0.007271361746011369 55.50000000000001
560 0.007275215949402705 56.00000000000001
565 0.007278373799258258 56.50000000000001
570 0.007280138549411212 57.00000000000001
575 0.007280000621869036 57.50000000000001
580 0.007277824605958594 58.00000000000001
585 0.007273456520687248 58.50000000000001
590 0.007266689886286171 59.00000000000001
595 0.007257569282461646 59.50000000000001
600 0.00724624516275367 60.00000000000001
605 0.007232748648562003 60.50000000000001
610 0.007216964571779188 61.00000000000001
615 0.007198821413324173 61.50000000000001
620 0.007178569606354351 62.00000000000001
625 0.007156745281517992 62.50000000000001
630 0.007134091801028267 63.00000000000001
635 0.007111418068277838 63.50000000000001
640 0.007089413865624467 64
645 0.007068534552117482 64.5
650 0.007049224445637545 65
655 0.007031682943044202 65.5
660 0.007015876334210195 66
665 0.007001564877084911 66.5
670 0.006988587978855055 67
675 0.006976670352034771 67.5
680 0.006965466317575445 68
685 0.006954528866260261 68.5
690 0.006943667427471503 69
695 0.006932835365715245 69.5
700 0.006922013748921711 70
705 0.006911101945677932 70.5
710 0.006900162262194951 71
715 0.006889259894129952 71.5
720 0.006878373564138135 72
725 0.00686747427946389 72.5
730 0.006856387171268625 73
735 0.006844980141153978 73.5
740 0.006833130996617843 74
745 0.00682086065436746 74.5
750 0.006808308481390735 75
755 0.006795693708887897 75.5
760 0.006783334765629308 76
765 0.006771560036151768 76.5
770 0.006760625463425199 77
775 0.006750797000202527 77.50000000000001
780 0.00674220886171192 78.00000000000001
785 0.006734801022520625 78.50000000000001
790 0.006728428254694613 79.00000000000001
795 0.00672282386892672 79.50000000000001
800 0.006717626717434261 80.00000000000001
805 0.006712467815424712 80.50000000000001
810 0.00670700134489642 81.00000000000001
815 0.006700886268047299 81.50000000000001
820 0.006693826374806112 82.00000000000001
825 0.006685734588116317 82.50000000000001
830 0.006676816890738604 83.00000000000001
835 0.006667510644338944 83.50000000000001
840 0.006658335884063424 84.00000000000001
845 0.0066497706181397 84.50000000000001
850 0.006642205597726377 85.00000000000001
855 0.006635939616145481 85.50000000000001
860 0.006631189156403585 86.00000000000001
865 0.006628038092760732 86.50000000000001
870 0.006626408563263575 87.00000000000001
875 0.006626130910991371 87.50000000000001
880 0.006626943031438531 88.00000000000001
885 0.006628582489474902 88.50000000000001
890 0.006630853098810403 89.00000000000001
895 0.006633592947796974 89.50000000000001
900 0.006636798975163206 90.00000000000001
905 0.006640542078896266 90.50000000000001
910 0.006644859700910494 91.00000000000001
915 0.006649847552847852 91.50000000000001
920 0.006655507292473125 92.00000000000001
925 0.006661763362387182 92.50000000000001
930 0.006668501522825486 93.00000000000001
935 0.00667551225063539 93.50000000000001
940 0.006682575657051494 94.00000000000001
945 0.006689479435820625 94.50000000000001
950 0.006696027358991543 95.00000000000001
955 0.006702071526485555 95.50000000000001
960 0.006707343993244873 96.00000000000001
965 0.006711461720624252 96.50000000000001
970 0.006714267363797831 97.00000000000001
975 0.006715901791749544 97.50000000000001
980 0.006716745094555989 98.00000000000001
985 0.006717256167254274 98.50000000000001
990 0.006717815583186758 99.00000000000001
995 0.006718726005972742 99.50000000000001
1000 0.006720248061893921 100
1005 0.0067224854687016 100.5
1010 0.006725414793830607 101
1015 0.006728919313821821 101.5
1020 0.006732800576368704 102
1025 0.006736945981032572 102.5
1030 0.006741318584291505 103
1035 0.006745848057211359 103.5
1040 0.006750452670342769 104
1045 0.006755144546949437 104.5
1050 0.006759943686527292 105
1055 0.006764876991732517 105.5
1060 0.006769862608160423 106
1065 0.006775018536649143 106.5
1070 0.006780465367356223 107
1075 0.00678626757290888 107.5
1080 0.006792454398056628 108
1085 0.006798955980559625 108.5
1090 0.006805704916215922 109
1095 0.006812568079923622 109.5
1100 0.006819306917611487 110
1105 0.006825577990947769 110.5
1110 0.006831101306511538 111
1115 0.006835731928592727 111.5
1120 0.006839570639812887 112
1125 0.006842967624237741 112.5
1130 0.006846291689594165 113
1135 0.0068498840343617 113.5
1140 0.006854020165797191 114
1145 0.006858715886551989 114.5
1150 0.006863807741691918 115
1155 0.00686896711984797 115.5
1160 0.006873914686576677 116
1165 0.006878441274461721 116.5
1170 0.006882324515051168 117
1175 0.006885270356223895 117.5
1180 0.006887179995281639 118
1185 0.006888211587158754 118.5
1190 0.006888647278367786 119
1195 0.006888775385570048 119.5
1200 0.006888738605634346 120
1205 0.006888747408839037 120.5
1210 0.006888927975740659 121
1215 0.006889329030448285 121.5
1220 0.006890099110468896 122
1225 0.006891356976881459 122.5
1230 0.006893095477861948 123
1235 0.006895254565345103 123.5
1240 0.006897660164171055 124
1245 0.006899967964747847 124.5
1250 0.006901722772910043 125
1255 0.006902573010022616 125.5
1260 0.006902450143945888 126
1265 0.00690162341426704 126.5
1270 0.006900534848492444 127
1275 0.006899578337330204 127.5
1280 0.006899005553619693 128
1285 0.006898917047932635 128.5
1290 0.006899228607857463 129
1295 0.006899616252687248 129.5
1300 0.006899742611077036 130
1305 0.006899341431086978 130.5
1310 0.006898220189952541 131
1315 0.006896401810224378 131.5
1320 0.006893890959065095 132
1325 0.006890714179350947 132.5
1330 0.006887108286834342 133
1335 0.006883466684764304 133.5
1340 0.006880137202505847 134
1345 0.006877318368655746 134.5
1350 0.006875090108047217 135
1355 0.006873467639365739 135.5
1360 0.006872516503221056 136
1365 0.006872333603320258 136.5
1370 0.006872932597059123 137
1375 0.006874259760542813 137.5
1380 0.006876142620246405 138
1385 0.00687818657836569 138.5
1390 0.006879906951255736 139
1395 0.006880867134969095 139.5
1400 0.006880910385554249 140
1405 0.006880201768915709 140.5
1410 0.006879148951113228 141
1415 0.006878136354732405 141.5
1420 0.006877459732335628 142
1425 0.006877250909919251 142.5
1430 0.006877409333292979 143
1435 0.006877676121323835 143.5
1440 0.006877683311882969 144
1445 0.00687714337295789 144.5
1450 0.006875835940888841 145
1455 0.006873650416354585 145.5
1460 0.006870702340675423 146
1465 0.006867085980293621 146.5
1470 0.006862996899647355 147
1475 0.006858803901142584 147.5
1480 0.006854873976093433 148
1485 0.006851512472498112 148.5
1490 0.006848968494695518 149
1495 0.006847272313242454 149.5
1500 0.00684636746909833 150
1505 0.006846262644518983 150.5
1510 0.006847000103015974 151
1515 0.006848574555419873 151.5
1520 0.006850861855295157 152
1525 0.006853629087389426 152.5
1530 0.006856504082910596 153
1535 0.006858997999013428 153.5
1540 0.006860686596065766 154
1545 0.006861506620545739 154.5
1550 0.006861675346411519 155
1555 0.006861563616672623 155.5
1560 0.006861525484289527 156
1565 0.006861800537920825 156.5
1570 0.006862387996403536 157
1575 0.006863101579270379 157.5
1580 0.006863682884562306 158
1585 0.006863818957509341 158.5
1590 0.006863257366088085 159
1595 0.006861798143069043 159.5
1600 0.006859367877401283 160
1605 0.006856094639326425 160.5
1610 0.006852201607730289 161
1615 0.006847929071599319 161.5
1620 0.006843635950589193 162
1625 0.006839694730334488 162.5
1630 0.006836373332896113 163
1635 0.006833904121791812 163.5
1640 0.006832335713661843 164
1645 0.006831601894486738 164.5
1650 0.006831705499537647 165
1655 0.006832647376721201 165.5
1660 0.006834424752043843 166
1665 0.006836913499582702 166.5
1670 0.00683986660158097 167
1675 0.006842928376729249 167.5
1680 0.006845636416871114 168
1685 0.006847598786399638 168.5
1690 0.006848760632704814 169
1695 0.00684931665205067 169.5
1700 0.006849588294850061 170
1705 0.006849893769817939 170.5
1710 0.006850439266781972 171
1715 0.006851189714613608 171.5
1720 0.006851955750596907 172
1725 0.006852506023790379 172.5
1730 0.006852491946586172 173
1735 0.00685165814466466 173.5
1740 0.006849858509829971 174
1745 0.006847025577573228 174.5
1750 0.006843303357602379 175
1755 0.006838942988422717 175.5
1760 0.006834233540402915 176
1765 0.006829573461167551 176.5
1770 0.00682532751413301 177
1775 0.006821784779598192 177.5
1780 0.006819203603576252 178
1785 0.006817666354394093 178.5
1790 0.006817078891170498 179
1795 0.006817405519512378 179.5
1800 0.00681862621093648 180
1805 0.006820720629133543 180.5
1810 0.00682353564235778 181
1815 0.006826811834583397 181.5
1820 0.00683022017415484 182
1825 0.006833338896534533 182.5
1830 0.006835832841264715 183
1835 0.006837673651835879 183.5
1840 0.006839016096196826 184
1845 0.006840121618171152 184.5
1850 0.00684127351953859 185
1855 0.00684261348113263 185.5
1860 0.006844065534465573 186
1865 0.006845416644394576 186.5
1870 0.006846415474517634 187
1875 0.00684672197117734 187.5
1880 0.00684612924856432 188
1885 0.006844507317600574 188.5
1890 0.00684187291825084 189
1895 0.00683843686973601 189.5
1900 0.006834400400721055 190
1905 0.006830063925574666 190.5
1910 0.006825840391727836 191
1915 0.006822045901007193 191.5
1920 0.006818977056800682 192
1925 0.006816868522936582 192.5
1930 0.006815795755600956 193
1935 0.006815685128264377 193.5
1940 0.006816479619414811 194
1945 0.006818133016171859 194.5
1950 0.006820571071428322 195
1955 0.006823628662931445 195.5
1960 0.006827063159234465 196
1965 0.006830544511371378 196.5
1970 0.006833714461714767 197
1975 0.006836297548565386 197.5
1980 0.006838257879270669 198
1985 0.006839719551834265 198.5
1990 0.006840907656399698 199
1995 0.006842071735101936 199.5
2000 0.006843340872291717 200
2005 0.006844625806785991 200.5
2010 0.006845702712655392 201
2015 0.006846328672923416 201.5
2020 0.006846211505447636 202
2025 0.006845193169429782 202.5
2030 0.00684316307034669 203
2035 0.006840235885934932 203.5
2040 0.006836637081540376 204
2045 0.006832548024788033 204.5
2050 0.006828279326875402 205
2055 0.006824185760565989 205.5
2060 0.006820584668663182 206
2065 0.006817761769002401 206.5
2070 0.006815922172290476 207
2075 0.00681512590710821 207.5
2080 0.006815315612305302 208
2085 0.006816399967036183 208.5
2090 0.006818284505977782 209
2095 0.006820862686882095 209.5
2100 0.0068239923205024 210
2105 0.006827430071192376 210.5
2110 0.006830852953657875 211
2115 0.006833931476824135 211.5
2120 0.006836441736389144 212
2125 0.006838365409752563 212.5
2130 0.00683983527687816 213
2135 0.006841062406472618 213.5
2140 0.006842255769041311 214
2145 0.006843499978335267 214.5
2150 0.006844679640835794 215
2155 0.0068455762745031 215.5
2160 0.006845946178495305 216
2165 0.00684552732895293 216.5
2170 0.006844188803188939 217
2175 0.006841856903621873 217.5
2180 0.006838702742287646 218
2185 0.006834952181575528 218.5
2190 0.006830809608420738 219
2195 0.006826594172910657 219.5
2200 0.006822656485076318 220
2205 0.006819317163223686 220.5
2210 0.006816845297658492 221
2215 0.00681540212367008 221.5
2220 0.006815021188029223 222
2225 0.006815615879043329 222.5
2230 0.006817057052188784 223
2235 0.006819220670538217 223.5
2240 0.006821987875530851 224
2245 0.006825203581965346 224.5
2250 0.006828630883513088 225
2255 0.006831952527559873 225.5
2260 0.006834839852801931 226
2265 0.006837130953726738 226.5
2270 0.006838859171934649 227
2275 0.006840200126661583 227.5
2280 0.00684135890972202 228
2285 0.006842510497761806 228.5
2290 0.00684367836495628 229
2295 0.006844709189758754 229.5
2300 0.006845377461255615 230
2305 0.006845433043898376 230.5
2310 0.006844647281147046 231
2315 0.006842873296368937 231.5
2320 0.006840081427869528 232
2325 0.006836493750384144 232.5
2330 0.006832352266765697 233
2335 0.006827879214134921 233.5
2340 0.006823419437802609 234
2345 0.00681933234196847 234.5
2350 0.006815937669378359 235
2355 0.006813482284746383 235.5
2360 0.006812109223812278 236
2365 0.006811799828972817 236.5
2370 0.006812440043754983 237
2375 0.006813890411499848 237.5
2380 0.006816018105718132 238
2385 0.006818703507500116 238.5
2390 0.00682177561768652 239
2395 0.006824986573729753 239.5
2400 0.006828000321666673 240
2405 0.006830505219863631 240.5
2410 0.006832422432943823 241
2415 0.006833841826978344 241.5
2420 0.006834955892518566 242
2425 0.00683595292731501 242.5
2430 0.006836964695962008 243
2435 0.006837944766311231 243.5
2440 0.006838711517088085 244
2445 0.006839031993334133 244.5
2450 0.006838639044549079 245
2455 0.006837331699896363 245.5
2460 0.006834985940684379 246
2465 0.006831652407593188 246.5
2470 0.006827585213469651 247
2475 0.006823016917857221 247.5
2480 0.00681821387732048 248
2485 0.006813541034959692 248.5
2490 0.006809346623108938 249
2495 0.006805926165229643 249.5
2500 0.006803510378888843 250
2505 0.006802201618097279 250.5
2510 0.0068019351031567 251
2515 0.006802599618528558 251.5
2520 0.006804079545374161 252
2525 0.006806241955311603 252.5
2530 0.006808938429484106 253
2535 0.006811983624457971 253.5
2540 0.006815089136565107 254
2545 0.006817915009618962 254.5
2550 0.00682020991313603 255
2555 0.006821954994076931 255.5
2560 0.006823259152569462 256
2565 0.006824315130596878 256.5
2570 0.006825304051970034 257
2575 0.006826338088468613 257.5
2580 0.006827320649512338 258
2585 0.006828037271859958 258.5
2590 0.006828243969968467 259
2595 0.006827676405169762 259.5
2600 0.006826187430072289 260
2605 0.006823686784934 260.5
2610 0.006820317383663831 261
2615 0.006816325876222037 261.5
2620 0.006811924112484311 262
2625 0.006807426005094474 262.5
2630 0.006803183037684775 263
2635 0.006799513684068526 263.5
2640 0.006796694458895827 264
2645 0.00679492077140226 264.5
2650 0.006794254013130403 265
2655 0.006794616144439198 265.5
2660 0.006795894468938675 266
2665 0.006797962993945363 266.5
2670 0.006800660397082179 267
2675 0.006803840987497617 267.5
2680 0.006807280623439453 268
2685 0.006810664770242703 268.5
2690 0.006813695924042518 269
2695 0.006816180981731526 269.5
2700 0.006818117243768353 270
2705 0.006819628994619256 270.5
2710 0.006820914491721841 271
2715 0.006822162723599512 271.5
2720 0.006823451549538125 272
2725 0.006824660386035855 272.5
2730 0.006825573056259281 273
2735 0.0068259376697005 273.5
2740 0.006825511206436333 274
2745 0.006824162141888914 274.5
2750 0.006821848736244031 275
2755 0.006818774008510896 275.5
2760 0.006815136207127485 276
2765 0.006811148956379117 276.5
2770 0.006807146014689471 277
2775 0.006803457371331824 277.5
2780 0.006800392200916668 278
2785 0.006798198930519484 278.5
2790 0.006797039451507279 279
2795 0.006796944642147524 279.5
2800 0.006797814800600692 280
2805 0.006799525154823748 280.5
2810 0.006801927889418322 281
2815 0.00680487664480509 281.5
2820 0.006808221208179999 282
2825 0.006811717310192193 282.5
2830 0.006815054539524049 283
2835 0.00681795719720513 283.5
2840 0.006820292498593635 284
2845 0.006822100023930807 284.5
2850 0.006823538800102809 285
2855 0.00682481029275027 285.5
2860 0.006826084548226881 286
2865 0.006827384101070055 286.5
2870 0.006828552748006299 287
2875 0.00682936187560681 287.5
2880 0.006829560530580965 288
2885 0.00682892160164991 288.5
2890 0.006827321755926126 289
2895 0.006824773875236452 289.5
2900 0.006821513942012752 290
2905 0.006817744584282933 290.5
2910 0.006813702321042506 291
2915 0.006809737220288165 291.5
2920 0.006806182580043153 292
2925 0.006803346034505352 292.5
2930 0.006801447645520153 293
2935 0.006800616238910263 293.5
2940 0.006800840574521684 294
2945 0.006801990219812625 294.5
2950 0.006803920502693026 295
2955 0.00680648622503569 295.5
2960 0.006809548566095829 296
2965 0.006812933975626129 296.5
2970 0.006816386520664072 297
2975 0.006819595759909218 297.5
2980 0.006822301158922139 298
2985 0.006824436437733067 298.5
2990 0.006826081133855539 299
2995 0.006827428178238478 299.5
3000 0.006828669116571462 300
