0 0 0
5 9.763868310598834e-19 0.5
10 2.139592519270154e-16 1
15 1.494220667878389e-14 1.5
20 5.21237729627505e-13 2
25 5.784858269491933e-12 2.5
30 2.773365218033952e-11 3
35 9.538692752331102e-11 3.5
40 2.580582136868514e-10 4
45 5.598360663938706e-10 4.5
50 1.482415079578914e-09 5
55 3.98940835921735e-09 5.500000000000001
60 9.283350088651332e-09 6.000000000000001
65 1.818462891378658e-08 6.500000000000001
70 3.485886423959528e-08 7.000000000000001
75 5.660567481413636e-08 7.500000000000001
80 1.162444007718477e-07 8
85 2.244849781618541e-07 8.5
90 3.785306148529344e-07 9
95 5.294727998261806e-07 9.5
100 6.667759180345456e-07 10
105 8.503695880790474e-07 10.5
110 1.113550865738944e-06 11
115 1.361953309242381e-06 11.5
120 1.636713477637386e-06 12
125 1.881351295196509e-06 12.5
130 2.115115194101236e-06 13
135 2.32975230574084e-06 13.5
140 3.101711399722262e-06 14
145 5.049923402111745e-06 14.5
150 7.745863513264339e-06 15
155 1.844447069743183e-05 15.5
160 3.77826472686138e-05 16
165 7.380970055237412e-05 16.5
170 0.0001466674730181694 17
175 0.0002701054909266531 17.5
180 0.0004727047053165734 18
185 0.0007139008957892656 18.5
190 0.001156592275947332 19
195 0.001579286181367934 19.5
200 0.001978131942451 20
205 0.002391293412074447 20.5
210 0.003406262025237083 21
215 0.003875005058944225 21.5
220 0.004068564157932997 22
225 0.004984964616596699 22.5
230 0.006312444806098938 23
235 0.0068574333563447 23.5
240 0.007884945720434189 24
245 0.008947416208684444 24.5
250 0.008797010406851768 25
255 0.01005447469651699 25.5
260 0.009629491716623306 26
265 0.01044308114796877 26.5
270 0.01077088434249163 27
275 0.01009123027324677 27.5
280 0.01093737967312336 28
285 0.01110944338142872 28.5
290 0.01043744198977947 29
295 0.01116699445992708 29.5
300 0.0109390364959836 30
305 0.009996550157666206 30.5
310 0.01070516556501389 31
315 0.0103753674775362 31.5
320 0.009582745842635632 32
325 0.009155376814305782 32.5
330 0.009734719060361385 33.00000000000001
335 0.0104151014238596 33.50000000000001
340 0.01093418058007956 34.00000000000001
345 0.01131084840744734 34.50000000000001
350 0.01193669438362122 35.00000000000001
355 0.0125379329547286 35.50000000000001
360 0.0131255779415369 36.00000000000001
365 0.01352448482066393 36.50000000000001
370 0.01396306324750185 37.00000000000001
375 0.01437936630100012 37.50000000000001
380 0.01481021475046873 38.00000000000001
385 0.01516655832529068 38.50000000000001
390 0.01544388756155968 39.00000000000001
395 0.01564175821840763 39.50000000000001
400 0.01578118652105331 40.00000000000001
405 0.01587160117924213 40.50000000000001
410 0.01591461151838303 41.00000000000001
415 0.01595850102603436 41.50000000000001
420 0.01604343019425869 42.00000000000001
425 0.01609018817543983 42.50000000000001
430 0.0161086805164814 43.00000000000001
435 0.01610630378127098 43.50000000000001
440 0.01608584821224213 44.00000000000001
445 0.01605102606117725 44.50000000000001
450 0.01600474119186401 45.00000000000001
455 0.01591442339122295 45.50000000000001
460 0.01575283706188202 46.00000000000001
465 0.01551868487149477 46.50000000000001
470 0.0153820626437664 47.00000000000001
475 0.01532193832099438 47.50000000000001
480 0.01526604127138853 48.00000000000001
485 0.01522364094853401 48.50000000000001
490 0.01523287035524845 49.00000000000001
495 0.01525568123906851 49.50000000000001
500 0.01528907939791679 50.00000000000001
505 0.01532841566950083 50.50000000000001
510 0.01536837220191956 51.00000000000001
515 0.0154035771265626 51.50000000000001
520 0.01545201987028122 52.00000000000001
525 0.01552679017186165 52.50000000000001
530 0.0155665073543787 53.00000000000001
535 0.0155734745785594 53.50000000000001
540 0.01555048953741789 54.00000000000001
545 0.01550158765166998 54.50000000000001
550 0.01547605916857719 55.00000000000001
555 0.01545327994972467 55.50000000000001
560 0.01541178766638041 56.00000000000001
565 0.01535349898040295 56.50000000000001
570 0.01527980528771877 57.00000000000001
575 0.01518839132040739 57.50000000000001
580 0.01508098468184471 58.00000000000001
585 0.01496006455272436 58.50000000000001
590 0.0148283913731575 59.00000000000001
595 0.0146896680817008 59.50000000000001
600 0.01454982999712229 60.00000000000001
605 0.01441413629800081 60.50000000000001
610 0.01428549457341433 61.00000000000001
615 0.01419319026172161 61.50000000000001
620 0.01412584818899632 62.00000000000001
625 0.01407425943762064 62.50000000000001
630 0.01403440162539482 63.00000000000001
635 0.01399700529873371 63.50000000000001
640 0.01396147534251213 64
645 0.01392741687595844 64.5
650 0.01389473676681519 65
655 0.0138636901974678 65.5
660 0.0138345044106245 66
665 0.0138071496039629 66.5
670 0.01378154568374157 67
675 0.01375768426805735 67.5
680 0.01373547129333019 68
685 0.01371398754417896 68.5
690 0.0136915436014533 69
695 0.01366637088358402 69.5
700 0.0136361001059413 70
705 0.01359884161502123 70.5
710 0.01355370692908764 71
715 0.01350149046629667 71.5
720 0.01344486977905035 72
725 0.01338666491210461 72.5
730 0.01332904119044542 73
735 0.01327398885041475 73.5
740 0.01322318054735661 74
745 0.01317726075649261 74.5
750 0.01313718222081661 75
755 0.01310383901000023 75.5
760 0.01307768188416958 76
765 0.01305824611335993 76.5
770 0.01304466836154461 77
775 0.0130363330245018 77.50000000000001
780 0.01303303148597479 78.00000000000001
785 0.0130347004160285 78.50000000000001
790 0.01304296310991049 79.00000000000001
795 0.0130565483123064 79.50000000000001
800 0.01307261828333139 80.00000000000001
805 0.01308905985206366 80.50000000000001
810 0.01310468930751085 81.00000000000001
815 0.01311878487467766 81.50000000000001
820 0.01313247345387936 82.00000000000001
825 0.01314469147473574 82.50000000000001
830 0.01315349899232388 83.00000000000001
835 0.01315774861723185 83.50000000000001
840 0.01315804850310087 84.00000000000001
845 0.01315625384449959 84.50000000000001
850 0.01315387524664402 85.00000000000001
855 0.01315208524465561 85.50000000000001
860 0.01315159443765879 86.00000000000001
865 0.01315283216536045 86.50000000000001
870 0.01315621100366116 87.00000000000001
875 0.01316988840699196 87.50000000000001
880 0.01318453345447779 88.00000000000001
885 0.01319792494177818 88.50000000000001
890 0.01321029104292393 89.00000000000001
895 0.01322209741920233 89.50000000000001
900 0.01323374640196562 90.00000000000001
905 0.01324546150863171 90.50000000000001
910 0.01326232869178057 91.00000000000001
915 0.0132846450433135 91.50000000000001
920 0.01330891903489828 92.00000000000001
925 0.01333493553102016 92.50000000000001
930 0.01336232200264931 93.00000000000001
935 0.0133905466645956 93.50000000000001
940 0.0134189622476697 94.00000000000001
945 0.01344694569706917 94.50000000000001
950 0.01347388047724962 95.00000000000001
955 0.01349910348653793 95.50000000000001
960 0.01352200377732515 96.00000000000001
965 0.01354218646883965 96.50000000000001
970 0.0135594243183732 97.00000000000001
975 0.01357364561408758 97.50000000000001
980 0.01358496583998203 98.00000000000001
985 0.01359274052083492 98.50000000000001
990 0.0135962413623929 99.00000000000001
995 0.01359510980546474 99.50000000000001
1000 0.01359004713594913 100
1005 0.01358221191912889 100.5
1010 0.01357273478060961 101
1015 0.01356284972280264 101.5
1020 0.01355377491563559 102
1025 0.01354618277400732 102.5
1030 0.01354149542748928 103
1035 0.01354126445949078 103.5
1040 0.0135465394705534 104
1045 0.01355803851038218 104.5
1050 0.01357595901936293 105
1055 0.01359994988888502 105.5
1060 0.01362936943769455 106
1065 0.0136638805270195 106.5
1070 0.01370354369282722 107
1075 0.01374764367938042 107.5
1080 0.01379435881972313 108
1085 0.01384150329977274 108.5
1090 0.01388703845441341 109
1095 0.01392909232527018 109.5
1100 0.01396596617996693 110
1105 0.01399642694741488 110.5
1110 0.01401959732174873 111
1115 0.01403465773910284 111.5
1120 0.01404114533215761 112
1125 0.0140386251732707 112.5
1130 0.01402675360441208 113
1135 0.0140060456469655 113.5
1140 0.01397653203457594 114
1145 0.01393903326243162 114.5
1150 0.01389617566019297 115
1155 0.0138507317751646 115.5
1160 0.01381698902696371 116
1165 0.01378482952713966 116.5
1170 0.01374866254627705 117
1175 0.01370982732623816 117.5
1180 0.01366935949772596 118
1185 0.01363776996731758 118.5
1190 0.01362420804798603 119
1195 0.01361828949302435 119.5
1200 0.0136189442127943 120
1205 0.01362518686801195 120.5
1210 0.01363633014261723 121
1215 0.01365165691822767 121.5
1220 0.01366975344717503 122
1225 0.01368892937898636 122.5
1230 0.01370755862444639 123
1235 0.01372403092682362 123.5
1240 0.01373688038438559 124
1245 0.01374476309865713 124.5
1250 0.01374660991132259 125
1255 0.01374178566038609 125.5
1260 0.0137298721820116 126
1265 0.01371378358453512 126.5
1270 0.01368629559874535 127
1275 0.01368444785475731 127.5
1280 0.01368281524628401 128
1285 0.01367012597620487 128.5
1290 0.01364839263260365 129
1295 0.01362004689872265 129.5
1300 0.01358715537935495 130
1305 0.0135513124987483 130.5
1310 0.01351381652057171 131
1315 0.01347519923001528 131.5
1320 0.01343583036214113 132
1325 0.01339680701494217 132.5
1330 0.01335869543254375 133
1335 0.01332150492817163 133.5
1340 0.01328630838543177 134
1345 0.01325455866754055 134.5
1350 0.0132655194029212 135
1355 0.01329272892326117 135.5
1360 0.01332580763846636 136
1365 0.01336484216153622 136.5
1370 0.01341107208281755 137
1375 0.0134624894708395 137.5
1380 0.01351114362478256 138
1385 0.0135487224906683 138.5
1390 0.01357194129377604 139
1395 0.013581782579422 139.5
1400 0.01358062028884888 140
1405 0.01357032172381878 140.5
1410 0.01355220470577478 141
1415 0.0135275237262249 141.5
1420 0.01350780390202999 142
1425 0.01350476779043674 142.5
1430 0.01349442638456821 143
1435 0.01347836200147867 143.5
1440 0.01345809083431959 144
1445 0.01343477331101894 144.5
1450 0.01340902876108885 145
1455 0.01338125299662352 145.5
1460 0.0133520495146513 146
1465 0.01332239713519812 146.5
1470 0.01329298224300146 147
1475 0.01326481718569994 147.5
1480 0.01323873456567526 148
1485 0.01321544777601957 148.5
1490 0.01321321725845337 149
1495 0.01324580609798431 149.5
1500 0.01328916382044554 150
1505 0.01333911623805761 150.5
1510 0.01338866632431746 151
1515 0.01343298796564341 151.5
1520 0.01347004156559706 152
1525 0.01349933445453644 152.5
1530 0.01352066639810801 153
1535 0.01353387627750635 153.5
1540 0.01353896781802177 154
1545 0.01353616826236248 154.5
1550 0.0135260708630085 155
1555 0.01350970380008221 155.5
1560 0.01349604967981577 156
1565 0.01350101735442877 156.5
1570 0.01349964644759893 157
1575 0.01349239144474268 157.5
1580 0.0134794395416975 158
1585 0.01346173230558634 158.5
1590 0.01344054378569126 159
1595 0.01341709401458502 159.5
1600 0.01339237205684185 160
1605 0.01336729526519775 160.5
1610 0.01334258634597063 161
1615 0.01331893354654312 161.5
1620 0.01329730357974768 162
1625 0.01327859796583652 162.5
1630 0.01326574757695198 163
1635 0.01328736823052168 163.5
1640 0.01331398636102676 164
1645 0.01334439963102341 164.5
1650 0.01337733957916498 165
1655 0.01341070607304573 165.5
1660 0.01344248559325933 166
1665 0.01347079407423735 166.5
1670 0.0134939756244421 167
1675 0.01351079437881708 167.5
1680 0.0135203693062067 168
1685 0.01352241635322571 168.5
1690 0.0135172875598073 169
1695 0.01350572798401117 169.5
1700 0.0134924054145813 170
1705 0.01349917519837618 170.5
1710 0.01350055728107691 171
1715 0.01349658612161875 171.5
1720 0.01348746009171009 172
1725 0.01347365044057369 172.5
1730 0.01345594320446253 173
1735 0.01343537215143442 173.5
1740 0.01341299340128899 174
1745 0.01338962651789188 174.5
1750 0.0133664021268487 175
1755 0.01334429625421762 175.5
1760 0.01332386210560799 176
1765 0.01330577861517668 176.5
1770 0.01329081039875746 177
1775 0.0132802864536643 177.5
1780 0.01330235879868269 178
1785 0.01332937739789486 178.5
1790 0.01335961371660233 179
1795 0.0133914016187191 179.5
1800 0.01342302467674017 180
1805 0.01345271524041891 180.5
1810 0.01347876526415348 181
1815 0.01349977497011423 181.5
1820 0.01351487915962934 182
1825 0.01352346688508987 182.5
1830 0.01352516654878855 183
1835 0.01352021284401417 183.5
1840 0.01350936945527792 184
1845 0.01351170986890793 184.5
1850 0.01351781003177166 185
1855 0.01351851690560579 185.5
1860 0.01351387333124876 186
1865 0.01350417081266642 186.5
1870 0.01348992250859737 187
1875 0.01347191911190748 187.5
1880 0.01345121208578348 188
1885 0.01342903822660446 188.5
1890 0.0134066566824913 189
1895 0.01338516920804977 189.5
1900 0.01336515694856644 190
1905 0.01334732957184315 190.5
1910 0.01333208568394184 191
1915 0.01331987045705318 191.5
1920 0.01331135164946318 192
1925 0.01332671102136374 192.5
1930 0.01335327886044979 193
1935 0.01338255498558283 193.5
1940 0.01341283600777388 194
1945 0.01344237383455038 194.5
1950 0.01346947345882654 195
1955 0.0134926401078701 195.5
1960 0.01351083815097809 196
1965 0.01352326385676861 196.5
1970 0.01352934166789055 197
1975 0.01352890022099018 197.5
1980 0.0135222002863884 198
1985 0.01351876836270094 198.5
1990 0.01352733932435513 199
1995 0.01353067252784967 199.5
2000 0.01352860312908888 200
2005 0.01352126244455576 200.5
2010 0.01350903976708651 201
2015 0.01349255349487066 201.5
2020 0.01347266882658005 202
2025 0.01345047075301409 202.5
2030 0.01342716533690691 203
2035 0.01340399403125048 203.5
2040 0.01338211447000504 204
2045 0.01336246263235807 204.5
2050 0.01334536913782358 205
2055 0.0133310966193676 205.5
2060 0.01331998873502016 206
2065 0.01331269834190607 206.5
2070 0.01332958322018385 207
2075 0.01335562393069267 207.5
2080 0.01338388863950968 208
2085 0.01341267302632332 208.5
2090 0.01344025507569313 209
2095 0.01346504408866167 209.5
2100 0.01348579023033381 210
2105 0.01350153796374798 210.5
2110 0.01351150218397379 211
2115 0.01351522654294968 211.5
2120 0.01351271849125624 212
2125 0.01350442785769701 212.5
2130 0.01351016107946634 213
2135 0.01351674925535917 213.5
2140 0.01351817231625319 214
2145 0.01351432409137487 214.5
2150 0.01350532379001379 215
2155 0.01349157188087702 215.5
2160 0.01347377151250839 216
2165 0.01345290057361126 216.5
2170 0.0134300421923399 217
2175 0.01340637635439634 217.5
2180 0.01338308863341808 218
2185 0.01336123887449503 218.5
2190 0.01334170438349247 219
2195 0.01332511473447084 219.5
2200 0.01331125386059284 220
2205 0.01330055110156536 220.5
2210 0.0132937952876091 221
2215 0.01331260614097118 221.5
2220 0.0133377630263567 222
2225 0.0133646409958601 222.5
2230 0.01339165680110455 223
2235 0.01341725047677755 223.5
2240 0.01343992259353399 224
2245 0.0134584279730916 224.5
2250 0.01347179431468248 225
2255 0.0134793221950531 225.5
2260 0.0134807163849473 226
2265 0.01347619481384754 226.5
2270 0.01346894539892673 227
2275 0.01347848121076822 227.5
2280 0.01348324585705996 228
2285 0.01348294503986835 228.5
2290 0.01347756385803223 229
2295 0.01346729509532452 229.5
2300 0.01345257554203272 230
2305 0.01343413814902306 230.5
2310 0.01341290026903152 231
2315 0.01338992360979319 231.5
2320 0.01336635183542967 232
2325 0.0133433174341917 232.5
2330 0.01332183741033077 233
2335 0.01330277975648642 233.5
2340 0.01328679919242859 234
2345 0.01327408850193024 234.5
2350 0.01326469331979752 235
2355 0.01326149143278599 235.5
2360 0.01328362803906202 236
2365 0.01330855488777161 236.5
2370 0.01333473902195692 237
2375 0.01336058788001537 237.5
2380 0.01338457688689232 238
2385 0.01340532023459673 238.5
2390 0.01342171151190996 239
2395 0.01343296654522419 239.5
2400 0.01343850698322058 240
2405 0.01343819964677095 240.5
2410 0.01343246921896935 241
2415 0.01342794857919216 241.5
2420 0.01343598216772079 242
2425 0.01343935262411833 242.5
2430 0.01343780942261219 243
2435 0.01343140006065369 243.5
2440 0.01342035457491875 244
2445 0.01340512745082378 244.5
2450 0.01338645629584789 245
2455 0.01336526591330767 245.5
2460 0.01334261335432529 246
2465 0.01331965904682875 246.5
2470 0.0132975410670042 247
2475 0.01327722612768412 247.5
2480 0.01325953938066959 248
2485 0.01324509736150503 248.5
2490 0.01323414500802755 249
2495 0.01322708278894424 249.5
2500 0.01323895715177059 250
2505 0.01326260808855295 250.5
2510 0.01328862365335226 251
2515 0.01331547740846872 251.5
2520 0.01334161031991243 252
2525 0.01336553879082203 252.5
2530 0.01338595896959305 253
2535 0.01340183336287737 253.5
2540 0.01341252308338881 254
2545 0.0134176192805171 254.5
2550 0.01341707818210125 255
2555 0.01341140270233154 255.5
2560 0.01340725086629391 256
2565 0.0134156197309494 256.5
2570 0.01341932732611895 257
2575 0.01341820508241653 257.5
2580 0.01341232098639011 258
2585 0.01340192370116711 258.5
2590 0.01338753290474415 259
2595 0.01336994022130966 259.5
2600 0.01335009839385748 260
2605 0.01332910265773535 260.5
2610 0.01330812647938728 261
2615 0.01328826136887074 261.5
2620 0.01327043585479259 262
2625 0.01325543317943811 262.5
2630 0.01324382144957781 263
2635 0.01323579996824265 263.5
2640 0.01323159877210855 264
2645 0.01325392071157694 264.5
2650 0.01327981799840927 265
2655 0.01330762449651957 265.5
2660 0.01333578210324049 266
2665 0.01336269453167915 266.5
2670 0.01338685862720013 267
2675 0.01340701151639223 267.5
2680 0.01342227216809988 268
2685 0.01343199424445629 268.5
2690 0.01343581918627024 269
2695 0.01343398820608854 269.5
2700 0.01342709083110094 270
2705 0.01343343779444695 270.5
2710 0.01344081945717335 271
2715 0.01344331726431847 271.5
2720 0.01344085484743118 272
2725 0.01343357283622026 272.5
2730 0.01342183444648981 273
2735 0.01340629067271948 273.5
2740 0.01338778343051672 274
2745 0.01336730550974607 274.5
2750 0.01334597449749708 275
2755 0.01332494150847197 275.5
2760 0.01330526452511549 276
2765 0.01328783109784126 276.5
2770 0.01327337417751551 277
2775 0.01326230727136135 277.5
2780 0.01325483620166779 278
2785 0.01325143314898014 278.5
2790 0.01327418442815542 279
2795 0.01329987216740847 279.5
2800 0.01332703698426485 280
2805 0.01335411984473467 280.5
2810 0.01337954960763454 281
2815 0.01340188272297382 281.5
2820 0.01341998390853405 282
2825 0.01343300752341747 282.5
2830 0.01344034820795059 283
2835 0.01344184018671513 283.5
2840 0.01343791838735342 284
2845 0.0134347677230835 284.5
2850 0.01344462670385838 285
2855 0.01344991009682417 285.5
2860 0.01345035526901484 286
2865 0.01344596780836582 286.5
2870 0.01343694888055325 287
2875 0.01342372316867113 287.5
2880 0.01340697519481182 288
2885 0.01338756177574396 288.5
2890 0.01336648594588041 289
2895 0.01334486715495586 289.5
2900 0.01332383044064045 290
2905 0.01330437790602446 290.5
2910 0.01328734867274761 291
2915 0.01327343191951513 291.5
2920 0.01326293777674437 292
2925 0.01325611118227243 292.5
2930 0.01325639523565769 293
2935 0.01327939331531525 293.5
2940 0.01330496184527874 294
2945 0.01333160884678364 294.5
2950 0.01335776783525944 295
2955 0.01338190026581287 295.5
2960 0.01340262684971094 296
2965 0.01341891102492809 296.5
2970 0.01342995930463076 297
2975 0.01343527343124151 297.5
2980 0.01343485526740551 298
2985 0.01342927850782871 298.5
2990 0.01343300472944975 299
2995 0.01344131771475077 299.5
3000 0.01344502717256546 300
