0 0 0
5 9.592520676559621e-21 0.5
10 2.026343660833052e-18 1
15 9.155899871831701e-17 1.5
20 3.03109224759538e-15 2
25 4.43726878501823e-14 2.5
30 3.468845349631317e-13 3
35 1.881338309474845e-12 3.5
40 8.385334740031255e-12 4
45 3.270696488256298e-11 4.5
50 1.12636818926284e-10 5
55 3.436573534915019e-10 5.500000000000001
60 9.31625010855071e-10 6.000000000000001
65 2.25913492079473e-09 6.500000000000001
70 4.965316594192545e-09 7.000000000000001
75 1.000460071497925e-08 7.500000000000001
80 1.863361567118947e-08 8
85 3.223816632608987e-08 8.5
90 5.197296629666312e-08 9
95 7.833385546702032e-08 9.5
100 1.109296604450146e-07 10
105 1.485433377966649e-07 10.5
110 1.896991111203972e-07 11
115 2.34063849435864e-07 11.5
120 2.842560103629924e-07 12
125 3.476800401215599e-07 12.5
130 4.388996320007107e-07 13
135 5.849789419975962e-07 13.5
140 8.386465036392506e-07 14
145 1.310330382002809e-06 14.5
150 2.238699415369999e-06 15
155 4.099368888804053e-06 15.5
160 7.697388548102188e-06 16
165 1.420934235343494e-05 16.5
170 2.513562380336515e-05 17
175 4.248981334428545e-05 17.5
180 6.896736152889042e-05 18
185 0.0001078429101286745 18.5
190 0.0001624903239939732 19
195 0.0002348493390953364 19.5
200 0.0003244771808306072 20
205 0.0004289974324866559 20.5
210 0.000543740566013825 21
215 0.0006624250778279266 21.5
220 0.0007810359766722636 22
225 0.0008982074393859628 22.5
230 0.001010140322932268 23
235 0.00111639649947431 23.5
240 0.001216095840188038 24
245 0.001308304747755664 24.5
250 0.001394859692278778 25
255 0.001474190329586685 25.5
260 0.001550548422046651 26
265 0.001627432472724509 26.5
270 0.001710045187182828 27
275 0.001798428541776037 27.5
280 0.001895622640247521 28
285 0.002011424092146049 28.5
290 0.002152773369680911 29
295 0.002320850918182183 29.5
300 0.002513254203298858 30
305 0.002731332771516483 30.5
310 0.002980205258856848 31
315 0.003266328632298508 31.5
320 0.003602237288453261 32
325 0.00400022637541797 32.5
330 0.004461615796730521 33.00000000000001
335 0.004982495437474013 33.50000000000001
340 0.005554145301533652 34.00000000000001
345 0.006164289377811322 34.50000000000001
350 0.00680180481588177 35.00000000000001
355 0.007456189105262497 35.50000000000001
360 0.008116785620794369 36.00000000000001
365 0.008772960184721068 36.50000000000001
370 0.009414281814479106 37.00000000000001
375 0.01003188390638403 37.50000000000001
380 0.01062425597999456 38.00000000000001
385 0.01119450623295798 38.50000000000001
390 0.01174838595235951 39.00000000000001
395 0.01229153771759688 39.50000000000001
400 0.01283266752533014 40.00000000000001
405 0.01337784704325965 40.50000000000001
410 0.0139243293624354 41.00000000000001
415 0.0144666640126322 41.50000000000001
420 0.01499336107755858 42.00000000000001
425 0.01548852203125633 42.50000000000001
430 0.01594242468600445 43.00000000000001
435 0.01634821269101595 43.50000000000001
440 0.01670099446035109 44.00000000000001
445 0.01700187242285238 44.50000000000001
450 0.01725627414919795 45.00000000000001
455 0.0174705836842905 45.50000000000001
460 0.0176523000171751 46.00000000000001
465 0.01780679043662701 46.50000000000001
470 0.01794003710337996 47.00000000000001
475 0.01805739047601767 47.50000000000001
480 0.0181624002034826 48.00000000000001
485 0.01825668299151214 48.50000000000001
490 0.01834139945957093 49.00000000000001
495 0.01841586689111857 49.50000000000001
500 0.01847933135507217 50.00000000000001
505 0.01853298960225441 50.50000000000001
510 0.01857811742888731 51.00000000000001
515 0.01861445727814912 51.50000000000001
520 0.01864099714237102 52.00000000000001
525 0.01865767349248537 52.50000000000001
530 0.01866690509442783 53.00000000000001
535 0.01867229170680546 53.50000000000001
540 0.01867712205294733 54.00000000000001
545 0.01868343115133013 54.50000000000001
550 0.01869185502641335 55.00000000000001
555 0.01870194283808045 55.50000000000001
560 0.01871185584942948 56.00000000000001
565 0.01871997783944355 56.50000000000001
570 0.01872451677694066 57.00000000000001
575 0.01872416202729408 57.50000000000001
580 0.01871856531424454 58.00000000000001
585 0.01870733059866992 58.50000000000001
590 0.01868992681459267 59.00000000000001
595 0.01866646862101998 59.50000000000001
600 0.01863734298446554 60.00000000000001
605 0.01860262994917138 60.50000000000001
610 0.01856203330275835 61.00000000000001
615 0.01851536909814577 61.50000000000001
620 0.01846328144942919 62.00000000000001
625 0.01840714928466745 62.50000000000001
630 0.01834888453151653 63.00000000000001
635 0.01829056768954989 63.50000000000001
640 0.01823397287903223 64
645 0.01818027128346518 64.5
650 0.01813060568846393 65
655 0.01808548894276293 65.5
660 0.01804483434391291 66
665 0.01800802527534559 66.5
670 0.01797464869233575 67
675 0.01794399655545358 67.5
680 0.01791517977816573 68
685 0.01788704865274028 68.5
690 0.01785911303153726 69
695 0.01783125296806357 69.5
700 0.0178034197690346 70
705 0.01777535461045032 70.5
710 0.01774721774388916 71
715 0.01771917685258525 71.5
720 0.01769117721120651 72
725 0.0176631442503838 72.5
730 0.01763462820745398 73
735 0.01760528932532872 73.5
740 0.0175748133248854 74
745 0.01754325400389629 74.5
750 0.01751096981426246 75
755 0.01747852461864379 75.5
760 0.01744673741585636 76
765 0.01741645281094812 76.5
770 0.01738832908925276 77
775 0.01736305028126643 77.50000000000001
780 0.01734096158856386 78.00000000000001
785 0.01732190862572849 78.50000000000001
790 0.01730551786650546 79.00000000000001
795 0.01729110338598107 79.50000000000001
800 0.01727773631203702 80.00000000000001
805 0.01726446761576527 80.50000000000001
810 0.01725040785324524 81.00000000000001
815 0.01723467987522992 81.50000000000001
820 0.01721652182939867 82.00000000000001
825 0.01719570975355696 82.50000000000001
830 0.01717277343537739 83.00000000000001
835 0.01714883776909054 83.50000000000001
840 0.0171252402851227 84.00000000000001
845 0.0171032104206635 84.50000000000001
850 0.01708375318771583 85.00000000000001
855 0.01706763708272152 85.50000000000001
860 0.01705541889998617 86.00000000000001
865 0.01704731436411157 86.50000000000001
870 0.01704312321414911 87.00000000000001
875 0.01704240909248868 87.50000000000001
880 0.01704449786632651 88.00000000000001
885 0.01704871455249241 88.50000000000001
890 0.01705455455983676 89.00000000000001
895 0.01706160145159124 89.50000000000001
900 0.01706984735416561 90.00000000000001
905 0.01707947461718702 90.50000000000001
910 0.01709057954126136 91.00000000000001
915 0.01710340829673739 91.50000000000001
920 0.01711796514738621 92.00000000000001
925 0.01713405575957284 92.50000000000001
930 0.01715138630861616 93.00000000000001
935 0.01716941790095525 93.50000000000001
940 0.01718758498267259 94.00000000000001
945 0.01720534150207253 94.50000000000001
950 0.01722218276085296 95.00000000000001
955 0.01723772836000277 95.50000000000001
960 0.0172512891448176 96.00000000000001
965 0.01726187993987936 96.50000000000001
970 0.01726909605428669 97.00000000000001
975 0.01727329980307456 97.50000000000001
980 0.0172754687779423 98.00000000000001
985 0.01727678325695232 98.50000000000001
990 0.01727822207476355 99.00000000000001
995 0.0172805636822226 99.50000000000001
1000 0.01728447841014133 100
1005 0.01729023302058217 100.5
1010 0.01729776724498613 101
1015 0.01730678087060949 101.5
1020 0.01731676347810818 102
1025 0.01732742545914728 102.5
1030 0.01733867179498623 103
1035 0.01735032159960229 103.5
1040 0.01736216466484689 104
1045 0.01737423217175499 104.5
1050 0.01738657555903127 105
1055 0.01739926402030904 105.5
1060 0.01741208702605462 106
1065 0.01742534807443063 106.5
1070 0.01743935732332935 107
1075 0.01745428059635178 107.5
1080 0.01747019311099539 108
1085 0.01748691518157519 108.5
1090 0.01750427344447983 109
1095 0.01752192550193938 109.5
1100 0.01753925779286861 110
1105 0.01755538699385808 110.5
1110 0.0175695929618127 111
1115 0.01758150292207766 111.5
1120 0.01759137608756152 112
1125 0.01760011313170188 112.5
1130 0.01760866262799396 113
1135 0.01761790213894718 113.5
1140 0.01762854026924235 114
1145 0.01764061766329966 114.5
1150 0.0176537139150188 115
1155 0.01766698383593938 115.5
1160 0.01767970897785639 116
1165 0.01769135136216275 116.5
1170 0.01770133905718703 117
1175 0.01770891576085641 117.5
1180 0.01771382735262516 118
1185 0.01771648060699372 118.5
1190 0.01771760120480896 119
1195 0.0177179306965407 119.5
1200 0.01771783609854392 120
1205 0.0177178587403869 120.5
1210 0.01771832315846848 121
1215 0.01771935467120007 121.5
1220 0.01772133531705834 122
1225 0.01772457054954537 122.5
1230 0.01772904197416936 123
1235 0.01773459514730293 123.5
1240 0.01774078234762465 124
1245 0.01774671801084379 124.5
1250 0.01775123137754009 125
1255 0.0177534181874436 125.5
1260 0.01775310217588703 126
1265 0.01775097582710445 126.5
1270 0.01774817603586821 127
1275 0.01774571588910272 127.5
1280 0.01774424268936562 128
1285 0.01774401505273331 128.5
1290 0.01774481638487827 129
1295 0.01774581340740326 129.5
1300 0.01774613840118922 130
1305 0.01774510656623121 130.5
1310 0.01774222273396755 131
1315 0.01773754586119985 131.5
1320 0.01773108795187061 132
1325 0.01772291727425912 132.5
1330 0.01771364291849449 133
1335 0.01770427671775634 133.5
1340 0.01769571328919191 134
1345 0.01768846324836379 134.5
1350 0.0176827321619477 135
1355 0.01767855917240358 135.5
1360 0.01767611285018356 136
1365 0.01767564243162796 136.5
1370 0.01767718304355952 137
1375 0.01768059650811757 137.5
1380 0.01768543922338587 138
1385 0.01769069628378879 138.5
1390 0.0176951210829631 139
1395 0.01769759067553028 139.5
1400 0.01769770191603784 140
1405 0.01769587935400187 140.5
1410 0.01769317150655202 141
1415 0.01769056710860103 141.5
1420 0.01768882683575675 142
1425 0.01768828974448956 142.5
1430 0.0176886972094161 143
1435 0.01768938338824714 143.5
1440 0.01768940188236565 144
1445 0.01768801315941862 144.5
1450 0.01768465044406019 145
1455 0.01767902927482964 145.5
1460 0.01767144682400957 146
1465 0.01766214554489504 146.5
1470 0.01765162842923253 147
1475 0.01764084403683184 147.5
1480 0.01763073626937446 148
1485 0.01762209048192974 148.5
1490 0.01761554737087196 149
1495 0.01761118479207499 149.5
1500 0.01760885753288313 150
1505 0.01760858792405888 150.5
1510 0.01761048466735649 151
1515 0.01761453415903184 151.5
1520 0.0176204170944455 152
1525 0.01762753441555459 152.5
1530 0.017634928904204 153
1535 0.01764134325656706 153.5
1540 0.01764568632828491 154
1545 0.01764779543129559 154.5
1550 0.01764822939423229 155
1555 0.01764794202533729 155.5
1560 0.01764784394884572 156
1565 0.01764855138680159 156.5
1570 0.01765006233005365 157
1575 0.0176518976652291 157.5
1580 0.0176533927824741 158
1585 0.01765374276210187 158.5
1590 0.0176522983489334 159
1595 0.01764854522724266 159.5
1600 0.01764229458380236 160
1605 0.01763387581528145 160.5
1610 0.0176238629377874 161
1615 0.01761287397460744 161.5
1620 0.01760183206711709 162
1625 0.01759169524839036 162.5
1630 0.01758315261398367 163
1635 0.01757680180287829 163.5
1640 0.01757276785707583 164
1645 0.01757088047411434 164.5
1650 0.01757114694631136 165
1655 0.01757356945448282 165.5
1660 0.01757814086391711 166
1665 0.01758454192273332 166.5
1670 0.01759213730124642 167
1675 0.01760001218710773 167.5
1680 0.01760697726651176 168
1685 0.01761202448105445 168.5
1690 0.01761501274981965 169
1695 0.01761644283160987 169.5
1700 0.01761714149690587 170
1705 0.0176179271785412 170.5
1710 0.01761933019676475 171
1715 0.01762126034863182 171.5
1720 0.01762323059322589 172
1725 0.01762464589591184 172.5
1730 0.01762460968934179 173
1735 0.01762246515075066 173.5
1740 0.01761783648985007 174
1745 0.01761055018791924 174.5
1750 0.01760097663793546 175
1755 0.01758976176814911 175.5
1760 0.01757764906756541 176
1765 0.01756566334349818 176.5
1770 0.0175547427674758 177
1775 0.01754563085404404 177.5
1780 0.01753899206916391 178
1785 0.01753503826417706 178.5
1790 0.01753352730873145 179
1795 0.01753436739684596 179.5
1800 0.01753750701526049 180
1805 0.01754289385898642 180.5
1810 0.0175501340731646 181
1815 0.01755856043976143 181.5
1820 0.01756732668933949 182
1825 0.01757534804348335 182.5
1830 0.01758176246947595 183
1835 0.01758649703437316 183.5
1840 0.01758994980134842 184
1845 0.01759279320393135 184.5
1850 0.0175957558943161 185
1855 0.01759920227561472 185.5
1860 0.01760293695687239 186
1865 0.01760641201168919 186.5
1870 0.0176089810028244 187
1875 0.01760976931225117 187.5
1880 0.01760824482965565 188
1885 0.01760407322312157 188.5
1890 0.01759729754783923 189
1895 0.01758846003085716 189.5
1900 0.01757807823231347 190
1905 0.0175669248179821 190.5
1910 0.01755606188867984 191
1915 0.01754630245832334 191.5
1920 0.01753840939084383 192
1925 0.01753298624162145 192.5
1930 0.01753022708397118 193
1935 0.01752994255045499 193.5
1940 0.0175319859817406 194
1945 0.0175362385182969 194.5
1950 0.0175425091965598 195
1955 0.01755037332208553 195.5
1960 0.01755920684677875 196
1965 0.01756816088467949 196.5
1970 0.01757631399714898 197
1975 0.01758295769668058 197.5
1980 0.01758799966736978 198
1985 0.01759175908928925 198.5
1990 0.01759481489430137 199
1995 0.01759780890479194 199.5
2000 0.01760107312571864 200
2005 0.01760437797731343 200.5
2010 0.01760714777927282 201
2015 0.01760875774911897 201.5
2020 0.01760845639436438 202
2025 0.01760583723406661 202.5
2030 0.01760061581910558 203
2035 0.01759308710062651 203.5
2040 0.01758383097551221 204
2045 0.01757331392130487 204.5
2050 0.01756233483002271 205
2055 0.01755180617723432 205.5
2060 0.01754254416864866 206
2065 0.01753528367055524 206.5
2070 0.01753055222770405 207
2075 0.01752850423360846 207.5
2080 0.01752899215538653 208
2085 0.01753178111581809 208.5
2090 0.01753662815008664 209
2095 0.01754325923152405 209.5
2100 0.0175513086493794 210
2105 0.01756015054435606 210.5
2110 0.01756895419825848 211
2115 0.01757687216002303 211.5
2120 0.01758332854777176 212
2125 0.01758827623577553 212.5
2130 0.01759205673410895 213
2135 0.01759521291149801 213.5
2140 0.01759828224009483 214
2145 0.01760148234647201 214.5
2150 0.01760451643849269 215
2155 0.0176068225803377 215.5
2160 0.01760777397342738 216
2165 0.01760669669237978 216.5
2170 0.01760325400403613 217
2175 0.01759725635821259 217.5
2180 0.01758914385507559 218
2185 0.0175794974127036 218.5
2190 0.01756884271430602 219
2195 0.01755800061392635 219.5
2200 0.01754787288058501 220
2205 0.01753928414458379 220.5
2210 0.01753292650620484 221
2215 0.01752921466262183 221.5
2220 0.01752823489613116 222
2225 0.01752976444145439 222.5
2230 0.0175334711388692 223
2235 0.01753903596539109 223.5
2240 0.01754615321679477 224
2245 0.01755442401393328 224.5
2250 0.0175632390337155 225
2255 0.01757178230239904 225.5
2260 0.01757920850309131 226
2265 0.01758510121480456 226.5
2270 0.01758954619213687 227
2275 0.01759299512777335 227.5
2280 0.0175959755178729 228
2285 0.01759893740237891 228.5
2290 0.01760194115687173 229
2295 0.01760459243832428 229.5
2300 0.01760631123265348 230
2305 0.01760645419121393 230.5
2310 0.01760443320937133 231
2315 0.01759987052041777 231.5
2320 0.01759268983447321 232
2325 0.01758346232776996 232.5
2330 0.01757281043165992 233
2335 0.01756130574003068 233.5
2340 0.01754983519504187 234
2345 0.01753932318431627 234.5
2350 0.01753059208621499 235
2355 0.01752427683679725 235.5
2360 0.01752074532399404 236
2365 0.01751994956044876 236.5
2370 0.01752159619290612 237
2375 0.01752532653883115 237.5
2380 0.01753079896848562 238
2385 0.0175377058220267 238.5
2390 0.01754560728960668 239
2395 0.01755386586873859 239.5
2400 0.01756161722860946 240
2405 0.01756805982691925 240.5
2410 0.01757299089907418 241
2415 0.01757664158061439 241.5
2420 0.01757950695724931 242
2425 0.01758207133080436 242.5
2430 0.0175846735998239 243
2435 0.0175871943408197 243.5
2440 0.01758916642386283 244
2445 0.0175899906887865 244.5
2450 0.01758898002448825 245
2455 0.01758561753396463 245.5
2460 0.01757958424113355 246
2465 0.01757101039382709 246.5
2470 0.01756054957030232 247
2475 0.01754879991371868 247.5
2480 0.0175364464931759 248
2485 0.01752442794234933 248.5
2490 0.01751363991482269 249
2495 0.01750484249695612 249.5
2500 0.01749862909434561 250
2505 0.01749526296151279 250.5
2510 0.01749457748506995 251
2515 0.01749628661864543 251.5
2520 0.01750009299057929 252
2525 0.01750565470906548 252.5
2530 0.01751259004079563 253
2535 0.01752042228244738 253.5
2540 0.01752840965976944 254
2545 0.01753567780543003 254.5
2550 0.01754158029741081 255
2555 0.01754606864569336 255.5
2560 0.0175494229414128 256
2565 0.01755213891696137 256.5
2570 0.01755468242279125 257
2575 0.01755734196472636 257.5
2580 0.01755986911178857 258
2585 0.01756171226450877 258.5
2590 0.017562243892056 259
2595 0.01756078411536037 259.5
2600 0.01755695447132216 260
2605 0.01755052281187952 260.5
2610 0.01754185671161463 261
2615 0.01753159055423975 261.5
2620 0.01752026921764763 262
2625 0.01750870008517661 262.5
2630 0.01749778717274951 263
2635 0.01748834959503286 263.5
2640 0.017481098547723 264
2645 0.0174765366233853 264.5
2650 0.0174748217210709 265
2655 0.0174757531228184 265.5
2660 0.01747904097350619 266
2665 0.01748436121994495 266.5
2670 0.01749129894097137 267
2675 0.0174994794197068 267.5
2680 0.01750832616355135 268
2685 0.0175170301893282 268.5
2690 0.01752482631707946 269
2695 0.01753121788560164 269.5
2700 0.01753619795167415 270
2705 0.01754008617495152 270.5
2710 0.01754339247357492 271
2715 0.01754660292603765 271.5
2720 0.0175499177864275 272
2725 0.01755302691397071 272.5
2730 0.017555374301839 273
2735 0.01755631208763124 273.5
2740 0.01755521522409074 274
2745 0.01755174542999549 274.5
2750 0.0175457953505409 275
2755 0.01753788715063057 275.5
2760 0.01752853072525865 276
2765 0.01751827551609951 276.5
2770 0.01750797994983849 277
2775 0.01749849275890584 277.5
2780 0.01749060914041792 278
2785 0.01748496804882746 278.5
2790 0.01748198586873993 279
2795 0.01748174201906106 279.5
2800 0.01748398006665375 280
2805 0.01748837909781597 280.5
2810 0.01749455893133442 281
2815 0.01750214313036249 281.5
2820 0.01751074534755932 282
2825 0.01751973732214014 282.5
2830 0.01752832067617781 283
2835 0.01753578631190414 283.5
2840 0.01754179270721262 284
2845 0.01754644166248606 284.5
2850 0.017550142194885 285
2855 0.017553412474049 285.5
2860 0.01755668985920973 286
2865 0.01756003230919875 286.5
2870 0.01756303806918745 287
2875 0.01756511914542351 287.5
2880 0.01756563008602871 288
2885 0.01756398676078049 288.5
2890 0.0175598719574849 289
2895 0.01755331880820132 289.5
2900 0.01754493425975837 290
2905 0.01753523947145575 290.5
2910 0.01752484277016381 291
2915 0.01751464453079062 291.5
2920 0.01750550199587154 292
2925 0.01749820640058161 292.5
2930 0.01749332374400011 293
2935 0.01749118536615061 293.5
2940 0.01749176235735637 294
2945 0.01749471924511223 294.5
2950 0.01749968393279407 295
2955 0.01750628297081019 295.5
2960 0.01751415931219684 296
2965 0.01752286658570773 296.5
2970 0.01753174653174823 297
2975 0.01754000069527535 297.5
2980 0.01754695898169558 298
2985 0.01755245091892278 298.5
2990 0.01755668107744644 299
2995 0.01756014567567852 299.5
3000 0.01756333736914388 300
