0 0 0
5 8.74960111508504e-06 0.5
10 1.7548988226058e-05 1
15 2.635121641589096e-05 1.5
20 3.515265766834196e-05 2
25 4.395105248814273e-05 2.5
30 5.274329023245667e-05 3
35 6.152760551871976e-05 3.5
43 7.030492946827396e-05 4
53 7.907523765200983e-05 4.5
63 8.783865925147848e-05 5
73 9.659615896956735e-05 5.5
83 0.0001053492152317097 6
93 0.0001140986541476337 6.5
103 0.0001228434899647644 7
113 0.0001315831894694553 7.5
123 0.0001403170005305995 8
133 0.0001490447098194902 8.5
143 0.0001577668586306515 9
153 0.000166482588153279 9.5
163 0.0001751891860764468 10
173 0.0001838825010637561 10.5
183 0.0001925579495089316 11
193 0.0002012110028508685 11.5
203 0.0002098383448642401 12
213 0.0002184389584286982 12.5
223 0.0002270143246159007 13
233 0.0002355680901752391 13.5
243 0.000244104672828199 14
253 0.0002526283538925385 14.5
263 0.0002611430143753974 15
273 0.0002696518212868265 15.5
283 0.0002781568730560655 16
293 0.0002866582004242215 16.5
303 0.0002951540060444915 17
313 0.0003036398645416757 17.5
323 0.0003121094787292577 18
333 0.0003205559797794775 18.5
343 0.0003289721843928662 19
353 0.0003373503748677562 19.5
363 0.0003456820952647198 20
373 0.0003539580074345368 20.5
383 0.0003621688674340432 21
393 0.0003703071172449211 21.5
403 0.00037836764664246 22
413 0.00038634717107194 22.5
423 0.0003942426379331474 23
433 0.0004020494488749022 23.5
443 0.0004097609376392791 24
453 0.0004173684433045198 24.5
463 0.0004248622486187349 25
473 0.0004322348432028963 25.5
483 0.0004394831460255281 26
493 0.0004466090572603045 26.5
503 0.000453618931172935 27
513 0.0004605204814504539 27.5
523 0.0004673207772617672 28
533 0.0004740236144949378 28.5
543 0.0004806297561022473 29
553 0.0004871389735740722 29.5
563 0.0004935514860421658 30
573 0.0004998689256386453 30.5
583 0.0005060947575009607 31
593 0.0005122333583192169 31.5
603 0.0005182884806991971 32
613 0.000524262773054325 32.5
623 0.0005301568177137166 33
633 0.0005359688610231616 33.5
643 0.0005416956532277006 34
653 0.0005473330899234042 34.5
663 0.0005528763445937636 35
673 0.0005583197396004651 35.5
683 0.0005636581690464357 36
693 0.0005688876338357961 36.5
703 0.000574005898540779 37
713 0.0005790123986908991 37.5
723 0.0005839089117964758 38
733 0.0005886990174031762 38.5
743 0.0005933871975232007 39
753 0.000597977278811998 39.5
763 0.0006024715540564622 40
773 0.0006068707215258567 40.5
783 0.0006111739438908945 41
793 0.0006153792999987848 41.5
803 0.0006194838294799155 42
813 0.0006234844491010528 42.5
823 0.0006273783437182691 43
833 0.000631163107752497 43.5
843 0.0006348370969091477 44
853 0.0006384001380275225 44.5
863 0.0006418536546228842 45
873 0.000645200823536853 45.5
883 0.0006484462867178513 46
893 0.0006515953192089358 46.5
903 0.0006546536068754385 47
913 0.0006576269834106669 47.5
923 0.0006605214152412176 48
933 0.0006633423974039773 48.5
943 0.0006660948791234537 49
953 0.0006687832114201131 49.5
963 0.0006714114130131991 50
973 0.0006739826544416154 50.5
983 0.0006764989896867736 51
993 0.0006789627001253511 51.5
1003 0.0006813744836671874 52
1013 0.0006837351066615657 52.5
1023 0.0006860451521899754 53
1033 0.000688305871847066 53.5
1043 0.0006905192597955251 54
1053 0.0006926881302271649 54.5
1063 0.0006948157892136371 55
1073 0.0006969071423263169 55.5
1083 0.0006989676420247769 56
1093 0.0007010020024692305 56.5
1103 0.0007030126569313821 57
1113 0.0007049999890847489 57.5
1123 0.0007069622723141914 58
1133 0.000708897201652944 58.5
1143 0.0007108021951394618 59
1153 0.0007126745177363367 59.5
1163 0.0007145120035047535 60
1173 0.0007163126503377174 60.5
1183 0.0007180754419603664 61
1193 0.0007197993771350257 61.5
1203 0.0007214837755772374 62
1213 0.000723127785368354 62.5
1223 0.0007247302897825524 63
1233 0.0007262916856264739 63.5
1243 0.0007278141080901505 64
1253 0.0007293002526709767 64.5
1263 0.0007307525418588336 65
1273 0.0007321724662825655 65.5
1283 0.0007335611845366623 66
1293 0.0007349199020257817 66.5
1303 0.0007362495399212537 67
1313 0.0007375504844642786 67.5
1323 0.0007388232545473214 68
1333 0.0007400680219196921 68.5
1343 0.0007412844925571168 69
1353 0.0007424715952625498 69.5
1363 0.0007436286982142982 70
1373 0.0007447555255919515 70.5
1383 0.0007458522213806874 71
1393 0.0007469192869661753 71.5
1403 0.0007479573250179267 72
1413 0.0007489670800089305 72.5
1423 0.0007499494453843494 73
1433 0.0007509055825983373 73.5
1443 0.0007518365889350997 74
1453 0.0007527428629574567 74.5
1463 0.0007536242800285313 75
1473 0.000754479840699128 75.5
1483 0.0007553087070600869 76
1493 0.0007561099278591295 76.5
1503 0.0007568825413666103 77
1513 0.0007576260446223994 77.5
1523 0.0007583402045393199 78
1533 0.0007590251220281132 78.5
1543 0.0007596811935536881 79
1553 0.0007603093016896723 79.5
1563 0.0007609104476497298 80
1573 0.0007614857533199658 80.5
1583 0.0007620365785260219 81
1593 0.0007625639931018507 81.5
1603 0.0007630692040356299 82
1613 0.0007635535235613635 82.5
1623 0.0007640183418750114 83
1633 0.0007644649838142519 83.5
1643 0.0007648950121552024 84
1653 0.0007653099641139551 84.5
1663 0.0007657110489816844 85
1673 0.000766099557889327 85.5
1683 0.0007664772473982548 86
1693 0.0007668452063357002 86.5
1703 0.0007672045061579597 87
1713 0.0007675558657799304 87.5
1723 0.0007678998104166804 88
1733 0.0007682365416909646 88.5
1743 0.0007685659131785351 89
1753 0.0007688874348641038 89.5
1763 0.0007692008321213375 90
1773 0.0007695058206974113 90.5
1783 0.0007698019967684525 91
1793 0.0007700887215537275 91.5
1803 0.0007703655369581536 92
1813 0.0007706317373146515 92.5
1823 0.0007708863448378419 93
1833 0.0007711292092087877 93.5
1843 0.0007713599413705506 94
1853 0.0007715781806778353 94.5
1863 0.0007717841405927275 95
1873 0.0007719774660220216 95.5
1883 0.0007721574968215305 96
1893 0.0007723245473690965 96.5
1903 0.000772479133968686 97
1913 0.0007726220158849823 97.5
1923 0.0007727539884960682 98
1933 0.0007728756299523238 98.5
1943 0.0007729872593871787 99
1953 0.0007730886887965044 99.5
1963 0.0007731797138628905 100
1973 0.0007732601760913083 100.5
1983 0.0007733297479705647 101
1993 0.0007733882956279771 101.5
2003 0.0007734359998410957 102
2013 0.0007734727851701236 102.5
2023 0.0007734989250596808 103
2033 0.0007735146986616841 103.5
2043 0.0007735208862802133 104
2053 0.0007735182194582585 104.5
2063 0.0007735075919837549 105
2073 0.0007734900010607302 105.5
2083 0.000773466501929273 106
2093 0.0007734383317728018 106.5
2103 0.0007734066999071947 107
2113 0.0007733724733937121 107.5
2123 0.0007733362589001108 108
2133 0.000773298849016821 108.5
2143 0.0007732611912470503 109
2153 0.0007732241129336161 109.5
2163 0.0007731881457959705 110
2173 0.0007731537459679089 110.5
2183 0.0007731214583234141 111
2193 0.0007730919630874272 111.5
2203 0.0007730655617179411 112
2213 0.0007730424658474163 112.5
2223 0.0007730229606106938 113
2233 0.0007730071129590191 113.5
2243 0.0007729948103165151 114
2253 0.0007729858595425091 114.5
2263 0.0007729795397991779 115
2273 0.0007729757572906106 115.5
2283 0.0007729741656476678 116
2293 0.0007729745739480241 116.5
2303 0.0007729768300528869 117
2313 0.000772981116616878 117.5
2323 0.0007729869207155269 118
2333 0.0007729943596605404 118.5
2343 0.0007730031488714629 119
2353 0.0007730129991918436 119.5
2363 0.0007730232302663772 120
2373 0.0007730335632504327 120.5
2383 0.0007730432980052628 121
2393 0.0007730520140549111 121.5
2403 0.0007730594975095844 122
2413 0.0007730649909199784 122.5
2423 0.0007730681482061941 123
2433 0.0007730688617269344 123.5
2443 0.0007730673027433381 124
2453 0.0007730638619205489 124.5
2463 0.00077305848446186 125
2473 0.0007730512335152038 125.5
2483 0.0007730422536531731 126
2493 0.000773031375371372 126.5
2503 0.0007730185870732366 127
2513 0.0007730040294905092 127.5
2523 0.0007729877344047908 128
2533 0.0007729698156706405 128.5
2543 0.0007729505667243383 129
2553 0.0007729303995865776 129.5
2563 0.0007729098227259488 130
2573 0.000772889282403567 130.5
2583 0.0007728690234518978 131
2593 0.0007728495332959882 131.5
2603 0.0007728313877185741 132
2613 0.0007728148713982752 132.5
2623 0.0007728002397755909 133
2633 0.0007727878451578361 133.5
2643 0.0007727780842796992 134
2653 0.0007727708579741807 134.5
2663 0.0007727660866203079 135
2673 0.0007727640000956361 135.5
2683 0.0007727642026787712 136
2693 0.0007727662680932081 136.5
2703 0.000772769415443764 137
2713 0.0007727731024756499 137.5
2723 0.0007727767941280507 138
2733 0.0007727798466408045 138.5
2743 0.0007727819643981835 139
2753 0.0007727829650763448 139.5
2763 0.0007727823409409496 140
2773 0.0007727796611207811 140.5
2783 0.0007727747684898729 141
2793 0.0007727675294828441 141.5
2803 0.0007727578276933944 142
2813 0.0007727456650575007 142.5
2823 0.0007727310934149547 143
2833 0.0007727143899988327 143.5
2843 0.0007726959011120256 144
2853 0.0007726757760899495 144.5
2863 0.0007726541039622297 145
2873 0.0007726311044112177 145.5
2883 0.0007726067396418956 146
2893 0.0007725812340455036 146.5
2903 0.0007725548700288058 147
2913 0.0007725277030709838 147.5
2923 0.0007725000449056277 148
2933 0.0007724723781142375 148.5
2943 0.0007724449092403334 149
2953 0.0007724178822580426 149.5
2963 0.0007723916929736815 150
2973 0.0007723664805493779 150.5
2983 0.0007723428223926549 151
2993 0.0007723207843436284 151.5
3003 0.0007723006522568903 152
3013 0.0007722827749686387 152.5
3023 0.0007722677154322503 153
3033 0.0007722558394440906 153.5
3043 0.0007722474718276333 154
3053 0.0007722428866563753 154.5
3063 0.0007722421898688308 155
3073 0.0007722451139665992 155.5
3083 0.0007722517414066998 156
3093 0.0007722621005024995 156.5
3103 0.0007722757201623773 157
3113 0.0007722925058853389 157.5
3123 0.0007723126612565604 158
3133 0.0007723359677030891 158.5
3143 0.0007723624152190118 159
3153 0.0007723921650460411 159.5
3163 0.0007724255394199312 160
3173 0.0007724626014927248 160.5
3183 0.0007725028897379494 161
3193 0.0007725461773059756 161.5
3203 0.0007725919713704297 162
3213 0.0007726396856669765 162.5
3223 0.0007726886860209509 163
3233 0.0007727380301324964 163.5
3243 0.0007727870933618692 164
3253 0.0007728359755756202 164.5
3263 0.0007728843725793348 165
3273 0.00077293224647919 165.5
3283 0.0007729789576363482 166
3293 0.0007730240182367466 166.5
3303 0.000773067578376487 167
3313 0.0007731098333498058 167.5
3323 0.0007731505710099347 168
3333 0.0007731894167330801 168.5
3343 0.0007732259316132049 169
3353 0.0007732602235031874 169.5
3363 0.0007732930066712004 170
3373 0.0007733251377658923 170.5
3383 0.0007733573182424734 171
3393 0.0007733900397056572 171.5
3403 0.0007734235662104108 172
3413 0.0007734579818345088 172.5
3423 0.0007734930260848181 173
3433 0.0007735285541627633 173.5
3443 0.0007735646021805842 174
3453 0.0007736012160774968 174.5
3463 0.0007736382660966612 175
3473 0.0007736756619770364 175.5
3483 0.0007737132204328511 176
3493 0.0007737508211503392 176.5
3503 0.0007737884318532509 177
3513 0.0007738258278025736 177.5
3523 0.0007738630119006727 178
3533 0.0007738996535088955 178.5
3543 0.0007739354987399027 179
3553 0.0007739705379437073 179.5
3563 0.0007740046745267923 180
3573 0.0007740379582799598 180.5
3583 0.0007740701267861679 181
3593 0.0007741012742141551 181.5
3603 0.0007741312482139094 182
3613 0.0007741602445097829 182.5
3623 0.0007741885636604198 183
3633 0.0007742160126692516 183.5
3643 0.0007742428070439217 184
3653 0.0007742689003355334 184.5
3663 0.0007742946157645535 185
3673 0.0007743205269517731 185.5
3683 0.0007743470332823758 186
3693 0.0007743743439255341 186.5
3703 0.0007744030791228002 187
3713 0.0007744330737945807 187.5
3723 0.0007744642059779971 188
3733 0.0007744964449446717 188.5
3743 0.0007745295413609571 189
3753 0.0007745633921941519 189.5
3763 0.0007745978429721474 190
3773 0.0007746327811154743 190.5
3783 0.0007746678929385555 191
3793 0.0007747024495401218 191.5
3803 0.0007747362459207478 192
3813 0.0007747690525497664 192.5
3823 0.0007748007470374643 193
3833 0.0007748310845952647 193.5
3843 0.0007748601892905186 194
3853 0.0007748877729436567 194.5
3863 0.0007749140323722817 195
3873 0.0007749389533120701 195.5
3883 0.0007749625733951254 196
3893 0.0007749850151432055 196.5
3903 0.0007750060169278971 197
3913 0.0007750255664761762 197.5
3923 0.0007750431985264632 198
3933 0.0007750589545291327 198.5
3943 0.0007750727387554487 199
3953 0.0007750846393989035 199.5
3963 0.0007750947191371255 200
3973 0.000775102852880774 200.5
3983 0.0007751090875671597 201
3993 0.0007751137280539739 201.5
4003 0.0007751168814561889 202
4013 0.0007751187681848509 202.5
4023 0.000775119540163611 203
4033 0.0007751197131638331 203.5
4043 0.0007751197884090463 204
4053 0.000775120277877179 204.5
4063 0.0007751213036450776 205
4073 0.000775123184889708 205.5
4083 0.0007751264571199386 206
4093 0.0007751314979098204 206.5
4103 0.000775138919687997 207
4113 0.0007751486226301161 207.5
4123 0.0007751606812271123 208
4133 0.0007751746906183295 208.5
4143 0.000775190399367717 209
4153 0.0007752074418475089 209.5
4163 0.0007752253911521324 210
4173 0.0007752440535006401 210.5
4183 0.0007752629754936138 211
4193 0.0007752816165198782 211.5
4203 0.0007752993429308598 212
4213 0.0007753157258828108 212.5
4223 0.000775330593259787 213
4233 0.0007753435661606529 213.5
4243 0.0007753545747209612 214
4253 0.000775363269739613 214.5
4263 0.0007753695717302864 215
4273 0.0007753737854714646 215.5
4283 0.0007753758417157383 216
4293 0.0007753758674017269 216.5
4303 0.0007753742121929714 217
4313 0.0007753712489881418 217.5
4323 0.0007753671135424442 218
4333 0.0007753618044839488 218.5
4343 0.0007753554858549455 219
4353 0.0007753484711459469 219.5
4363 0.0007753407828925266 220
4373 0.0007753326023291447 220.5
4383 0.0007753238446499192 221
4393 0.0007753143574685595 221.5
4403 0.0007753040963914234 222
4413 0.0007752935467012175 222.5
4423 0.0007752826824391921 223
4433 0.0007752716824338791 223.5
4443 0.0007752605991908198 224
4453 0.0007752489302117489 224.5
4463 0.0007752365147116338 225
4473 0.0007752232245642583 225.5
4483 0.0007752085813437094 226
4493 0.0007751923312664711 226.5
4503 0.0007751745637828638 227
4513 0.000775155159621101 227.5
4523 0.0007751343506742692 228
4533 0.0007751125198495192 228.5
4543 0.0007750902464044471 229
4553 0.0007750680497516749 229.5
4563 0.0007750462692996695 230
4573 0.0007750252596808394 230.5
4583 0.0007750053526704498 231
4593 0.0007749868571793304 231.5
4603 0.0007749698766490496 232
4613 0.0007749545461313903 232.5
4623 0.0007749410445956845 233
4633 0.0007749295595451314 233.5
4643 0.0007749199486318623 234
4653 0.0007749120488452375 234.5
4663 0.0007749060049275235 235
4673 0.0007749018958088329 235.5
4683 0.0007748998502558066 236
4693 0.0007748994958606607 236.5
4703 0.0007749009152215955 237
4713 0.0007749036034105658 237.5
4723 0.0007749071013263736 238
4733 0.0007749111836392257 238.5
4743 0.0007749153409627158 239
4753 0.0007749194059053122 239.5
4763 0.0007749230232925216 240
4773 0.0007749262486888741 240.5
4783 0.0007749286964266215 241
4793 0.0007749303363264704 241.5
4803 0.0007749310487129262 242
4813 0.0007749308612608269 242.5
4823 0.0007749295972904486 243
4833 0.0007749270960719514 243.5
4843 0.0007749231721201546 244
4853 0.0007749178483944533 244.5
4863 0.0007749111241249414 245
4873 0.0007749028442990838 245.5
4883 0.0007748931979423866 246
4893 0.0007748820446242122 246.5
4903 0.0007748696822885379 247
4913 0.000774856420027697 247.5
4923 0.0007748424664491082 248
4933 0.0007748282146944027 248.5
4943 0.0007748137024924011 249
4953 0.0007747991432408895 249.5
4963 0.0007747846194287582 250
4973 0.0007747703312357588 250.5
4983 0.0007747562214720521 251
4993 0.0007747425078367476 251.5
5003 0.0007747290497148074 252
5013 0.0007747158633973038 252.5
5023 0.0007747030354979972 253
5033 0.0007746902608924881 253.5
5043 0.0007746778044740846 254
5053 0.0007746657907753563 254.5
5063 0.0007746539634138356 255
5073 0.0007746425101576974 255.5
5083 0.0007746314982723576 256
5093 0.0007746209826864442 256.5
5103 0.0007746105581488353 257
5113 0.0007746004545104504 257.5
5123 0.0007745905439026882 258
5133 0.0007745811157814895 258.5
5143 0.0007745719480155024 259
5153 0.0007745633455498662 259.5
5163 0.0007745553100368902 260
5173 0.0007745477921771666 260.5
5183 0.0007745410305944459 261
5193 0.0007745348171109927 261.5
5203 0.0007745294618144634 262
5213 0.0007745248793223483 262.5
5223 0.0007745211868930281 263
5233 0.0007745182624721201 263.5
5243 0.000774516356768585 264
5253 0.000774515184969873 264.5
5263 0.0007745148163678795 265
5273 0.0007745153416732172 265.5
5283 0.0007745166345302986 266
5293 0.0007745187342368719 266.5
5303 0.0007745215196810208 267
5313 0.0007745247018537462 267.5
5323 0.0007745285155740792 268
5333 0.0007745328310124104 268.5
5343 0.0007745375814773536 269
5353 0.0007745428052296957 269.5
5363 0.000774548522919631 270
5373 0.0007745547635643362 270.5
5383 0.0007745616748239075 271
5393 0.0007745690402496267 271.5
5403 0.0007745769992414605 272
5413 0.0007745854788363962 272.5
5423 0.000774594291613577 273
5433 0.0007746032305110141 273.5
5443 0.0007746122370328653 274
5453 0.0007746211348449858 274.5
5463 0.0007746295151353852 275
5473 0.0007746370798434239 275.5
5483 0.0007746440807677844 276
5493 0.0007746503223890591 276.5
5503 0.0007746556717125833 277
5513 0.0007746596244026136 277.5
5523 0.0007746624369183373 278
5533 0.0007746638524236681 278.5
5543 0.0007746638616327188 279
5553 0.0007746628427087373 279.5
5563 0.000774660932698986 280
5573 0.000774658461950412 280.5
5583 0.0007746554701374421 281
5593 0.0007746523197316178 281.5
5603 0.0007746489988267625 282
5613 0.0007746453879780125 282.5
5623 0.0007746419945971685 283
5633 0.0007746388579679287 283.5
5643 0.0007746360641142063 284
5653 0.000774633565353498 284.5
5663 0.0007746309237089545 285
5673 0.0007746280323544286 285.5
5683 0.0007746248294977917 286
5693 0.00077462134245423 286.5
5703 0.0007746174339486408 287
5713 0.000774613379089417 287.5
5723 0.0007746090309897658 288
5733 0.0007746044850639849 288.5
5743 0.0007745995877027848 289
5753 0.0007745944546478621 289.5
5763 0.0007745893427210811 290
5773 0.0007745842152935433 290.5
5783 0.0007745786833604883 291
5793 0.0007745729725712277 291.5
5803 0.0007745675027919985 292
5813 0.0007745624764781701 292.5
5823 0.0007745579422881397 293
5833 0.0007745542499967864 293.5
5843 0.0007745512926236293 294
5853 0.0007745489180390287 294.5
5863 0.000774547186258774 295
5873 0.0007745463306277866 295.5
5883 0.000774546555794206 296
5893 0.0007745478801203865 296.5
5903 0.0007745503495055274 297
5913 0.0007745541606512585 297.5
5923 0.0007745591681829644 298
5933 0.0007745652990497684 298.5
5943 0.0007745722639706352 299
5953 0.0007745801035639982 299.5
