0 0 0
5 0.06015144414557856 0.5
10 0.08391839238469759 1
15 0.09033280889266448 1.5
20 0.09161893090962579 2
25 0.09189749845633509 2.5
30 0.09196556921027414 3
35 0.09197990648018191 3.5
43 0.09199180916788162 4
53 0.0919961608960873 4.5
63 0.09199787911922008 5
73 0.09199868528282704 5.5
83 0.09199911341691738 6
93 0.09199936221990455 6.5
103 0.09199950743995805 7
113 0.09199957773484323 7.5
123 0.09199958582075032 8
133 0.09199954368401352 8.5
143 0.09199947296324602 9
153 0.09199940294488432 9.5
163 0.09199936685662359 10
173 0.09199938129881859 10.5
183 0.09199943957952339 11
193 0.09199952077687384 11.5
203 0.09199960824777279 12
213 0.09199968351636986 12.5
223 0.09199970917529442 13
233 0.09199963714092499 13.5
243 0.09199940100778124 14
253 0.0919989115930281 14.5
263 0.09199887517714608 15
273 0.09199888231169887 15.5
283 0.09199885532229769 16
293 0.09199880197612274 16.5
303 0.09199872435437545 17
313 0.09199861858339997 17.5
323 0.09199847744693537 18
333 0.09199828675973366 18.5
343 0.09199802716005269 19
353 0.09199768334501041 19.5
363 0.09199724089208812 20
373 0.09199667273358492 20.5
383 0.09199589368010611 21
393 0.09199542757761023 21.5
403 0.09199669230653722 22
413 0.09199753921938646 22.5
423 0.09199805847347869 23
433 0.0919983333603098 23.5
443 0.0919984403130707 24
453 0.09199843825701839 24.5
463 0.09199837567871764 25
473 0.09199830046341388 25.5
483 0.09199821961110846 26
493 0.09199812769970213 26.5
503 0.09199803480802 27
513 0.09199797853530269 27.5
523 0.09199796705701345 28
533 0.09199798629905528 28.5
543 0.09199802090286736 29
553 0.09199806415676472 29.5
563 0.09199811417526153 30
573 0.09199817031189952 30.5
583 0.0919982326416048 31
593 0.09199830107994784 31.5
603 0.09199837482353646 32
613 0.09199845085560257 32.5
623 0.09199852616801887 33
633 0.09199859680141415 33.5
643 0.09199866187145207 34
653 0.09199872475403868 34.5
663 0.09199878669645434 35
673 0.09199884538460036 35.5
683 0.09199889838827284 36
693 0.09199894612213289 36.5
703 0.09199899519982711 37
713 0.09199904896274973 37.5
723 0.09199910580220505 38
733 0.0919991602156921 38.5
743 0.091999207234446 39
753 0.0919992435600392 39.5
763 0.09199926932477542 40
773 0.09199928705958767 40.5
783 0.09199929811774972 41
793 0.09199930405521332 41.5
803 0.09199930673896921 42
813 0.09199930775370771 42.5
823 0.09199930869711331 43
833 0.09199931001913905 43.5
843 0.09199931167090307 44
853 0.09199931307475927 44.5
863 0.09199931321625335 45
873 0.0919993118927141 45.5
883 0.09199930944011891 46
893 0.09199930627354073 46.5
903 0.0919993026673761 47
913 0.0919992987189524 47.5
923 0.09199929433705618 48
933 0.09199928956808111 48.5
943 0.09199928438780401 49
953 0.0919992788084245 49.5
963 0.09199927287980468 50
973 0.09199926662407532 50.5
983 0.09199925999549965 51
993 0.09199925306385329 51.5
1003 0.09199924587920567 52
1013 0.09199923839564553 52.5
1023 0.09199923051787096 53
1033 0.09199922219668087 53.5
1043 0.09199921344063297 54
1053 0.09199920427202404 54.5
1063 0.09199919468016499 55
1073 0.09199918465378727 55.5
1083 0.09199917419654943 56
1093 0.09199916341767923 56.5
1103 0.09199915247616886 57
1113 0.09199914146150384 57.5
1123 0.09199913032829818 58
1133 0.09199911910175572 58.5
1143 0.09199910774137336 59
1153 0.0919990965809898 59.5
1163 0.0919990860869989 60
1173 0.09199907647388482 60.5
1183 0.0919990680766949 61
1193 0.09199906130017479 61.5
1203 0.09199905643220768 62
1213 0.09199905362967542 62.5
1223 0.0919990529208472 63
1233 0.0919990542471037 63.5
1243 0.09199905744715654 64
1253 0.09199906221480396 64.5
1263 0.09199906813022646 65
1273 0.0919990748125276 65.5
1283 0.09199908165206491 66
1293 0.09199908829896679 66.5
1303 0.09199909460348078 67
1313 0.09199910027326097 67.5
1323 0.09199910494905161 68
1333 0.09199910868458333 68.5
1343 0.09199911160637668 69
1353 0.09199911375392726 69.5
1363 0.09199911514739836 70
1373 0.09199911588941088 70.5
1383 0.09199911604096514 71
1393 0.09199911568126484 71.5
1403 0.09199911493676702 72
1413 0.09199911377914437 72.5
1423 0.09199911183372092 73
1433 0.09199910924414707 73.5
1443 0.09199910635105175 74
1453 0.09199910345241162 74.5
1463 0.0919991007716993 75
1473 0.09199909847166796 75.5
1483 0.09199909663393092 76
1493 0.0919990952657142 76.5
1503 0.09199909433098387 77
1513 0.09199909378425168 77.5
1523 0.09199909355674324 78
1533 0.09199909356312563 78.5
1543 0.09199909372747581 79
1553 0.09199909399051982 79.5
1563 0.09199909430214095 80
1573 0.09199909461574397 80.5
1583 0.09199909489342083 81
1593 0.09199909510776612 81.5
1603 0.09199909523934244 82
1613 0.09199909527753658 82.5
1623 0.0919990952247961 83
1633 0.09199909508951334 83.5
1643 0.09199909485372908 84
1653 0.09199909448977948 84.5
1663 0.09199909398876971 85
1673 0.09199909336444426 85.5
1683 0.09199909264533425 86
1693 0.09199909185176611 86.5
1703 0.09199909097039891 87
1713 0.09199908988864326 87.5
1723 0.09199908864996027 88
1733 0.09199908740349336 88.5
1743 0.09199908623389387 89
1753 0.09199908516900548 89.5
1763 0.09199908421498815 90
1773 0.09199908335800502 90.5
1783 0.09199908258112635 91
1793 0.09199908185211987 91.5
1803 0.09199908111703992 92
1813 0.09199908034117503 92.5
1823 0.09199907948409936 93
1833 0.09199907850984515 93.5
1843 0.09199907738392879 94
1853 0.09199907607281625 94.5
1863 0.09199907454891171 95
1873 0.09199907278920021 95.5
1883 0.09199907077582424 96
1893 0.09199906850263868 96.5
1903 0.09199906596233513 97
1913 0.09199906315611522 97.5
1923 0.09199906008635787 98
1933 0.09199905675874656 98.5
1943 0.09199905318516048 99
1953 0.09199904938390725 99.5
1963 0.09199904536631415 100
1973 0.09199904115299698 100.5
1983 0.09199903678682073 101
1993 0.09199903228386161 101.5
2003 0.09199902764374292 102
2013 0.09199902288077121 102.5
2023 0.09199901802667326 103
2033 0.0919990131109444 103.5
2043 0.09199900815544444 104
2053 0.09199900318679281 104.5
2063 0.09199899822840561 105
2073 0.09199899331005396 105.5
2083 0.09199898847872919 106
2093 0.09199898380247597 106.5
2103 0.09199897934012002 107
2113 0.09199897512355951 107.5
2123 0.0919989711534019 108
2133 0.09199896741067717 108.5
2143 0.09199896387773916 109
2153 0.09199896055350251 109.5
2163 0.09199895749032455 110
2173 0.09199895474548339 110.5
2183 0.09199895234989636 111
2193 0.09199895031116252 111.5
2203 0.09199894862409339 112
2213 0.09199894728035166 112.5
2223 0.09199894627572722 113
2233 0.09199894561287197 113.5
2243 0.09199894529507104 114
2253 0.09199894532717795 114.5
2263 0.09199894570331887 115
2273 0.09199894640805374 115.5
2283 0.09199894741281658 116
2293 0.09199894868217609 116.5
2303 0.09199895018933038 117
2313 0.0919989519006421 117.5
2323 0.0919989537884974 118
2333 0.09199895582841264 118.5
2343 0.09199895800191756 119
2353 0.0919989602859559 119.5
2363 0.09199896266237374 120
2373 0.09199896511262415 120.5
2383 0.09199896761029575 121
2393 0.09199897011564448 121.5
2403 0.09199897259444792 122
2413 0.09199897501994152 122.5
2423 0.09199897737677029 123
2433 0.09199897966659799 123.5
2443 0.09199898188987798 124
2453 0.09199898404015704 124.5
2463 0.09199898611931895 125
2473 0.0919989881259214 125.5
2483 0.09199899005090913 126
2493 0.0919989918847651 126.5
2503 0.0919989936247597 127
2513 0.0919989952704149 127.5
2523 0.09199899681214149 128
2533 0.09199899822829485 128.5
2543 0.09199899950067951 129
2553 0.09199900061961737 129.5
2563 0.09199900158622415 130
2573 0.09199900240202248 130.5
2583 0.09199900307397009 131
2593 0.09199900361148319 131.5
2603 0.09199900402077703 132
2613 0.09199900431108772 132.5
2623 0.0919990044961093 133
2633 0.09199900458673244 133.5
2643 0.09199900459470597 134
2653 0.09199900453563069 134.5
2663 0.09199900442379776 135
2673 0.09199900427332448 135.5
2683 0.09199900410051039 136
2693 0.09199900391862095 136.5
2703 0.09199900374605943 137
2713 0.09199900359037755 137.5
2723 0.09199900345953814 138
2733 0.09199900335993236 138.5
2743 0.09199900329753292 139
2753 0.09199900327451532 139.5
2763 0.09199900329536095 140
2773 0.09199900336009774 140.5
2783 0.09199900346861833 141
2793 0.09199900362226968 141.5
2803 0.09199900381733268 142
2813 0.09199900404894676 142.5
2823 0.09199900430518129 143
2833 0.09199900457819654 143.5
2843 0.09199900485673794 144
2853 0.09199900513116795 144.5
2863 0.09199900538800508 145
2873 0.09199900561932456 145.5
2883 0.09199900581616632 146
2893 0.09199900597408706 146.5
2903 0.09199900608312075 147
2913 0.09199900612845682 147.5
2923 0.09199900610243554 148
2933 0.09199900600079419 148.5
2943 0.09199900582763108 149
2953 0.09199900558640416 149.5
2963 0.09199900528004433 150
2973 0.09199900491482675 150.5
2983 0.09199900449480802 151
2993 0.09199900402209341 151.5
3003 0.09199900350338402 152
3013 0.09199900294068249 152.5
3023 0.09199900233940962 153
3033 0.09199900170481964 153.5
3043 0.09199900104406743 154
3053 0.0919990003595495 154.5
3063 0.09199899965434231 155
3073 0.09199899893411725 155.5
3083 0.09199899820301691 156
3093 0.09199899746940793 156.5
3103 0.09199899673838996 157
3113 0.09199899601625094 157.5
3123 0.09199899530407321 158
3133 0.09199899460942274 158.5
3143 0.09199899393256487 159
3153 0.09199899327421637 159.5
3163 0.0919989926365411 160
3173 0.09199899202122799 160.5
3183 0.0919989914289045 161
3193 0.09199899086137422 161.5
3203 0.0919989903181713 162
3213 0.09199898980326175 162.5
3223 0.0919989893131295 163
3233 0.091998988847214 163.5
3243 0.09199898840728479 164
3253 0.09199898799648945 164.5
3263 0.09199898761230756 165
3273 0.09199898725786576 165.5
3283 0.09199898693559472 166
3293 0.09199898664509752 166.5
3303 0.09199898638565551 167
3313 0.09199898615428306 167.5
3323 0.09199898595176435 168
3333 0.0919989857747113 168.5
3343 0.09199898562094733 169
3353 0.0919989854855436 169.5
3363 0.09199898536508921 170
3373 0.09199898525948098 170.5
3383 0.0919989851625073 171
3393 0.09199898506839882 171.5
3403 0.09199898497380292 172
3413 0.09199898487383384 172.5
3423 0.09199898476391136 173
3433 0.09199898463440311 173.5
3443 0.09199898448095015 174
3453 0.091998984299429 174.5
3463 0.09199898408524278 175
3473 0.09199898383609337 175.5
3483 0.0919989835480976 176
3493 0.09199898322465516 176.5
3503 0.09199898285666798 177
3513 0.0919989824430581 177.5
3523 0.091998981983578 178
3533 0.09199898148172442 178.5
3543 0.0919989809316463 179
3553 0.09199898033204713 179.5
3563 0.09199897968361488 180
3573 0.0919989789846536 180.5
3583 0.09199897823681605 181
3593 0.09199897743798566 181.5
3603 0.09199897659084751 182
3613 0.09199897569641949 182.5
3623 0.0919989747551115 183
3633 0.09199897376996943 183.5
3643 0.09199897274427182 184
3653 0.09199897167643681 184.5
3663 0.09199897057995919 185
3673 0.09199896945144719 185.5
3683 0.09199896830370473 186
3693 0.09199896714476045 186.5
3703 0.09199896598024714 187
3713 0.09199896482113615 187.5
3723 0.09199896367602019 188
3733 0.09199896255306486 188.5
3743 0.09199896146051519 189
3753 0.09199896040613734 189.5
3763 0.09199895939966847 190
3773 0.09199895845505439 190.5
3783 0.09199895758128314 191
3793 0.09199895679125923 191.5
3803 0.09199895608616164 192
3813 0.09199895546898461 192.5
3823 0.09199895494205794 193
3833 0.09199895451216498 193.5
3843 0.09199895418894925 194
3853 0.09199895397743552 194.5
3863 0.09199895387821327 195
3873 0.09199895389601062 195.5
3883 0.09199895403309047 196
3893 0.09199895428577431 196.5
3903 0.09199895465024295 197
3913 0.09199895512304247 197.5
3923 0.09199895569483131 198
3933 0.09199895636432381 198.5
3943 0.09199895712382936 199
3953 0.09199895796148426 199.5
3963 0.09199895886346332 200
3973 0.09199895982164143 200.5
3983 0.09199896082558924 201
3993 0.09199896186298695 201.5
4003 0.09199896292446617 202
4013 0.0919989639985168 202.5
4023 0.09199896507227544 203
4033 0.09199896613422226 203.5
4043 0.09199896718121382 204
4053 0.09199896819724676 204.5
4063 0.09199896917946239 205
4073 0.09199897012022505 205.5
4083 0.09199897101463646 206
4093 0.0919989718589137 206.5
4103 0.09199897264330291 207
4113 0.09199897336343363 207.5
4123 0.09199897401857586 208
4133 0.09199897460280228 208.5
4143 0.09199897511630686 209
4153 0.09199897556086145 209.5
4163 0.09199897593506275 210
4173 0.09199897624184213 210.5
4183 0.09199897648671261 211
4193 0.09199897667068634 211.5
4203 0.09199897679338688 212
4213 0.09199897685589814 212.5
4223 0.09199897686071026 213
4233 0.09199897681529887 213.5
4243 0.09199897672340841 214
4253 0.09199897659546701 214.5
4263 0.09199897643695887 215
4273 0.09199897625320967 215.5
4283 0.09199897604853799 216
4293 0.09199897582494206 216.5
4303 0.09199897558614979 217
4313 0.09199897533208701 217.5
4323 0.09199897506387844 218
4333 0.09199897478353571 218.5
4343 0.09199897449134874 219
4353 0.0919989741909827 219.5
4363 0.09199897388422648 220
4373 0.09199897357198066 220.5
4383 0.09199897325469615 221
4393 0.0919989729317702 221.5
4403 0.09199897260408832 222
4413 0.09199897227335851 222.5
4423 0.09199897194511968 223
4433 0.0919989716182666 223.5
4443 0.09199897129204376 224
4453 0.09199897096919919 224.5
4463 0.09199897065078982 225
4473 0.09199897033433474 225.5
4483 0.09199897002608516 226
4493 0.09199896972735132 226.5
4503 0.09199896944234587 227
4513 0.09199896917397435 227.5
4523 0.09199896892493076 228
4533 0.09199896870287945 228.5
4543 0.09199896850855405 229
4553 0.09199896834679805 229.5
4563 0.09199896821940948 230
4573 0.0919989681295738 230.5
4583 0.09199896808288265 231
4593 0.09199896808175227 231.5
4603 0.09199896812859105 232
4613 0.0919989682286271 232.5
4623 0.09199896838162525 233
4633 0.091998968588068 233.5
4643 0.09199896885154311 234
4653 0.09199896916775739 234.5
4663 0.09199896953611329 235
4673 0.09199896995292467 235.5
4683 0.09199897041518738 236
4693 0.09199897091803008 236.5
4703 0.0919989714566113 237
4713 0.0919989720227997 237.5
4723 0.09199897260999552 238
4733 0.09199897321535454 238.5
4743 0.09199897383021041 239
4753 0.09199897444701764 239.5
4763 0.09199897506010116 240
4773 0.0919989756656175 240.5
4783 0.091998976258109 241
4793 0.0919989768328303 241.5
4803 0.09199897738321194 242
4813 0.09199897790472886 242.5
4823 0.09199897839680042 243
4833 0.09199897885529316 243.5
4843 0.09199897927617438 244
4853 0.09199897965584873 244.5
4863 0.09199897998990329 245
4873 0.09199898027889961 245.5
4883 0.09199898052047768 246
4893 0.09199898071791952 246.5
4903 0.09199898087262359 247
4913 0.09199898098563213 247.5
4923 0.09199898106116687 248
4933 0.09199898110244799 248.5
4943 0.09199898111478698 249
4953 0.09199898110336092 249.5
4963 0.09199898106977526 250
4973 0.09199898102106807 250.5
4983 0.09199898096404803 251
4993 0.09199898090399913 251.5
5003 0.09199898084624006 252
5013 0.09199898079548403 252.5
5023 0.09199898075643323 253
5033 0.09199898073554065 253.5
5043 0.09199898073635571 254
5053 0.09199898076031784 254.5
5063 0.09199898081217033 255
5073 0.09199898089517952 255.5
5083 0.09199898101245738 256
5093 0.0919989811639615 256.5
5103 0.09199898134898446 257
5113 0.09199898156952858 257.5
5123 0.09199898182585389 258
5133 0.0919989821174447 258.5
5143 0.09199898244330942 259
5153 0.09199898279859763 259.5
5163 0.09199898317947477 260
5173 0.09199898358717522 260.5
5183 0.09199898402004661 261
5193 0.09199898446897227 261.5
5203 0.09199898493110309 262
5213 0.09199898539755376 262.5
5223 0.09199898586515047 263
5233 0.09199898632547671 263.5
5243 0.09199898677527067 264
5253 0.09199898721107257 264.5
5263 0.09199898763033922 265
5273 0.09199898802766648 265.5
5283 0.09199898840123374 266
5293 0.09199898874824598 266.5
5303 0.09199898906540689 267
5313 0.09199898935057846 267.5
5323 0.09199898960387498 268
5333 0.09199898982894232 268.5
5343 0.09199899002485948 269
5353 0.09199899019161539 269.5
5363 0.091998990330748 270
5373 0.09199899044229363 270.5
5383 0.0919989905275721 271
5393 0.09199899059627174 271.5
5403 0.09199899064596576 272
5413 0.0919989906790503 272.5
5423 0.09199899069970005 273
5433 0.09199899071079502 273.5
5443 0.09199899071603461 274
5453 0.09199899071530873 274.5
5463 0.09199899071388984 275
5473 0.09199899071352202 275.5
5483 0.09199899071604654 276
5493 0.0919989907242497 276.5
5503 0.09199899073570419 277
5513 0.09199899075120893 277.5
5523 0.09199899077407137 278
5533 0.09199899080154769 278.5
5543 0.09199899083424366 279
5553 0.0919989908741918 279.5
5563 0.09199899092126219 280
5573 0.09199899097328529 280.5
5583 0.09199899103016337 281
5593 0.09199899108989827 281.5
5603 0.09199899115151967 282
5613 0.09199899121468393 282.5
5623 0.09199899127924095 283
5633 0.09199899133962737 283.5
5643 0.09199899139657503 284
5653 0.09199899144627045 284.5
5663 0.09199899148935478 285
5673 0.0919989915268461 285.5
5683 0.09199899155351783 286
5693 0.09199899156834153 286.5
5703 0.09199899156621331 287
5713 0.09199899154679884 287.5
5723 0.09199899150930879 288
5733 0.09199899145005068 288.5
5743 0.09199899136566188 289
5753 0.09199899125522791 289.5
5763 0.0919989911128387 290
5773 0.0919989909436998 290.5
5783 0.09199899074504259 291
5793 0.09199899051932556 291.5
5803 0.09199899026604554 292
5813 0.09199898999172144 292.5
5823 0.09199898969413832 293
5833 0.09199898937383433 293.5
5843 0.09199898903326366 294
5853 0.09199898867891385 294.5
5863 0.09199898831551784 295
5873 0.09199898794549558 295.5
5883 0.0919989875729833 296
5893 0.09199898720127836 296.5
5903 0.09199898683738157 297
5913 0.09199898648323146 297.5
5923 0.09199898614356977 298
5933 0.09199898581970015 298.5
5943 0.09199898551531754 299
5953 0.09199898523463654 299.5
