0 0 0
0 0 0
10 1.919674963717821e-21 0.5
20 4.39929432700458e-18 1
30 1.78796881407416e-14 1.5
40 3.984793398026376e-12 2
50 1.330167642699109e-10 2.5
60 1.767225477067313e-09 3
70 1.735697807703218e-08 3.5
80 1.006252503543692e-07 4
90 3.350899362430937e-07 4.5
100 6.99909378454322e-07 5
110 1.032912450682488e-06 5.5
120 2.05534365704807e-06 6
130 3.696548901643837e-06 6.5
140 5.657322617480531e-06 7
150 7.275252755789552e-06 7.5
160 7.480867225240218e-06 8
170 1.12906582216965e-05 8.5
180 1.746168709360063e-05 9
190 3.227060733479448e-05 9.5
200 5.044653880759142e-05 10
210 7.627001468790695e-05 10.5
220 0.0001075125401257537 11
230 0.0001508188579464331 11.5
240 0.0004395097203087062 12
250 0.0008679525344632566 12.5
260 0.001404030597768724 13
270 0.00367660028859973 13.5
280 0.005868600215762854 14
290 0.006377334706485271 14.5
300 0.008604486472904682 15
310 0.00842588022351265 15.5
320 0.008253454230725765 16
330 0.008267189376056194 16.5
340 0.008149255998432636 17
350 0.007801519241183996 17.5
360 0.01083108503371477 18
370 0.01589113101363182 18.5
380 0.01928389817476273 19
390 0.02179013751447201 19.5
400 0.0241744127124548 20
410 0.02479694224894047 20.5
420 0.02444972284138203 21
430 0.02392702363431454 21.5
440 0.02298279665410519 22
450 0.02153103612363338 22.5
460 0.02109187841415405 23
470 0.02072132751345634 23.5
480 0.0203354749828577 24
490 0.01978873461484909 24.5
500 0.01875555515289307 25
510 0.01714838854968548 25.5
520 0.016777029260993 26
530 0.0157927256077528 26.5
540 0.01462035719305277 27
550 0.01247692666947842 27.5
560 0.01211199816316366 28
570 0.01261576451361179 28.5
580 0.01254316046833992 29
590 0.01133501250296831 29.5
600 0.01162880379706621 30
610 0.01191873382776976 30.5
620 0.01103940978646278 31
630 0.009734806604683399 31.5
640 0.00976488646119833 32
650 0.009405580349266529 32.5
660 0.008396385237574577 33
670 0.006670244969427586 33.5
680 0.005864521954208612 34
690 0.005400406662374735 34.5
700 0.005296599585562944 35
710 0.005270771216601133 35.5
720 0.005082285962998867 36
730 0.005015309900045395 36.5
740 0.00455152802169323 37
750 0.005219498183578253 37.5
760 0.005641814786940813 38
770 0.00627822196111083 38.5
780 0.006940667051821947 39
790 0.00763394683599472 39.5
800 0.008546312339603901 40
810 0.009098317474126816 40.5
820 0.009206319227814674 41
830 0.009078317321836948 41.5
840 0.009219212457537651 42
850 0.00944125559180975 42.5
860 0.009436455555260181 43
870 0.00925863441079855 43.5
880 0.008997958153486252 44
890 0.00867326557636261 44.5
900 0.008457021787762642 45
910 0.008471135981380939 45.5
920 0.008364264853298664 46
930 0.008221486583352089 46.5
940 0.008038896135985851 47
950 0.007978492416441441 47.5
960 0.008548598736524582 48
970 0.009113483130931854 48.5
980 0.009667009115219116 49
990 0.01237227488309145 49.5
1000 0.01565990224480629 50
1010 0.01684157177805901 50.5
1020 0.01631717570126057 51
1030 0.01468349993228912 51.5
1040 0.01225618924945593 52
1050 0.01206465438008308 52.5
1060 0.01221136748790741 53
1070 0.01236844807863235 53.5
1080 0.01238865498453379 54
1090 0.01236885972321033 54.5
1100 0.01244954951107502 55
1110 0.012306516058743 55.5
1120 0.01193967927247286 56
1130 0.01149688567966223 56.5
1140 0.0112732881680131 57
1150 0.01151074375957251 57.5
1160 0.0118564460426569 58
1170 0.0120325768366456 58.5
1180 0.01281903032213449 59
1190 0.01343099493533373 59.5
1200 0.01389333512634039 60
1210 0.014364218339324 60.5
1220 0.01462260819971561 61
1230 0.01507391594350338 61.5
1240 0.0154032688587904 62
1250 0.01560602709650993 62.5
1260 0.01553101278841496 63
1270 0.01535306219011545 63.5
1280 0.01532831601798534 64
1290 0.01523473206907511 64.5
1300 0.01502438075840473 65
1310 0.01474635023623705 65.5
1320 0.0145602710545063 66
1330 0.01438752468675375 66.5
1340 0.0143131110817194 67
1350 0.01419336907565594 67.5
1360 0.01592398434877396 68
1370 0.01858386769890785 68.5
1380 0.0202673152089119 69
1390 0.01958931237459183 69.5
1400 0.01739189960062504 70
1410 0.01448908634483814 70.5
1420 0.01259343791753054 71
1430 0.01227983925491571 71.5
1440 0.0121627114713192 72
1450 0.0106328995898366 72.5
1460 0.009954391978681087 73
1470 0.009211959317326546 73.5
1480 0.009496401995420456 74
1490 0.009746309369802475 74.5
1500 0.009927192702889442 75
1510 0.01002651266753674 75.5
1520 0.01004606112837791 76
1530 0.01006300374865532 76.5
1540 0.01003915350884199 77
1550 0.009986366145312786 77.5
1560 0.01000072620809078 78
1570 0.009979588910937309 78.5
1580 0.009888681583106518 79
1590 0.009717725217342377 79.5
1600 0.009516612626612186 80
1610 0.009329212829470634 80.5
1620 0.009170573204755783 81
1630 0.009031531400978565 81.5
1640 0.008897836320102215 82
1650 0.008761580102145672 82.5
1660 0.008616197854280472 83
1670 0.00847204402089119 83.5
1680 0.00847846083343029 84
1690 0.008651965297758579 84.5
1700 0.008606521412730217 85
1710 0.00947139598429203 85.5
1720 0.012052021920681 86
1730 0.01414417754858732 86.5
1740 0.01601409912109375 87
1750 0.01823404990136623 87.5
1760 0.01927641592919827 88
1770 0.01930184289813042 88.5
1780 0.01841298304498196 89
1790 0.01827885955572128 89.5
1800 0.01803507469594479 90
1810 0.01826038025319576 90.5
1820 0.01803605444729328 91
1830 0.0173757579177618 91.5
1840 0.01606932654976845 92
1850 0.01628809235990047 92.5
1860 0.01633874140679836 93
1870 0.01439134124666452 93.5
1880 0.01139905024319887 94
1890 0.01091659534722567 94.5
1900 0.01040180865675211 95
1910 0.01033285167068243 95.5
1920 0.01000185403972864 96
1930 0.01021676696836948 96.5
1940 0.009754456579685211 97
1950 0.009445847943425179 97.5
1960 0.008967587724328041 98
1970 0.008461994118988514 98.5
1980 0.008394386619329453 99
1990 0.008303700014948845 99.5
2000 0.008193984627723694 100
2010 0.008148090913891792 100.5
2020 0.01124901976436377 101
2030 0.01723004877567291 101.5
2040 0.02709988132119179 102
2050 0.0333009846508503 102.5
2060 0.03380416333675385 103
2070 0.0321660190820694 103.5
2080 0.03006657212972641 104
2090 0.02889725565910339 104.5
2100 0.02771722711622715 105
2110 0.02814851328730583 105.5
2120 0.02707290649414062 106
2130 0.02625336870551109 106.5
2140 0.02138854190707207 107
2150 0.01842941530048847 107.5
2160 0.01730248890817165 108
2170 0.01588008366525173 108.5
2180 0.01448098849505186 109
2190 0.01595663651823997 109.5
2200 0.01671136356890202 110
2210 0.01660973206162453 110.5
2220 0.01667787693440914 111
2230 0.01684674061834812 111.5
2240 0.01609614118933678 112
2250 0.01563697494566441 112.5
2260 0.01483994163572788 113
2270 0.01341650635004044 113.5
2280 0.01075484231114388 114
2290 0.009959191083908081 114.5
2300 0.0092533053830266 115
2310 0.009149231947958469 115.5
2320 0.009260574355721474 116
2330 0.009348860941827297 116.5
2340 0.009479904547333717 117
2350 0.009562256745994091 117.5
2360 0.009447889402508736 118
2370 0.009345488622784615 118.5
2380 0.009358737617731094 119
2390 0.009332751855254173 119.5
2400 0.009370789863169193 120
2410 0.009373057633638382 120.5
2420 0.009351332671940327 121
2430 0.009353321045637131 121.5
2440 0.009368142113089561 122
2450 0.009393995627760887 122.5
2460 0.009429182857275009 123
2470 0.009465798735618591 123.5
2480 0.009503728710114956 124
2490 0.009546800516545773 124.5
2500 0.009599054232239723 125
2510 0.009666930884122849 125.5
2520 0.009757284075021744 126
2530 0.009873158298432827 126.5
2540 0.01002188120037317 127
2550 0.01020164974033833 127.5
2560 0.0103761637583375 128
2570 0.01051618997007608 128.5
2580 0.01060089189559221 129
2590 0.0106298765167594 129.5
2600 0.01064007077366114 130
2610 0.01066496130079031 130.5
2620 0.01067173108458519 131
2630 0.01066161226481199 131.5
2640 0.0106330206617713 132
2650 0.0106242261826992 132.5
2660 0.01066030748188496 133
2670 0.01066562440246344 133.5
2680 0.01064834278076887 134
2690 0.01061779260635376 134.5
2700 0.01057836227118969 135
2710 0.01053387671709061 135.5
2720 0.01048489194363356 136
2730 0.01041162107139826 136.5
2740 0.01031235232949257 137
2750 0.01020490098744631 137.5
2760 0.01009966153651476 138
2770 0.009996039792895317 138.5
2780 0.009895665571093559 139
2790 0.009801274165511131 139.5
2800 0.009765707887709141 140
2810 0.009879551827907562 140.5
2820 0.009996645152568817 141
2830 0.01011015102267265 141.5
2840 0.0102151045575738 142
2850 0.01031066384166479 142.5
2860 0.01040635816752911 143
2870 0.0104855028912425 143.5
2880 0.01054132916033268 144
2890 0.01057402696460485 144.5
2900 0.01058404147624969 145
2910 0.01056772191077471 145.5
2920 0.010509735904634 146
2930 0.01039174199104309 146.5
2940 0.01020162831991911 147
2950 0.01006700843572617 147.5
2960 0.01000154670327902 148
2970 0.009956014342606068 148.5
2980 0.01001009345054626 149
2990 0.01004635263234377 149.5
3000 0.01006609387695789 150
3010 0.01006597746163607 150.5
3020 0.01003839634358883 151
3030 0.00998316053301096 151.5
3040 0.009909153915941715 152
3050 0.009819274768233299 152.5
3060 0.009723644703626633 153
3070 0.009649353101849556 153.5
3080 0.009589038789272308 154
3090 0.009542101062834263 154.5
3100 0.009509658440947533 155
3110 0.009508584626019001 155.5
3120 0.009492872282862663 156
3130 0.0092009287327528 156.5
3140 0.0142612038180232 157
3150 0.02076134830713272 157.5
3160 0.02638848312199116 158
3170 0.030654177069664 158.5
3180 0.03371566161513329 159
3190 0.0351082943379879 159.5
3200 0.03518835827708244 160
3210 0.03512898832559586 160.5
3220 0.03534965589642525 161
3230 0.03613557294011116 161.5
3240 0.03636898472905159 162
3250 0.03577880188822746 162.5
3260 0.03452495858073235 163
3270 0.0333719477057457 163.5
3280 0.03237339481711388 164
3290 0.03280401974916458 164.5
3300 0.03202580660581589 165
3310 0.031951654702425 165.5
3320 0.03177722543478012 166
3330 0.03072310611605644 166.5
3340 0.03069361299276352 167
3350 0.0303829163312912 167.5
3360 0.02856991067528725 168
3370 0.02768524363636971 168.5
3380 0.02755164355039597 169
3390 0.02701523900032043 169.5
3400 0.02581171691417694 170
3410 0.02369236387312412 170.5
3420 0.02146069146692753 171
3430 0.01876186951994896 171.5
3440 0.01791568100452423 172
3450 0.01750990189611912 172.5
3460 0.01756905764341354 173
3470 0.01772862859070301 173.5
3480 0.01625432446599007 174
3490 0.01594094932079315 174.5
3500 0.01692731119692326 175
3510 0.01936599984765053 175.5
3520 0.01883499324321747 176
3530 0.01870991662144661 176.5
3540 0.01477139815688133 177
3550 0.01471324078738689 177.5
3560 0.01383350882679224 178
3570 0.01363973785191774 178.5
3580 0.01411063224077225 179
3590 0.0143217584118247 179.5
3600 0.01391579024493694 180
3610 0.01311840210109949 180.5
3620 0.01269307732582092 181
3630 0.012451590038836 181.5
3640 0.01157737895846367 182
3650 0.01019192021340132 182.5
3660 0.01122343167662621 183
3670 0.01304071769118309 183.5
3680 0.01474739611148834 184
3690 0.01518546417355537 184.5
3700 0.01498444564640522 185
3710 0.01400322001427412 185.5
3720 0.01310342364013195 186
3730 0.01304634753614664 186.5
3740 0.01365658175200224 187
3750 0.01377029996365309 187.5
3760 0.01408973149955273 188
3770 0.01419779099524021 188.5
3780 0.01384469773620367 189
3790 0.01318066194653511 189.5
3800 0.01278282608836889 190
3810 0.01278598234057426 190.5
3820 0.01255744509398937 191
3830 0.01243823114782572 191.5
3840 0.01232449058443308 192
3850 0.01216782908886671 192.5
3860 0.01198484469205141 193
3870 0.01179241668432951 193.5
3880 0.01149684842675924 194
3890 0.01104210317134857 194.5
3900 0.01081600226461887 195
3910 0.009914498776197433 195.5
3920 0.009509202092885971 196
3930 0.009290182963013649 196.5
3940 0.00900926161557436 197
3950 0.008634347468614578 197.5
3960 0.008224580436944962 198
3970 0.007857057265937328 198.5
3980 0.007540916558355093 199
3990 0.007532544899731874 199.5
4000 0.009534205310046673 200
4010 0.01124143972992897 200.5
4020 0.01346177142113447 201
4030 0.01519098412245512 201.5
4040 0.01563480123877525 202
4050 0.01540771033614874 202.5
4060 0.01446628011763096 203
4070 0.01420861575752497 203.5
4080 0.01378484535962343 204
4090 0.01344986073672771 204.5
4100 0.01296279486268759 205
4110 0.01238554902374744 205.5
4120 0.01168500445783138 206
4130 0.01126851700246334 206.5
4140 0.01379166916012764 207
4150 0.01529910881072283 207.5
4160 0.01669087074697018 208
4170 0.01641125045716763 208.5
4180 0.01553190592676401 209
4190 0.01419835351407528 209.5
4200 0.01191695686429739 210
4210 0.01102287974208593 210.5
4220 0.01092830765992403 211
4230 0.01081463694572449 211.5
4240 0.01071387901902199 212
4250 0.01066658180207014 212.5
4260 0.01050964929163456 213
4270 0.01015789806842804 213.5
4280 0.009803144261240959 214
4290 0.009749656543135643 214.5
4300 0.009537939913570881 215
4310 0.008949720300734043 215.5
4320 0.009212587960064411 216
4330 0.009419448673725128 216.5
4340 0.009495893493294716 217
4350 0.009485716000199318 217.5
4360 0.009471466764807701 218
4370 0.009721883572638035 218.5
4380 0.009909623302519321 219
4390 0.01003279723227024 219.5
4400 0.01010034792125225 220
4410 0.01011580601334572 220.5
4420 0.01009384915232658 221
4430 0.01012376137077808 221.5
4440 0.01023191213607788 222
4450 0.01035035215318203 222.5
4460 0.01046468410640955 223
4470 0.01057512499392033 223.5
4480 0.01067870669066906 224
4490 0.01076850201934576 224.5
4500 0.01084167510271072 225
4510 0.01089956611394882 225.5
4520 0.0109463669359684 226
4530 0.0109808137640357 226.5
4540 0.01099708303809166 227
4550 0.010999227873981 227.5
4560 0.01097615715116262 228
4570 0.0109273549169302 228.5
4580 0.0109645277261734 229
4590 0.01103059854358435 229.5
4600 0.01109538599848747 230
4610 0.01116941869258881 230.5
4620 0.01125202979892492 231
4630 0.01134293898940086 231.5
4640 0.01143503934144974 232
4650 0.01152230240404606 232.5
4660 0.0115989875048399 233
4670 0.01166088972240686 233.5
4680 0.01179108954966068 234
4690 0.0119473859667778 234.5
4700 0.012085335329175 235
4710 0.01219253707677126 235.5
4720 0.01226053293794394 236
4730 0.01228075847029686 236.5
4740 0.01225248072296381 237
4750 0.01218484248965979 237.5
4760 0.01208560913801193 238
4770 0.0119583485648036 238.5
4780 0.01185795944184065 239
4790 0.01181213650852442 239.5
4800 0.0117641007527709 240
4810 0.01170956809073687 240.5
4820 0.0116459634155035 241
4830 0.01157503668218851 241.5
4840 0.01149764657020569 242
4850 0.01141475979238749 242.5
4860 0.01132706739008427 243
4870 0.0112325856462121 243.5
4880 0.01113174110651016 244
4890 0.01102672982960939 244.5
4900 0.01092156115919352 245
4910 0.01082090474665165 245.5
4920 0.01072761695832014 246
4930 0.01064008846879005 246.5
4940 0.01055490504950285 247
4950 0.01070206239819527 247.5
4960 0.01084651425480843 248
4970 0.01091348472982645 248.5
4980 0.01574964076280594 249
4990 0.02003134228289127 249.5
5000 0.02195245958864689 250
