0 0 0
10 1.663086259954072e-23 0.5
20 2.949519521602887e-20 1
30 8.813626549417994e-17 1.5
40 6.914794604288188e-14 2
50 2.592881249543591e-12 2.5
60 3.707464104891344e-11 3
70 3.584100120005052e-10 3.5
80 1.80702156438869e-09 4
90 5.972628396449052e-09 4.5
100 1.43228680848406e-08 5
110 2.787692305760478e-08 5.5
120 5.093886550465362e-08 6
130 9.136262801187268e-08 6.5
140 1.498768667629935e-07 7
150 2.328854294164453e-07 7.5
160 3.614711391647617e-07 8
170 5.584894343854787e-07 8.5
180 8.903135012018573e-07 9
190 1.402077659497981e-06 9.5
200 2.093791357312126e-06 10
210 3.046130784080625e-06 10.5
220 4.704734864001211e-06 11
230 8.402378534191258e-06 11.5
240 1.60748528230545e-05 12
250 2.874338245339405e-05 12.5
260 5.928763603435751e-05 13
270 0.000137154364304044 13.5
280 0.0002743445913352241 14
290 0.0004242295025179284 14.5
300 0.00055364732005862 15
310 0.0006335836142131782 15.5
320 0.0006335148330732253 16
330 0.0006184376655539078 16.5
340 0.0006524723452759746 17
350 0.0008064116734543282 17.5
360 0.001141125625380932 18
370 0.001713338554812217 18.5
380 0.002505761033505435 19
390 0.003377444894993159 19.5
400 0.004171860665688772 20
410 0.004778190074448747 20.5
420 0.005083588959679028 21
430 0.005049444738571485 21.5
440 0.00474651760436256 22
450 0.004310894097756878 22.5
460 0.00384146267784918 23
470 0.003424623549096163 23.5
480 0.003079555978464177 24
490 0.002793408148205368 24.5
500 0.002561397718345147 25
510 0.002384420194393596 25.5
520 0.002257028553852573 26
530 0.002169936474092058 26.5
540 0.002112653643197813 27
550 0.002061155740049298 27.5
560 0.002014966417218882 28
570 0.001976221373561412 28.5
580 0.001945813028009917 29
590 0.001917220972321147 29.5
600 0.001886049658993118 30
610 0.001856614848520919 30.5
620 0.001826288433185867 31
630 0.001788432220726546 31.5
640 0.001742349593986745 32
650 0.001692951274310795 32.5
660 0.001653191167094063 33
670 0.001633227809289849 33.5
680 0.00164067397940569 34
690 0.001669475753911727 34.5
700 0.001705797905940435 35
710 0.00174272760306114 35.5
720 0.001783288802202279 36
730 0.001828390791216766 36.5
740 0.001877432147094628 37
750 0.001918952552087575 37.5
760 0.001963915061033106 38
770 0.002018199020004361 38.5
780 0.002078889365641412 39
790 0.002137102936047758 39.5
800 0.002188196183603849 40
810 0.002229876922781217 40.5
820 0.002261264997887457 41
830 0.002282849311931392 41.5
840 0.002298056839473624 42
850 0.002312360604441363 42.5
860 0.002324748671916701 43
870 0.002339648225450663 43.5
880 0.002349738661909576 44
890 0.002348113598700084 44.5
900 0.002333648558416553 45
910 0.002312390136487502 45.5
920 0.002294955933076277 46
930 0.00228701691537436 46.5
940 0.002288110672082732 47
950 0.002306800582085115 47.5
960 0.002352293936677701 48
970 0.002468759293199634 48.5
980 0.002684502158026861 49
990 0.002965995973473551 49.5
1000 0.003234868772537822 50
1010 0.003456009965618223 50.5
1020 0.003604591045559174 51
1030 0.003671812152066205 51.5
1040 0.003679486698427627 52
1050 0.003672206315830337 52.5
1060 0.003657339962590303 53
1070 0.003661870040330023 53.5
1080 0.003696491435722417 54
1090 0.003761678683092302 54.5
1100 0.003849153948677888 55
1110 0.003945425492854569 55.5
1120 0.00405223317566952 56
1130 0.004175669546173439 56.5
1140 0.004322936842116472 57
1150 0.004491287103566823 57.5
1160 0.004674022415526008 58
1170 0.004868348087975392 58.5
1180 0.005076568974893296 59
1190 0.005302625036376111 59.5
1200 0.005542484653818454 60
1210 0.005791094612778653 60.5
1220 0.006049396004961544 61
1230 0.006278484258046212 61.5
1240 0.006438294262250628 62
1250 0.006515673325009291 62.5
1260 0.00652380294110428 63
1270 0.006475917535217091 63.5
1280 0.006371599686226656 64
1290 0.006240330457739165 64.5
1300 0.006104902498103813 65
1310 0.005967555887043761 65.5
1320 0.005821059898303163 66
1330 0.005669780847709668 66.5
1340 0.00552995750203966 67
1350 0.005404505220762022 67.5
1360 0.005289327248349213 68
1370 0.005164930314047965 68.5
1380 0.00499534802761687 69
1390 0.004774826561970405 69.5
1400 0.004522554538923448 70
1410 0.004257826156269876 70.5
1420 0.00401958334812837 71
1430 0.00383467258973051 71.5
1440 0.003716096049892964 72
1450 0.003675009477275468 72.5
1460 0.003672849246685084 73
1470 0.003695558368909912 73.5
1480 0.003741128138641784 74
1490 0.003795577538265029 74.5
1500 0.003849562812881231 75
1510 0.003894898467398456 75.5
1520 0.003922829838348308 76
1530 0.003924105382528554 76.5
1540 0.003891114777695806 77
1550 0.003830679769306666 77.5
1560 0.003773352778069397 78
1570 0.003743207063804864 78.5
1580 0.003748190400267931 79
1590 0.003793948772591907 79.5
1600 0.003871086632438894 80
1610 0.0039693826769725 80.5
1620 0.004066005506809921 81
1630 0.004145198613792169 81.5
1640 0.004197658409936442 82
1650 0.00422106551565671 82.5
1660 0.004224737708565782 83
1670 0.00421766188598454 83.5
1680 0.004203518376406081 84
1690 0.004188207960045595 84.5
1700 0.004177689884608132 85
1710 0.004186279545928339 85.5
1720 0.00422432232202419 86
1730 0.004285117547181815 86.5
1740 0.004370333273155109 87
1750 0.004478753953495037 87.5
1760 0.004597937037849673 88
1770 0.004704609985908391 88.5
1780 0.004748071330546381 89
1790 0.004697107154767601 89.5
1800 0.004559416309621062 90
1810 0.004351221684726373 90.5
1820 0.004145325729393373 91
1830 0.003946437369987745 91.5
1840 0.003780194121557696 92
1850 0.003641834382949112 92.5
1860 0.003531048883095751 93
1870 0.003459820674968101 93.5
1880 0.003425085877334606 94
1890 0.003422510356103476 94.5
1900 0.003433373710866217 95
1910 0.00344066563070873 95.5
1920 0.003445945814309116 96
1930 0.003456915141255932 96.5
1940 0.003477375766194368 97
1950 0.003511192390941984 97.5
1960 0.003554225150441152 98
1970 0.00359238438629229 98.5
1980 0.003622636640389587 99
1990 0.003643737642126323 99.5
2000 0.003659681953221991 100
2010 0.003704419406436736 100.5
2020 0.003848799363917611 101
2030 0.004188470908457823 101.5
2040 0.004763777828229474 102
2050 0.00542453915589397 102.5
2060 0.005979910322012045 103
2070 0.00632742334987782 103.5
2080 0.006442557217764379 104
2090 0.006400653445790188 104.5
2100 0.00622830427238848 105
2110 0.005901642634049557 105.5
2120 0.00548282504313592 106
2130 0.00509200768837078 106.5
2140 0.004777855688881997 107
2150 0.004547541185236974 107.5
2160 0.004409759057595173 108
2170 0.004356168919617677 108.5
2180 0.004358195888205096 109
2190 0.004375281329097579 109.5
2200 0.004379233662915481 110
2210 0.004371552592673262 110.5
2220 0.004351515429588377 111
2230 0.004314404421699302 111.5
2240 0.004250154442818828 112
2250 0.004148979217221544 112.5
2260 0.003994035583926142 113
2270 0.003808786019607235 113.5
2280 0.003639118144171088 114
2290 0.003498610634750785 114.5
2300 0.003390028324833647 115
2310 0.003324604018787181 115.5
2320 0.003294206953828034 116
2330 0.003281627120579443 116.5
2340 0.003290768107842696 117
2350 0.003327581861398953 117.5
2360 0.003395161853128471 118
2370 0.003494076223620894 118.5
2380 0.00360846904671679 119
2390 0.003721412003168139 119.5
2400 0.00382410022640873 120
2410 0.003912422805621785 120.5
2420 0.00398611460713289 121
2430 0.004049974062693284 121.5
2440 0.004106156069207252 122
2450 0.00415456066684754 122.5
2460 0.004196380444080518 123
2470 0.004234988759678074 123.5
2480 0.004270908885663414 124
2490 0.004304652849901327 124.5
2500 0.00433660328276307 125
2510 0.004367889948645546 125.5
2520 0.004398771025971331 126
2530 0.004428050947222792 126.5
2540 0.004454922536599057 127
2550 0.004478208127351333 127.5
2560 0.004496108897566434 128
2570 0.00450768448871313 128.5
2580 0.004513179763056273 129
2590 0.004513888930168042 129.5
2600 0.004509721515254285 130
2610 0.004499280197713737 130.5
2620 0.004481755780387103 131
2630 0.004458169911614005 131.5
2640 0.004428649048914947 132
2650 0.004392904051537879 132.5
2660 0.004352384378922963 133
2670 0.004308881181811456 133.5
2680 0.004264110934049681 134
2690 0.004219762494614595 134.5
2700 0.004177159783328075 135
2710 0.004138593616323505 135.5
2720 0.004105519826621885 136
2730 0.004080103126222571 136.5
2740 0.004062665073228939 137
2750 0.004052052784272098 137.5
2760 0.004047669641650606 138
2770 0.004050409858601019 138.5
2780 0.004062537416509348 139
2790 0.004085668443789293 139.5
2800 0.004120560944505167 140
2810 0.004166210589492083 140.5
2820 0.004221303904321106 141
2830 0.004284119367901272 141.5
2840 0.004351526121250613 142
2850 0.004419109672234199 142.5
2860 0.004482188665271756 143
2870 0.004535624975339248 143.5
2880 0.00457365867838146 144
2890 0.004591285937672761 144.5
2900 0.004583742906120047 145
2910 0.004556749617437346 145.5
2920 0.004512706656930109 146
2930 0.004456731263964525 146.5
2940 0.00439922975461801 147
2950 0.004342927354999927 147.5
2960 0.004286980759590422 148
2970 0.004227750070626962 148.5
2980 0.004164292527673185 149
2990 0.004096071632042056 149.5
3000 0.004028273424892336 150
3010 0.003965921098177285 150.5
3020 0.00392022618542964 151
3030 0.003895424723689892 151.5
3040 0.003889167987484711 152
3050 0.003890636513133677 152.5
3060 0.003901836683849506 153
3070 0.003923950526724483 153.5
3080 0.003948951673679616 154
3090 0.003972909189015301 154.5
3100 0.004000573486522313 155
3110 0.004046644797229431 155.5
3120 0.004146222605661895 156
3130 0.004350638551745993 156.5
3140 0.004720945885415349 157
3150 0.005336155542810499 157.5
3160 0.006260861664019009 158
3170 0.007501925443797931 158.5
3180 0.008934377668734934 159
3190 0.01032450680497353 159.5
3200 0.01144764163395318 160
3210 0.0122647440132018 160.5
3220 0.0128409816468859 161
3230 0.01324484579716127 161.5
3240 0.01350977094882259 162
3250 0.01365307591458838 162.5
3260 0.01367790885132373 163
3270 0.0136165869827686 163.5
3280 0.01353114640346637 164
3290 0.01344584600272638 164.5
3300 0.01325858230513411 165
3310 0.01284789602524474 165.5
3320 0.01220298955959644 166
3330 0.01143022745601582 166.5
3340 0.01068298844788633 167
3350 0.01000128550317305 167.5
3360 0.009344611945413495 168
3370 0.00868899377012365 168.5
3380 0.008031005560313303 169
3390 0.00740942600624572 169.5
3400 0.006824113456431142 170
3410 0.006341798059117766 170.5
3420 0.006030016559279249 171
3430 0.005800671138565501 171.5
3440 0.005626974042158656 172
3450 0.005469122086677885 172.5
3460 0.005325587132211579 173
3470 0.005200158224306801 173.5
3480 0.005090843111506497 174
3490 0.005003082551279418 174.5
3500 0.004999988952636555 175
3510 0.005051798910713162 175.5
3520 0.00509470656272697 176
3530 0.005090906151863067 176.5
3540 0.00501947521959174 177
3550 0.004903817004725632 177.5
3560 0.004775400246546996 178
3570 0.004653739143987602 178.5
3580 0.00456003103503856 179
3590 0.004479790465469671 179.5
3600 0.004393279918445061 180
3610 0.004310231882403348 180.5
3620 0.004258521291384849 181
3630 0.004253878120859274 181.5
3640 0.004305358193057687 182
3650 0.004434147290681824 182.5
3660 0.004628730090803686 183
3670 0.00484845275425461 183.5
3680 0.005059558161890738 184
3690 0.005224605812828035 184.5
3700 0.005329072530124069 185
3710 0.005383718310494706 185.5
3720 0.00540789615073555 186
3730 0.00541997338445903 186.5
3740 0.005427185731143982 187
3750 0.005420416333169442 187.5
3760 0.005363012498059242 188
3770 0.00521972265260261 188.5
3780 0.005012067539995862 189
3790 0.004809962221693759 189.5
3800 0.004610208904088923 190
3810 0.004417024417994213 190.5
3820 0.004244531990422098 191
3830 0.004098584948841656 191.5
3840 0.003972864514830026 192
3850 0.003869915309935681 192.5
3860 0.003786579931822787 193
3870 0.003701322385168871 193.5
3880 0.003608356295985522 194
3890 0.003519499367493712 194.5
3900 0.003435017056255994 195
3910 0.003351037491180417 195.5
3920 0.003271827620299778 196
3930 0.003199190631896778 196.5
3940 0.003146169416238281 197
3950 0.003127150776176938 197.5
3960 0.003143560825969766 198
3970 0.003201039241413501 198.5
3980 0.003303246425615624 199
3990 0.003453354993705549 199.5
4000 0.00363914474698944 200
4010 0.003835022343551867 200.5
4020 0.004005006688453501 201
4030 0.004127384232313808 201.5
4040 0.004202448189925488 202
4050 0.00423061819939769 202.5
4060 0.004243982084142607 203
4070 0.004245935817564748 203.5
4080 0.004240987158771388 204
4090 0.004251205218517085 204.5
4100 0.004285770614543398 205
4110 0.004346152123336263 205.5
4120 0.004424666335045016 206
4130 0.004503152112450908 206.5
4140 0.004570879176923167 207
4150 0.004605863599251127 207.5
4160 0.004594892063506262 208
4170 0.004538853911998719 208.5
4180 0.004451734886812777 209
4190 0.004357349223713776 209.5
4200 0.004277156082195564 210
4210 0.004219815351913566 210.5
4220 0.004179817215847046 211
4230 0.004153478585438428 211.5
4240 0.004130103606525501 212
4250 0.004104792296505275 212.5
4260 0.004075588448534556 213
4270 0.004043335116957944 213.5
4280 0.00401249572961416 214
4290 0.003986521796730713 214.5
4300 0.003968700217674205 215
4310 0.003959705009901214 215.5
4320 0.003963697560500677 216
4330 0.003981487158004614 216.5
4340 0.004011633789207946 217
4350 0.004052882789852988 217.5
4360 0.004097449471481467 218
4370 0.004141778606750413 218.5
4380 0.004185155686390689 219
4390 0.004220636817970483 219.5
4400 0.004249024069745418 220
4410 0.004277615511244508 220.5
4420 0.004306980385354567 221
4430 0.004338021756071014 221.5
4440 0.00437119799805857 222
4450 0.004413085634396228 222.5
4460 0.004464640978286602 223
4470 0.004523393377833979 223.5
4480 0.004590260783804079 224
4490 0.004662245954438387 224.5
4500 0.004732631442704025 225
4510 0.004798549393026559 225.5
4520 0.004859547759722336 226
4530 0.004913641619263093 226.5
4540 0.004959417694962414 227
4550 0.004992140588139479 227.5
4560 0.005014468656384651 228
4570 0.005030763000429685 228.5
4580 0.005044527387466364 229
4590 0.005062014044017568 229.5
4600 0.005088485912291752 230
4610 0.005127250281329173 230.5
4620 0.005174740149853099 231
4630 0.00522792385354452 231.5
4640 0.005280732054592763 232
4650 0.005325046925740328 232.5
4660 0.005356752892094479 233
4670 0.00537098697868104 233.5
4680 0.005358666509075228 234
4690 0.005315878233925994 234.5
4700 0.00524769562674682 235
4710 0.005164132031873116 235.5
4720 0.005080571238758044 236
4730 0.005009992730131485 236.5
4740 0.004955802350098272 237
4750 0.00490918181909177 237.5
4760 0.004871999441976701 238
4770 0.004844175541572783 238.5
4780 0.004819306490304945 239
4790 0.00479331572628842 239.5
4800 0.004770579160632601 240
4810 0.004744908501505113 240.5
4820 0.004711090209448759 241
4830 0.004677110217763874 241.5
4840 0.004642924196402547 242
4850 0.004608596803337932 242.5
4860 0.004574867704124328 243
4870 0.004544497928518401 243.5
4880 0.004517049914679112 244
4890 0.004490871551445158 244.5
4900 0.004467734913808058 245
4910 0.004452253952481994 245.5
4920 0.004445194461790069 246
4930 0.004440096082841025 246.5
4940 0.004429069485304997 247
4950 0.004403262025867359 247.5
4960 0.004391150045360542 248
4970 0.004454273371831845 248.5
4980 0.004623928929862104 249
4990 0.004851219379065996 249.5
5000 0.005069483760471262 250
