0 0 0
0 0 0
10 1.167603936537014e-46 0.5
20 1.941462158414722e-42 1
30 2.922295235965693e-38 1.5
40 1.800975843106071e-34 2
50 4.524944636122739e-30 2.5
60 1.921695907107484e-27 3
70 1.541626354356955e-27 3.5
80 2.825284975888498e-27 4
90 1.179469417512299e-26 4.5
100 1.543598665521288e-25 5
110 2.642941566393051e-19 5.5
120 1.472150639895659e-17 6
130 1.304200748533046e-16 6.5
140 4.487290183032128e-16 7
150 1.539406949665424e-15 7.5
160 4.750794760320319e-15 8
170 6.855339673134445e-15 8.5
180 2.767791636780173e-14 9
190 8.885190213190012e-14 9.5
200 2.250041343967867e-13 10
210 5.779442950172909e-13 10.5
220 1.413178322185058e-12 11
230 3.197476722658546e-12 11.5
240 6.993393823048698e-12 12
250 1.700397314757926e-11 12.5
260 5.887615621968228e-11 13
270 3.104772967335322e-10 13.5
280 1.824514160226799e-09 14
290 1.026388806017357e-08 14.5
300 4.873253341394466e-08 15
310 1.969514791525258e-07 15.5
320 7.253997552102652e-07 16
330 2.238532313408119e-06 16.5
340 6.007326463106416e-06 17
350 1.401829163327713e-05 17.5
360 2.908019217087773e-05 18
370 5.413675126628862e-05 18.5
380 9.041525064547583e-05 19
390 0.0001389319661462948 19.5
400 0.000198702044241234 20
410 0.0002687246129992249 20.5
420 0.0003465171187670905 21
430 0.0004304181092596767 21.5
440 0.0005208756951256575 22
450 0.0006175871176114003 22.5
460 0.000720385115118177 23
470 0.0008344976028873431 23.5
480 0.0009676665618915048 24
490 0.001125350943912043 24.5
500 0.001305385909457494 25
510 0.001499815492950365 25.5
520 0.001695883702565591 26
530 0.001883571429899665 26.5
540 0.00205545638800081 27
550 0.002206166589406453 27.5
560 0.002335573066401196 28
570 0.002448679612853416 28.5
580 0.002549866097012226 29
590 0.00264232490768594 29.5
600 0.00272758731575958 30
610 0.002807531467788391 30.5
620 0.002883469885395136 31
630 0.002956981778023642 31.5
640 0.00302978469157562 32
650 0.003102407381786664 32.5
660 0.003172701291809272 33
670 0.003237313131199075 33.5
680 0.003294807192823095 34
690 0.003344396594747509 34.5
700 0.003389189101843759 35
710 0.003429509708166586 35.5
720 0.003467624931739697 36
730 0.003503377842050345 36.5
740 0.003534739681299039 37
750 0.003558791716451661 37.5
760 0.003569620745862953 38
770 0.003574545561093249 38.5
780 0.003572074407748453 39
790 0.003549179804003462 39.5
800 0.003497971761572828 40
810 0.00342816695742218 40.5
820 0.00335033603160438 41
830 0.00327421270733713 41.5
840 0.003209056715278779 42
850 0.003155690252975261 42.5
860 0.003106479217726301 43
870 0.003056222100809855 43.5
880 0.003007376304244513 44
890 0.002962295124189362 44.5
900 0.002921530934130813 45
910 0.002891838074445987 45.5
920 0.002893734175343523 46
930 0.002949604050335259 46.5
940 0.003072628502636614 47
950 0.003263442610715492 47.5
960 0.003522069458185302 48
970 0.003830648200149495 48.5
980 0.004162094554456128 49
990 0.004476327322632329 49.5
1000 0.004746406295700605 50
1010 0.004955049125045407 50.5
1020 0.005099167643600722 51
1030 0.005194447579157884 51.5
1040 0.005257681040637986 52
1050 0.00529815122863444 52.5
1060 0.005322059506770317 53
1070 0.005329394241617476 53.5
1080 0.005330045287356302 54
1090 0.005334923964054826 54.5
1100 0.005342916137691925 55
1110 0.005343601677077489 55.5
1120 0.005333252729299331 56
1130 0.005312723257771866 56.5
1140 0.005287852889021892 57
1150 0.005259421818975608 57.5
1160 0.005227861007879833 58
1170 0.005193216421796893 58.5
1180 0.005154173152859766 59
1190 0.005117235946249958 59.5
1200 0.005086627120332768 60
1210 0.005064905352005697 60.5
1220 0.005051000663334431 61
1230 0.005046229283464048 61.5
1240 0.00505200075467346 62
1250 0.00506708818818281 62.5
1260 0.005089333127181378 63
1270 0.005121001472674816 63.5
1280 0.005163170154257321 64
1290 0.005212833871639596 64.5
1300 0.005272869475552183 65
1310 0.005343799116392285 65.5
1320 0.005430132423486651 66
1330 0.005535015946147994 66.5
1340 0.005653900923898348 67
1350 0.005779140967965205 67.5
1360 0.005915288312433507 68
1370 0.006064665663393088 68.5
1380 0.006228437768271224 69
1390 0.006395708350156808 69.5
1400 0.006557282108454686 70
1410 0.006703185929980763 70.5
1420 0.006826787620734486 71
1430 0.006932343398126942 71.5
1440 0.00701635471082752 72
1450 0.007074778728974182 72.5
1460 0.007111999209979415 73
1470 0.007130100541637824 73.5
1480 0.007132535467697827 74
1490 0.00712687705890956 74.5
1500 0.007121204289420697 75
1510 0.007111000097702797 75.5
1520 0.00709439616345319 76
1530 0.007083560658667323 76.5
1540 0.007100782198686374 77
1550 0.007148136651595724 77.5
1560 0.007223392842851171 78
1570 0.007335648437327124 78.5
1580 0.007487534447988092 79
1590 0.007667152853273103 79.5
1600 0.007872428471777146 80
1610 0.008070221089258525 80.5
1620 0.008241558652353202 81
1630 0.008376693715510789 81.5
1640 0.008471857878919364 82
1650 0.008528337685468408 82.5
1660 0.008550398278407298 83
1670 0.008567838526708196 83.5
1680 0.008587862174341897 84
1690 0.008589785958515452 84.5
1700 0.008559313846816609 85
1710 0.008496324702349503 85.5
1720 0.008399084446065437 86
1730 0.008293454937751604 86.5
1740 0.008184896996403903 87
1750 0.008065435721729061 87.5
1760 0.007927467794850818 88
1770 0.007774102381590292 88.5
1780 0.007615969692786703 89
1790 0.007461104322338753 89.5
1800 0.007330434686519494 90
1810 0.00724183327639426 90.5
1820 0.007195253848065289 91
1830 0.007168282984183988 91.5
1840 0.00715105393908797 92
1850 0.007126875255227644 92.5
1860 0.007077372634051541 93
1870 0.006986068088686843 93.5
1880 0.006844613067680494 94
1890 0.006664376991270093 94.5
1900 0.006460030689948541 95
1910 0.006244423904759522 95.5
1920 0.006029665009697647 96
1930 0.005814137005226178 96.5
1940 0.005616396775438339 97
1950 0.005457318126199648 97.5
1960 0.005349499014350978 98
1970 0.005277059518956797 98.5
1980 0.005215945514818495 99
1990 0.005151614209180602 99.5
2000 0.005082034266565191 100
2010 0.005023622220744194 100.5
2020 0.004988938565986035 101
2030 0.00498032119932137 101.5
2040 0.004993607126665661 102
2050 0.005023357363626219 102.5
2060 0.00506143771833401 103
2070 0.005102656887238252 103.5
2080 0.005144986036087673 104
2090 0.005187597465836016 104.5
2100 0.005226641601713326 105
2110 0.005257791202549005 105.5
2120 0.005277238444332626 106
2130 0.005283171899516546 106.5
2140 0.005274888500246143 107
2150 0.005256411642730218 107.5
2160 0.005234657364509964 108
2170 0.005219464348388556 108.5
2180 0.005218699569664746 109
2190 0.005232957876906605 109.5
2200 0.005257011101933178 110
2210 0.005289304044562114 110.5
2220 0.005329147172324692 111
2230 0.005381014138298043 111.5
2240 0.005443309029814242 112
2250 0.005509734621387994 112.5
2260 0.005576050003860518 113
2270 0.005642091375086495 113.5
2280 0.005712283628603055 114
2290 0.00579644538055683 114.5
2300 0.005903721533425027 115
2310 0.006034970176709415 115.5
2320 0.006187043625032291 116
2330 0.006359839295084029 116.5
2340 0.00655126920896881 117
2350 0.006773584269929666 117.5
2360 0.00702961305055527 118
2370 0.007334864187931335 118.5
2380 0.007682038120883098 119
2390 0.008033108388753825 119.5
2400 0.008328379453748733 120
2410 0.008531630260674475 120.5
2420 0.00864895345882092 121
2430 0.008683905099439693 121.5
2440 0.00864128033560786 122
2450 0.008531083607610564 122.5
2460 0.008368004204043036 123
2470 0.00817977284230717 123.5
2480 0.007987561432794466 124
2490 0.007809463548145192 124.5
2500 0.007667127626605704 125
2510 0.007580708054642056 125.5
2520 0.007564118994113986 126
2530 0.007589616774244407 126.5
2540 0.007623013344615797 127
2550 0.007626728387394571 127.5
2560 0.007584465729300167 128
2570 0.007520581478708845 128.5
2580 0.007438423027769045 129
2590 0.007324262436681622 129.5
2600 0.007191316639574444 130
2610 0.00705345095591243 130.5
2620 0.006923193533724597 131
2630 0.006794697271582347 131.5
2640 0.006677985095612472 132
2650 0.006585052145275784 132.5
2660 0.006564964775549716 133
2670 0.006599405391848 133.5
2680 0.006649859131553241 134
2690 0.006679946760821491 134.5
2700 0.006677630371844163 135
2710 0.006639515891770481 135.5
2720 0.0065726727725445 136
2730 0.00647962258948008 136.5
2740 0.006370121913868401 137
2750 0.006255927991186495 137.5
2760 0.00614543657822424 138
2770 0.006050572813027903 138.5
2780 0.00597178236086753 139
2790 0.005905783446140125 139.5
2800 0.005842045255892499 140
2810 0.005786934905917613 140.5
2820 0.005744969752852509 141
2830 0.005716076530320519 141.5
2840 0.005701689332571725 142
2850 0.005695478067476093 142.5
2860 0.005700601296999276 143
2870 0.005715750363313536 143.5
2880 0.00574269994751914 144
2890 0.005785493646668101 144.5
2900 0.005849990348088689 145
2910 0.00594034067635334 145.5
2920 0.006054578615160768 146
2930 0.006188144719322245 146.5
2940 0.006338291796593174 147
2950 0.00650131112426929 147.5
2960 0.006671534258184042 148
2970 0.006842353246039011 148.5
2980 0.007007422149191747 149
2990 0.007162501030396132 149.5
3000 0.007301436008248598 150
3010 0.007420759647588912 150.5
3020 0.007521064293728714 151
3030 0.007603242154046152 151.5
3040 0.007672468653318276 152
3050 0.007734122508241999 152.5
3060 0.007795691095540033 153
3070 0.007869528946912788 153.5
3080 0.007962601181285649 154
3090 0.008073239792854559 154.5
3100 0.008200692941589816 155
3110 0.008339082149475201 155.5
3120 0.008492749961847582 156
3130 0.008678275691606063 156.5
3140 0.008907271965472313 157
3150 0.009154092264959829 157.5
3160 0.009381969196999195 158
3170 0.009547909159943194 158.5
3180 0.009637224885087822 159
3190 0.009649850365545823 159.5
3200 0.009588399082762494 160
3210 0.00946171382558472 160.5
3220 0.009278629534185141 161
3230 0.009047300480790969 161.5
3240 0.008774139004849725 162
3250 0.008495773136602061 162.5
3260 0.008228792827237617 163
3270 0.007975881210635088 163.5
3280 0.007734741080900135 164
3290 0.007505030017808017 164.5
3300 0.007269406611493326 165
3310 0.007013193589298371 165.5
3320 0.006725187870055862 166
3330 0.00643360045868665 166.5
3340 0.0061759281163138 167
3350 0.005955282601171504 167.5
3360 0.005777186119498011 168
3370 0.005648291267845539 168.5
3380 0.005584205761494852 169
3390 0.00557532960979264 169.5
3400 0.005598061185540983 170
3410 0.005644543062172906 170.5
3420 0.005704200195916011 171
3430 0.005780013517100906 171.5
3440 0.005867350549438801 172
3450 0.005958547057720283 172.5
3460 0.006047230161161802 173
3470 0.006126406975241396 173.5
3480 0.006182445797895698 174
3490 0.006222592335819084 174.5
3500 0.006253030726761304 175
3510 0.006280247524521859 175.5
3520 0.006302912856234104 176
3530 0.006322030819820695 176.5
3540 0.00634298547373085 177
3550 0.006366998322356527 177.5
3560 0.006398370057146323 178
3570 0.00644422409968514 178.5
3580 0.006510546145137148 179
3590 0.006600655134554507 179.5
3600 0.006713868699392797 180
3610 0.006844846631572133 180.5
3620 0.006982420501739525 181
3630 0.007112028313178632 181.5
3640 0.007223368215161513 182
3650 0.007310723026464315 182.5
3660 0.007370429170695413 183
3670 0.007395338932750449 183.5
3680 0.007380254483012915 184
3690 0.007332654265751352 184.5
3700 0.007253026962372395 185
3710 0.007145881441844767 185.5
3720 0.007012075129388313 186
3730 0.006862732899501815 186.5
3740 0.006708682447573693 187
3750 0.006554650138056753 187.5
3760 0.006416325497703228 188
3770 0.006312643368136263 188.5
3780 0.006245636141273682 189
3790 0.006210067538982323 189.5
3800 0.006192572064211053 190
3810 0.006203383847260735 190.5
3820 0.006249369817969815 191
3830 0.006331863419166486 191.5
3840 0.006458765254146556 192
3850 0.006623140792520469 192.5
3860 0.006804557518894104 193
3870 0.00698925436810109 193.5
3880 0.007161930140527377 194
3890 0.007319948599842441 194.5
3900 0.007461316829480013 195
3910 0.007576835567097227 195.5
3920 0.007654662546351016 196
3930 0.007704323102096273 196.5
3940 0.007735809854217002 197
3950 0.00774969281534162 197.5
3960 0.007749240066282628 198
3970 0.007735747452394862 198.5
3980 0.007706636479206139 199
3990 0.007675606474523181 199.5
4000 0.007653962656528976 200
4010 0.00765914194031509 200.5
4020 0.007696129865436335 201
4030 0.007762517216266708 201.5
4040 0.007844083197502707 202
4050 0.007924395709224666 202.5
4060 0.007996282764715347 203
4070 0.008043244011767018 203.5
4080 0.008070033341824072 204
4090 0.008087012257095228 204.5
4100 0.008089320362449429 205
4110 0.008073834125351093 205.5
4120 0.008089362034708995 206
4130 0.008133005817255767 206.5
4140 0.00814513302192774 207
4150 0.008102207206209433 207.5
4160 0.008022375038682254 208
4170 0.007900975511661591 208.5
4180 0.007743566135578361 209
4190 0.007574283353891166 209.5
4200 0.007381648584394163 210
4210 0.007169164502955242 210.5
4220 0.006932849392025168 211
4230 0.006686056804635051 211.5
4240 0.00644818328625781 212
4250 0.006263656995362401 212.5
4260 0.006144868510075827 213
4270 0.006083790897806488 213.5
4280 0.00611455026338821 214
4290 0.006231184858793969 214.5
4300 0.0063962870470375 215
4310 0.00659392176478646 215.5
4320 0.006813964378086158 216
4330 0.007063822088734899 216.5
4340 0.007343351044844825 217
4350 0.007654448502105479 217.5
4360 0.007996462828360387 218
4370 0.008353440669424703 218.5
4380 0.008716985581119763 219
4390 0.009078132061855499 219.5
4400 0.00942615693098703 220
4410 0.009742907689436428 220.5
4420 0.01001222147337425 221
4430 0.01021841268847663 221.5
4440 0.01035194429495858 222
4450 0.01040014087915463 222.5
4460 0.01036254493226596 223
4470 0.01025067867863154 223.5
4480 0.01008918568726933 224
4490 0.009896438279844814 224.5
4500 0.009674342825315761 225
4510 0.009434360831397771 225.5
4520 0.009195136775279323 226
4530 0.008960062226222986 226.5
4540 0.008733499661838779 227
4550 0.008538346558406837 227.5
4560 0.008391920959070993 228
4570 0.008268434629885173 228.5
4580 0.008149379471262935 229
4590 0.008036923788088119 229.5
4600 0.007934974267802229 230
4610 0.007826887181465573 230.5
4620 0.007709285146136727 231
4630 0.007606032787827755 231.5
4640 0.007521319757496345 232
4650 0.007463690677816079 232.5
4660 0.007421318597700063 233
4670 0.00739877896924286 233.5
4680 0.007415526765395532 234
4690 0.007455682014364244 234.5
4700 0.007495742413714454 235
4710 0.007531206603264594 235.5
4720 0.007548265755943246 236
4730 0.007558246127533381 236.5
4740 0.007577928276213765 237
4750 0.007604115867212664 237.5
4760 0.007629151846209211 238
4770 0.007649972811862488 238.5
4780 0.007661559470521807 239
4790 0.007670691478658585 239.5
4800 0.007674238406603736 240
4810 0.007668415398522322 240.5
4820 0.00764504796816012 241
4830 0.007602592840490287 241.5
4840 0.007555623787433631 242
4850 0.007518813372229941 242.5
4860 0.007488010846812602 243
4870 0.007456949267551846 243.5
4880 0.007424596887905535 244
4890 0.007404433487241268 244.5
4900 0.007397807034019021 245
4910 0.00740243892109556 245.5
4920 0.007421592434439172 246
4930 0.007453665088520576 246.5
4940 0.007482956251507182 247
4950 0.007492850731150161 247.5
4960 0.007475741313394076 248
4970 0.00743695614568716 248.5
4980 0.007386492177003205 249
4990 0.007324215601508741 249.5
5000 0.007252744251271331 250
