0 0 0
0 0 0
10 2.563486788018648e-41 0.5
20 1.963878942455386e-34 1
30 2.795105406827442e-33 1.5
40 5.282915541968363e-34 2
50 5.321641562001869e-27 2.5
60 1.101482869024213e-26 3
70 3.644627090041362e-25 3.5
80 8.497196819105442e-20 4
90 6.847831340483516e-20 4.5
100 1.585967329971883e-17 5
110 5.429318106886914e-17 5.5
120 3.086157324442548e-16 6
130 8.242366343042429e-14 6.5
140 4.628963868540138e-13 7
150 1.653183827136346e-12 7.5
160 4.703443546821019e-12 8
170 1.219942473513536e-11 8.5
180 3.060265066443718e-11 9
190 7.702749538939847e-11 9.5
200 1.930162126655833e-10 10
210 4.778258332753808e-10 10.5
220 1.107363012004243e-09 11
230 2.71349039906587e-09 11.5
240 7.702232788404293e-09 12
250 2.370812135733926e-08 12.5
260 7.217475914612561e-08 13
270 1.919154441647685e-07 13.5
280 4.446884528348739e-07 14
290 9.206109350989865e-07 14.5
300 1.730767995954575e-06 15
310 3.011870650064677e-06 15.5
320 4.910567130007031e-06 16
330 7.769734807000365e-06 16.5
340 1.225105304222786e-05 17
350 1.960411991903492e-05 17.5
360 3.2123258220023e-05 18
370 5.238183495055457e-05 18.5
380 8.156633985191255e-05 19
390 0.0001208611120973825 19.5
400 0.0001713895920916647 20
410 0.0002357705381933707 20.5
420 0.00031644398998565 21
430 0.0004145008025218999 21.5
440 0.0005308663830559481 22
450 0.0006646988828348329 22.5
460 0.0008141174239447471 23
470 0.0009803624365758051 23.5
480 0.001169898728123693 24
490 0.001389642153721673 24.5
500 0.001639597827985453 25
510 0.001904768612659327 25.5
520 0.002164490442169429 26
530 0.002407355670769351 26.5
540 0.002629935272102112 27
550 0.002836471690016172 27.5
560 0.003014515409181584 28
570 0.003165295657640834 28.5
580 0.003291932027744754 29
590 0.003405588678005762 29.5
600 0.00351613046462699 30
610 0.003625694301144843 30.5
620 0.003738641241037135 31
630 0.00385861081570361 31.5
640 0.003977383612327891 32
650 0.00409583111197196 32.5
660 0.00422189096184605 33
670 0.004352788269889336 33.5
680 0.004489865333457558 34
690 0.004636415922912153 34.5
700 0.004791071222428345 35
710 0.004953307152409542 35.5
720 0.005119300353820791 36
730 0.005283707194623817 36.5
740 0.005444041859471017 37
750 0.005598870997749213 37.5
760 0.005748377067425226 38
770 0.005887852084610335 38.5
780 0.006017265300744246 39
790 0.006135667608106867 39.5
800 0.006242489533698601 40
810 0.006337677542909976 40.5
820 0.006425232945819102 41
830 0.00650603020747309 41.5
840 0.006580877066453951 42
850 0.006648298671618501 42.5
860 0.006710276518314986 43
870 0.006773392196460499 43.5
880 0.00683769403290342 44
890 0.006899915972201591 44.5
900 0.006956626052433626 45
910 0.007004938522698715 45.5
920 0.007050924639382521 46
930 0.007107624328525092 46.5
940 0.007182178302111325 47
950 0.007281816621635094 47.5
960 0.007401540637542282 48
970 0.007531468486779391 48.5
980 0.007666913034155854 49
990 0.00779618536866252 49.5
1000 0.007908190942483649 50
1010 0.007998520685630141 50.5
1020 0.008067362962760477 51
1030 0.008117706628648991 51.5
1040 0.008157715123284191 52
1050 0.008190971671166999 52.5
1060 0.008217284730878792 53
1070 0.008233696651408922 53.5
1080 0.008239758680636625 54
1090 0.008235286342754923 54.5
1100 0.008213790059366288 55
1110 0.008169508079674367 55.5
1120 0.008096257285925633 56
1130 0.008000238592760729 56.5
1140 0.007895402265339699 57
1150 0.007789492914424547 57.5
1160 0.007688370501840116 58
1170 0.007598641795106905 58.5
1180 0.00753021506836044 59
1190 0.007497442830625861 59.5
1200 0.007502568751941744 60
1210 0.007548023886314731 60.5
1220 0.007633861293294962 61
1230 0.007757208284174751 61.5
1240 0.007918383719908497 62
1250 0.008103218625127452 62.5
1260 0.008299228297463363 63
1270 0.008498473023424141 63.5
1280 0.008693970355189111 64
1290 0.008881390496540735 64.5
1300 0.009063471013858493 65
1310 0.009249358351904477 65.5
1320 0.009448375369575809 66
1330 0.009659717296819803 66.5
1340 0.009869073797507535 67
1350 0.01006263362806597 67.5
1360 0.01023199760069702 68
1370 0.01035961167800268 68.5
1380 0.01042220224149912 69
1390 0.010399097674153 69.5
1400 0.01028137383130032 70
1410 0.01006999098929644 70.5
1420 0.00981277082721555 71
1430 0.009573666289910325 71.5
1440 0.009406029075606209 72
1450 0.009324390302421557 72.5
1460 0.009308639472931642 73
1470 0.009342656843088267 73.5
1480 0.009423795372169506 74
1490 0.009544324293619061 74.5
1500 0.009685295018229087 75
1510 0.009824859932854039 75.5
1520 0.009942868306509129 76
1530 0.01005012401792156 76.5
1540 0.01015690302240085 77
1550 0.0102619292522033 77.5
1560 0.01036995757215524 78
1570 0.01049113426573594 78.5
1580 0.01061301491255647 79
1590 0.01070600327438123 79.5
1600 0.01075873994708339 80
1610 0.01077722762541983 80.5
1620 0.01076698434768527 81
1630 0.0107336386998397 81.5
1640 0.01067848726469815 82
1650 0.01060507912623087 82.5
1660 0.0105200772390016 83
1670 0.01043235134078719 83.5
1680 0.01036522751059765 84
1690 0.01032565260797439 84.5
1700 0.010316632298751 85
1710 0.01033294542243967 85.5
1720 0.0103543922097885 86
1730 0.01037778665638383 86.5
1740 0.01040384700890526 87
1750 0.01044301705476127 87.5
1760 0.01048343956306855 88
1770 0.01052445115979739 88.5
1780 0.01056897124506513 89
1790 0.01061787146454211 89.5
1800 0.01067409315804362 90
1810 0.0107330443027378 90.5
1820 0.01079718432302762 91
1830 0.010868779207682 91.5
1840 0.01094617050811478 92
1850 0.01102684051522006 92.5
1860 0.01111492499651621 93
1870 0.01121355981811572 93.5
1880 0.01132682615776014 94
1890 0.01144881353792579 94.5
1900 0.01157180015393949 95
1910 0.01169429722962872 95.5
1920 0.01180915995272029 96
1930 0.01191198380091418 96.5
1940 0.01200135618290445 97
1950 0.01207624353529233 97.5
1960 0.01213334578999658 98
1970 0.01216880087245347 98.5
1980 0.01217639348228632 99
1990 0.01215101167066388 99.5
2000 0.01209056664610891 100
2010 0.0119960115900774 100.5
2020 0.01187484431287364 101
2030 0.01173968805173629 101.5
2040 0.01161095326848566 102
2050 0.01150305683312203 102.5
2060 0.01141990625356644 103
2070 0.01136070978221613 103.5
2080 0.01132936819110777 104
2090 0.0113131374411769 104.5
2100 0.01130122913806382 105
2110 0.01129135530543723 105.5
2120 0.01128026495736444 106
2130 0.01126804784983884 106.5
2140 0.01125654069748054 107
2150 0.01125744722437989 107.5
2160 0.01127519940953248 108
2170 0.01131699860517059 108.5
2180 0.01138669545928825 109
2190 0.01148696754010196 109.5
2200 0.01161354687025458 110
2210 0.01176024368634401 110.5
2220 0.01192835162035603 111
2230 0.01211175311156567 111.5
2240 0.01230318542693185 112
2250 0.0124977835333423 112.5
2260 0.01269247932580593 113
2270 0.01288058382602154 113.5
2280 0.01305177866831697 114
2290 0.01320048127313105 114.5
2300 0.01332285233130708 115
2310 0.01341590775082033 115.5
2320 0.01348077241641615 116
2330 0.01351945522514337 116.5
2340 0.0135348622698235 117
2350 0.01352800997476706 117.5
2360 0.01350954426155717 118
2370 0.01348852455687874 118.5
2380 0.01346668926886165 119
2390 0.01343449138960168 119.5
2400 0.01337661961388929 120
2410 0.01328183203492768 120.5
2420 0.01314434907693968 121
2430 0.01296612629217416 121.5
2440 0.01275983528245222 122
2450 0.01254985648702237 122.5
2460 0.01236205981256715 123
2470 0.01220452076932134 123.5
2480 0.01207492450411011 124
2490 0.01196853141630733 124.5
2500 0.01188933161481986 125
2510 0.01184115446407637 125.5
2520 0.01182073662317622 126
2530 0.01180188686090354 126.5
2540 0.01177360413093055 127
2550 0.01172788682322678 127.5
2560 0.01167640482546969 128
2570 0.01164398155006759 128.5
2580 0.01164741720676799 129
2590 0.01168688838590021 129.5
2600 0.01175638905463009 130
2610 0.01184309075243619 130.5
2620 0.01193033488657467 131
2630 0.01200967010787462 131.5
2640 0.01208388251432044 132
2650 0.01215461596694496 132.5
2660 0.01222098240432859 133
2670 0.01228305690399526 133.5
2680 0.01234347982774844 134
2690 0.0124039792775679 134.5
2700 0.01246624551451481 135
2710 0.01252961292116625 135.5
2720 0.01259144977732441 136
2730 0.01265000989024852 136.5
2740 0.01270285836010303 137
2750 0.01274633133947867 137.5
2760 0.01277625769992525 138
2770 0.01278960333565933 138.5
2780 0.01278377016816309 139
2790 0.01275659028183868 139.5
2800 0.0127066409788313 140
2810 0.01263359584083324 140.5
2820 0.01253782048328516 141
2830 0.01242393857466594 141.5
2840 0.01229802534345588 142
2850 0.01216482928271965 142.5
2860 0.01202895886604361 143
2870 0.01189430727709717 143.5
2880 0.0117656336919686 144
2890 0.01164711298752091 144.5
2900 0.01153852054258155 145
2910 0.01143724880526769 145.5
2920 0.01134560672459136 146
2930 0.01126569475277064 146.5
2940 0.01119549485482038 147
2950 0.01113457702860526 147.5
2960 0.01108400117992758 148
2970 0.01104215035465883 148.5
2980 0.01100594204424506 149
2990 0.01097342422978205 149.5
3000 0.01094331084401521 150
3010 0.01091559956297834 150.5
3020 0.01089078324433891 151
3030 0.01086870062296266 151.5
3040 0.01085144216594534 152
3050 0.01084129786098896 152.5
3060 0.01083886162595494 153
3070 0.01084776911115987 153.5
3080 0.01086774853790109 154
3090 0.01089512728460299 154.5
3100 0.01092585195397391 155
3110 0.01095579474616009 155.5
3120 0.01098469880856214 156
3130 0.01101263002959495 156.5
3140 0.01104178900483842 157
3150 0.01107457245715907 157.5
3160 0.01111272208893365 158
3170 0.01115627878020699 158.5
3180 0.01120325074605129 159
3190 0.01124880687928505 159.5
3200 0.01128839595676823 160
3210 0.01131903202213635 160.5
3220 0.01134207223390104 161
3230 0.01136085639681393 161.5
3240 0.01137281204722351 162
3250 0.0113717028445567 162.5
3260 0.01135351857166333 163
3270 0.01131609226159967 163.5
3280 0.01126157738197918 164
3290 0.01118957741444255 164.5
3300 0.01110226119645753 165
3310 0.01100008359237012 165.5
3320 0.01088256334780103 166
3330 0.01074671910797903 166.5
3340 0.01059175399661629 167
3350 0.01042213663572394 167.5
3360 0.01023436410253427 168
3370 0.01003510380771851 168.5
3380 0.00983383514193506 169
3390 0.009646444135153682 169.5
3400 0.009482929965847499 170
3410 0.009351485463270266 170.5
3420 0.00925902044499782 171
3430 0.009209535957527179 171.5
3440 0.009196111088611326 172
3450 0.00920981420325442 172.5
3460 0.009232570869592931 173
3470 0.009242282385242682 173.5
3480 0.009237379281771128 174
3490 0.00921981699491364 174.5
3500 0.009206216297737808 175
3510 0.009216949586819966 175.5
3520 0.009249941461427108 176
3530 0.009304568427550714 176.5
3540 0.009376466825438908 177
3550 0.009454979402157962 177.5
3560 0.00953041068925425 178
3570 0.00959573995701076 178.5
3580 0.00965318722759571 179
3590 0.009709009576658361 179.5
3600 0.009761071186344185 180
3610 0.009807409779429512 180.5
3620 0.009840777294712801 181
3630 0.009866169346257838 181.5
3640 0.009893174155761804 182
3650 0.009933992779455983 182.5
3660 0.01000385002954789 183
3670 0.01009313857549349 183.5
3680 0.0101970603994735 184
3690 0.01031401108777171 184.5
3700 0.01043226398833854 185
3710 0.01053673406129101 185.5
3720 0.01061304055718243 186
3730 0.01065263309574701 186.5
3740 0.01065324370762032 187
3750 0.01061870797406086 187.5
3760 0.01055347581042618 188
3770 0.01047111524522816 188.5
3780 0.01038128424138491 189
3790 0.01029767257873137 189.5
3800 0.0102297962109779 190
3810 0.01018717839606258 190.5
3820 0.01017607920697892 191
3830 0.01019515859380934 191.5
3840 0.01023923708160068 192
3850 0.0103045540141695 192.5
3860 0.01039428350032108 193
3870 0.01051293231407741 193.5
3880 0.01064662929897653 194
3890 0.01078569168937486 194.5
3900 0.01093355555359597 195
3910 0.01108718103852148 195.5
3920 0.01124482591597226 196
3930 0.01139850238701236 196.5
3940 0.01153839971072028 197
3950 0.0116622731946356 197.5
3960 0.01178157300079158 198
3970 0.01190026331375351 198.5
3980 0.01201252219491505 199
3990 0.01211399585090934 199.5
4000 0.01220364833015161 200
4010 0.01228318211091752 200.5
4020 0.01235409628678869 201
4030 0.01241923008333394 201.5
4040 0.01248254119949483 202
4050 0.01254791207565328 202.5
4060 0.01261282486025452 203
4070 0.01267878679308553 203.5
4080 0.01274447987657288 204
4090 0.01280967044267524 204.5
4100 0.01286793726222585 205
4110 0.01290821311023871 205.5
4120 0.01291869881930389 206
4130 0.01289824811387073 206.5
4140 0.01284798598068112 207
4150 0.01277306035474142 207.5
4160 0.01267829510190793 208
4170 0.01256553509849739 208.5
4180 0.01243721437096043 209
4190 0.01228452722213691 209.5
4200 0.01210407973439708 210
4210 0.01190885165734674 210.5
4220 0.01171115630912349 211
4230 0.01151760792565377 211.5
4240 0.0113413311766997 212
4250 0.01118198990194125 212.5
4260 0.01103679035294786 213
4270 0.01091230865288216 213.5
4280 0.01080422324365355 214
4290 0.0107026238141019 214.5
4300 0.01063769545059869 215
4310 0.01062301986119495 215.5
4320 0.01065451245109578 216
4330 0.01071943464480752 216.5
4340 0.01078486882601872 217
4350 0.01084928815114736 217.5
4360 0.01089672573597453 218
4370 0.01091665886054736 218.5
4380 0.01091477824719748 219
4390 0.01089004163964323 219.5
4400 0.01082050054256939 220
4410 0.01069533471297326 220.5
4420 0.010515548392408 221
4430 0.01029251963818489 221.5
4440 0.01003425172048947 222
4450 0.009760626202929164 222.5
4460 0.009473309131160901 223
4470 0.009173634125347307 223.5
4480 0.008878218297682521 224
4490 0.008569155084875877 224.5
4500 0.008252836306895574 225
4510 0.007959917318455023 225.5
4520 0.007718279097577536 226
4530 0.00754228259307483 226.5
4540 0.007470183581826697 227
4550 0.007528938415195965 227.5
4560 0.007691505018211408 228
4570 0.007927997730855701 228.5
4580 0.008200922578841613 229
4590 0.008497427121374069 229.5
4600 0.008812500438795083 230
4610 0.009130855267426685 230.5
4620 0.009440419847856131 231
4630 0.009738271833761566 231.5
4640 0.0100182339139868 232
4650 0.01027740394115782 232.5
4660 0.01052157757250071 233
4670 0.01075582870577738 233.5
4680 0.01097845705712792 234
4690 0.01118131809851145 234.5
4700 0.01135184927238391 235
4710 0.01146706213421248 235.5
4720 0.01151475640541676 236
4730 0.01150411229474947 236.5
4740 0.01144465286869243 237
4750 0.01134493646064795 237.5
4760 0.0112125851729439 238
4770 0.01105786912746396 238.5
4780 0.01089174437687426 239
4790 0.01072510574562391 239.5
4800 0.01056818955158308 240
4810 0.0104278504553626 240.5
4820 0.01030522298523004 241
4830 0.01019980562012216 241.5
4840 0.01011019065379773 242
4850 0.01003500795087843 242.5
4860 0.009974136791606145 243
4870 0.009928905033468279 243.5
4880 0.009899828726220571 244
4890 0.009873325334355133 244.5
4900 0.009844469593545397 245
4910 0.009822545537873685 245.5
4920 0.009806892462760465 246
4930 0.009793477958440822 246.5
4940 0.009779072530400744 247
4950 0.009756465707967014 247.5
4960 0.009721245415514217 248
4970 0.009672941998859449 248.5
4980 0.009616171691286734 249
4990 0.009556159225243055 249.5
5000 0.009496970894560131 250
