0 0 0
0 0 0
10 0.08945445614895094 0.5
20 0.09192640508495571 1
30 0.09199450149524516 1.5
40 0.09200512027916585 2
50 0.09202963503213957 2.5
60 0.09227572192976477 3
70 0.09212263767502837 3.5
80 0.09207956738956137 4
90 0.09225935798298204 4.5
100 0.09250685768071644 5
110 0.09225013003854347 5.5
120 0.09220424044167927 6
130 0.09213856262152219 6.5
140 0.09212367229904933 7
150 0.09217082578623538 7.5
160 0.09211044694949856 8
170 0.09210908016155488 8.5
180 0.0920912935288655 9
190 0.09204665636342804 9.5
200 0.0920623866482502 10
210 0.09207626057192372 10.5
220 0.09202758021181516 11
230 0.09207651781603274 11.5
240 0.09215125134486138 12
250 0.09216210153367328 12.5
260 0.09224790428711517 13
270 0.09321881463167016 13.5
280 0.09410394520971328 14
290 0.09350577648580066 14.5
300 0.09329391440375311 15
310 0.09331869353467855 15.5
320 0.09345432760276433 16
330 0.09747531350691892 16.5
340 0.09829184353837077 17
350 0.09852494425343808 17.5
360 0.09808633867501421 18
370 0.09237354288349323 18.5
380 0.09265601042400494 19
390 0.09467864047565214 19.5
400 0.09257553955121373 20
410 0.09227890293556212 20.5
420 0.0922383212801596 21
430 0.09219276488100298 21.5
440 0.09216424883102704 22
450 0.09214416627354864 22.5
460 0.09208228999532024 23
470 0.09208244586701973 23.5
480 0.09224742308725327 24
490 0.09232809324819867 24.5
500 0.09239184893582442 25
510 0.092166498988214 25.5
520 0.09206372707234925 26
530 0.09206723985576418 26.5
540 0.09204822394820888 27
550 0.09209709636650469 27.5
560 0.09210409169389994 28
570 0.09208584745644462 28.5
580 0.09206505247844407 29
590 0.09203452829121721 29.5
600 0.09209627127823389 30
610 0.09213897227346603 30.5
620 0.09211140240176631 31
630 0.09207562999141475 31.5
640 0.09212511702919506 32
650 0.09207434235224794 32.5
660 0.09212321567986805 33
670 0.09299667532688646 33.5
680 0.09311256515874301 34
690 0.09208774725798513 34.5
700 0.09214965007418775 35
710 0.09218920773812914 35.5
720 0.09219955798864933 36
730 0.09210440871323687 36.5
740 0.09210655380607013 37
750 0.09212055856594402 37.5
760 0.09209576033219084 38
770 0.09210584589427583 38.5
780 0.09229689527128804 39
790 0.09214040113081701 39.5
800 0.09211046189305355 40
810 0.09209095157689441 40.5
820 0.09205785576497082 41
830 0.09206160289552831 41.5
840 0.09207624861798792 42
850 0.09206271503066958 42.5
860 0.09205629282980836 43
870 0.09275389694340684 43.5
880 0.09213031314238426 44
890 0.09249795504718659 44.5
900 0.0941003936785451 45
910 0.09436956066109607 45.5
920 0.09390659861449763 46
930 0.09414103775862337 46.5
940 0.09390369140497123 47
950 0.09211362579507271 47.5
960 0.09207350292526531 48
970 0.09204316335634534 48.5
980 0.09204417547198881 49
990 0.09209499563459655 49.5
1000 0.09206647046276728 50
1010 0.09206495289755288 50.5
1020 0.09209995666930522 51
1030 0.09212276346561647 51.5
1040 0.09217015772299751 52
1050 0.09224429865068778 52.5
1060 0.09210504689918293 53
1070 0.09209771573350294 53.5
1080 0.09218839049714166 54
1090 0.09234150685680396 54.5
1100 0.0926566878427898 55
1110 0.09291964525010868 55.5
1120 0.09299467095402734 56
1130 0.09296217951105168 56.5
1140 0.09291849230611758 57
1150 0.09284685583774557 57.5
1160 0.09272740851276925 58
1170 0.09257605831791227 58.5
1180 0.09252559939498983 59
1190 0.09236753911746411 59.5
1200 0.09239083268931611 60
1210 0.09246093615751613 60.5
1220 0.09252325234861641 61
1230 0.09250715820650907 61.5
1240 0.0922915157553932 62
1250 0.09216689365471806 62.5
1260 0.09212634046520098 63
1270 0.09223327314394458 63.5
1280 0.09282406712789733 64
1290 0.09540695231325504 64.5
1300 0.0935625804489392 65
1310 0.09203909094357318 65.5
1320 0.09205361942256361 66
1330 0.09218947579847349 66.5
1340 0.09228992472156318 67
1350 0.09232918011375144 67.5
1360 0.09242757119170797 68
1370 0.09239433168154544 68.5
1380 0.09215272098484928 69
1390 0.09266982751557495 69.5
1400 0.09270323620570292 70
1410 0.09238611078576275 70.5
1420 0.09226152510578398 71
1430 0.09220594467051965 71.5
1440 0.09205471203984952 72
1450 0.09207892970375679 72.5
1460 0.09214233443270028 73
1470 0.09226321826561057 73.5
1480 0.09238221291862771 74
1490 0.09212545264986559 74.5
1500 0.09243761282019568 75
1510 0.0920668505962601 75.5
1520 0.09203399977110224 76
1530 0.09203229921956424 76.5
1540 0.09202577100502006 77
1550 0.09202524236352135 77.5
1560 0.09204691104407202 78
1570 0.09205587561490944 78.5
1580 0.0920536914209322 79
1590 0.09206657027224059 79.5
1600 0.0920494887137094 80
1610 0.09205015806218186 80.5
1620 0.09210545896470003 81
1630 0.09242258688617075 81.5
1640 0.09236902226523439 82
1650 0.09204493205416257 82.5
1660 0.09207140574427951 83
1670 0.09209648167343595 83.5
1680 0.09208989019594607 84
1690 0.09207308135075186 84.5
1700 0.0920679095825396 85
1710 0.09229390330007534 85.5
1720 0.09231295177568567 86
1730 0.09212834596529523 86.5
1740 0.09231542216821702 87
1750 0.09207662148967304 87.5
1760 0.09204726341338042 88
1770 0.09206715048267976 88.5
1780 0.09854016138530852 89
1790 0.09373342251327806 89.5
1800 0.09278309468195124 90
1810 0.09257443989758662 90.5
1820 0.09211146754351621 91
1830 0.09213142615532305 91.5
1840 0.09205892176665782 92
1850 0.09204746606061225 92.5
1860 0.09204857856637039 93
1870 0.09204787804983249 93.5
1880 0.09210797383267719 94
1890 0.09210981012447123 94.5
1900 0.09209739800307985 95
1910 0.0937543520798937 95.5
1920 0.09257446890583979 96
1930 0.09204749107273104 96.5
1940 0.0920362151296228 97
1950 0.09203051738977128 97.5
1960 0.09422359063558154 98
1970 0.09204550489339917 98.5
1980 0.09208761585505544 99
1990 0.0920290232119423 99.5
2000 0.09205738378028612 100
2010 0.09207958987964018 100.5
2020 0.09209895580428112 101
2030 0.09206637931170943 101.5
2040 0.09215535206052755 102
2050 0.09213693366633115 102.5
2060 0.09218408277323988 103
2070 0.09234908559085347 103.5
2080 0.09214093588605388 104
2090 0.09204833599363407 104.5
2100 0.09206695075840367 105
2110 0.09210614637616568 105.5
2120 0.09227095351562432 106
2130 0.0928457018656797 106.5
2140 0.09209577353047653 107
2150 0.09207738417192227 107.5
2160 0.09203024838430636 108
2170 0.09208361816362638 108.5
2180 0.09216569625569801 109
2190 0.09215649161488049 109.5
2200 0.0920211301422465 110
2210 0.09202020992633068 110.5
2220 0.09204094677339296 111
2230 0.09203826527743561 111.5
2240 0.0920289282641257 112
2250 0.09201213015628865 112.5
2260 0.09201375778276524 113
2270 0.09206694697651578 113.5
2280 0.09210578451886108 114
2290 0.0921064113214414 114.5
2300 0.09212758011483924 115
2310 0.09210299055264766 115.5
2320 0.0921403789200065 116
2330 0.09212561374250572 116.5
2340 0.09202111773316535 117
2350 0.09200947306938956 117.5
2360 0.09200706482111537 118
2370 0.09200890254242386 118.5
2380 0.09202016286325973 119
2390 0.0920145505925839 119.5
2400 0.0920228025800995 120
2410 0.09203076156336822 120.5
2420 0.09202465173573485 121
2430 0.09203497835896975 121.5
2440 0.09202693478672731 122
2450 0.09204885012040447 122.5
2460 0.09202314187298855 123
2470 0.09202212822225664 123.5
2480 0.0920526048244579 124
2490 0.09206629604741554 124.5
2500 0.09206025534866728 125
2510 0.0920567325375638 125.5
2520 0.09208491372523761 126
2530 0.09211176346113943 126.5
2540 0.09212457583868822 127
2550 0.09211376881292953 127.5
2560 0.09208192267312169 128
2570 0.09205987050948276 128.5
2580 0.09206596671561566 129
2590 0.09206688786794209 129.5
2600 0.0921098300943879 130
2610 0.09215003712779372 130.5
2620 0.09217090305712611 131
2630 0.09216878915574341 131.5
2640 0.09214517815022255 132
2650 0.09214562399965057 132.5
2660 0.09218932869826578 133
2670 0.09221601688544581 133.5
2680 0.09222188986977642 134
2690 0.09221106207205348 134.5
2700 0.09218847712970128 135
2710 0.09215542783531393 135.5
2720 0.09208301146232772 136
2730 0.09208236234684994 136.5
2740 0.09208785883783542 137
2750 0.09209637406130786 137.5
2760 0.09210181263042015 138
2770 0.0920797301154531 138.5
2780 0.09210490532432823 139
2790 0.09213222014465519 139.5
2800 0.09216754826148463 140
2810 0.09220932882549038 140.5
2820 0.09225730528483539 141
2830 0.09229848914893522 141.5
2840 0.092286339080647 142
2850 0.09219908966612773 142.5
2860 0.09214988115229693 143
2870 0.09213016714658233 143.5
2880 0.09221313122616442 144
2890 0.09207908251964587 144.5
2900 0.09208906788684482 145
2910 0.09207657215430001 145.5
2920 0.09211394617903307 146
2930 0.09214481562672866 146.5
2940 0.09213842802407286 147
2950 0.09213764096290537 147.5
2960 0.09205767981480753 148
2970 0.09216874586937639 148.5
2980 0.09205470504928734 149
2990 0.09311694193409936 149.5
3000 0.09215287548708335 150
3010 0.09226517874325219 150.5
3020 0.0923457054888511 151
3030 0.09229191253742407 151.5
3040 0.0920964766470512 152
3050 0.09208866545069047 152.5
3060 0.09207583133871004 153
3070 0.0920866666371216 153.5
3080 0.09214377677301687 154
3090 0.09232692795145749 154.5
3100 0.09214271254922156 155
3110 0.09248214099705614 155.5
3120 0.09205599974087628 156
3130 0.0921967062887768 156.5
3140 0.09210969082183496 157
3150 0.09202513205107407 157.5
3160 0.09204277164057585 158
3170 0.0921639213375411 158.5
3180 0.09240880394971467 159
3190 0.09261581770792361 159.5
3200 0.09285140430823184 160
3210 0.0921081518545115 160.5
3220 0.09211557343396898 161
3230 0.09208647495904809 161.5
3240 0.09220573806404479 162
3250 0.09212674558534291 162.5
3260 0.09213518369370592 163
3270 0.09267399397712185 163.5
3280 0.09275968444757692 164
3290 0.09232498937089206 164.5
3300 0.09375186772024946 165
3310 0.09815146533873188 165.5
3320 0.09917874954741038 166
3330 0.09776945769262017 166.5
3340 0.09588876875806254 167
3350 0.09477592999287961 167.5
3360 0.09334161430359703 168
3370 0.0933581922290195 168.5
3380 0.093477312495812 169
3390 0.09290437325927348 169.5
3400 0.09312398360629603 170
3410 0.0929544469345237 170.5
3420 0.09272776146482348 171
3430 0.09232664925839147 171.5
3440 0.09226936349474732 172
3450 0.09208173270962397 172.5
3460 0.09209513150484008 173
3470 0.09214944972547053 173.5
3480 0.09222364819076972 174
3490 0.09221087845257202 174.5
3500 0.09213678990423259 175
3510 0.09210040592701495 175.5
3520 0.09226830181415037 176
3530 0.09210530069602546 176.5
3540 0.0921182841128783 177
3550 0.09205684474453912 177.5
3560 0.09207089587899812 178
3570 0.09207104997281471 178.5
3580 0.09207088560545316 179
3590 0.09205692522002315 179.5
3600 0.09206254152244396 180
3610 0.09206457722967434 180.5
3620 0.0921179668395589 181
3630 0.09209314052327845 181.5
3640 0.09211829450196581 182
3650 0.09210870275035285 182.5
3660 0.09210080906620388 183
3670 0.09211561922290995 183.5
3680 0.09217923150132892 184
3690 0.092123768869767 184.5
3700 0.0921143570296714 185
3710 0.09207880606393587 185.5
3720 0.0920388760832319 186
3730 0.09203057014220416 186.5
3740 0.09206088541430747 187
3750 0.09207636945977639 187.5
3760 0.09209547195936015 188
3770 0.09213354748362382 188.5
3780 0.0922670718197172 189
3790 0.09256305295847155 189.5
3800 0.09231266919678338 190
3810 0.09226536343148958 190.5
3820 0.09224233538488939 191
3830 0.09224924238009494 191.5
3840 0.09222475213594203 192
3850 0.09216497687691254 192.5
3860 0.09211569885172037 193
3870 0.09216563683649397 193.5
3880 0.09222025235497922 194
3890 0.09205392221969728 194.5
3900 0.09206030551153925 195
3910 0.09215981293066113 195.5
3920 0.09206418575816951 196
3930 0.09209541545910981 196.5
3940 0.09225436655107203 197
3950 0.09221834844729375 197.5
3960 0.0920676707326884 198
3970 0.09208114069837026 198.5
3980 0.09210324224337114 199
3990 0.09207189134632972 199.5
4000 0.09208785102381982 200
4010 0.092164715921772 200.5
4020 0.09239824874932556 201
4030 0.09264114937319373 201.5
4040 0.09257518420779637 202
4050 0.09212303018008314 202.5
4060 0.09212922735933139 203
4070 0.09208553582087005 203.5
4080 0.09207186938514923 204
4090 0.0922878674682495 204.5
4100 0.09220348268696847 205
4110 0.09239562150919096 205.5
4120 0.09206785484443805 206
4130 0.09223053932433012 206.5
4140 0.09284630463007162 207
4150 0.09238096959505913 207.5
4160 0.09242327946944977 208
4170 0.09207297338849185 208.5
4180 0.092162247518633 209
4190 0.09231922898667791 209.5
4200 0.09225094928260326 210
4210 0.09213261403917744 210.5
4220 0.09207241508886582 211
4230 0.0920820166948331 211.5
4240 0.09214775675473034 212
4250 0.0922560849257988 212.5
4260 0.09224787025871224 213
4270 0.09207521689425782 213.5
4280 0.09203850234071276 214
4290 0.09205454926682752 214.5
4300 0.09206923032633162 215
4310 0.0920364314456181 215.5
4320 0.09224809375816441 216
4330 0.0925590545253214 216.5
4340 0.09274797591040909 217
4350 0.09336984294282659 217.5
4360 0.09361740761089792 218
4370 0.09366310742472712 218.5
4380 0.09361182570971475 219
4390 0.0932159804827163 219.5
4400 0.09269293105982758 220
4410 0.09222652246684812 220.5
4420 0.09221120891471124 221
4430 0.09207931595490244 221.5
4440 0.0921208209125874 222
4450 0.0920913216047288 222.5
4460 0.0920785434063882 223
4470 0.09209672776417022 223.5
4480 0.09211052657576098 224
4490 0.09213796369583241 224.5
4500 0.09212308602442512 225
4510 0.09208891496760957 225.5
4520 0.09203897187731878 226
4530 0.09217153433509753 226.5
4540 0.09240117023595328 227
4550 0.0921191951463743 227.5
4560 0.09204381418922918 228
4570 0.09204632820360582 228.5
4580 0.09204131721854446 229
4590 0.09282203976780157 229.5
4600 0.09313079414945324 230
4610 0.09209925766170426 230.5
4620 0.0922870511418888 231
4630 0.09249327298683507 231.5
4640 0.09251055791131937 232
4650 0.09216700859901412 232.5
4660 0.09209156962510884 233
4670 0.09214056503296246 233.5
4680 0.09208840836379154 234
4690 0.09203631507660405 234.5
4700 0.0920400926232101 235
4710 0.09207112073822776 235.5
4720 0.09208525890103289 236
4730 0.0921082280671561 236.5
4740 0.09206800953921909 237
4750 0.09208209432710684 237.5
4760 0.09211699230820096 238
4770 0.09208444668816311 238.5
4780 0.09210540994517505 239
4790 0.09213289036673315 239.5
4800 0.09220311121827364 240
4810 0.09204553646536358 240.5
4820 0.09202084527187256 241
4830 0.09202104125311651 241.5
4840 0.09255393980007187 242
4850 0.09333126620793959 242.5
4860 0.09276131139427515 243
4870 0.09208614049093704 243.5
4880 0.09208575180001283 244
4890 0.09210129343412919 244.5
4900 0.09228508392059745 245
4910 0.0921117128903229 245.5
4920 0.09205013227903552 246
4930 0.09208310261745187 246.5
4940 0.09211128039491509 247
4950 0.09210038604407028 247.5
4960 0.09209201496333543 248
4970 0.09204795374806059 248.5
4980 0.09208140675856584 249
4990 0.09208785379973683 249.5
5000 0.09206271013987315 250
