0 0 0
10 4.364889920774544e-21 0.5
20 2.349784373788574e-17 1
30 5.198633280909991e-17 1.5
40 8.191353953641844e-13 2
50 4.112626558749888e-11 2.5
60 1.009600736345817e-09 3
70 2.531267284666683e-08 3.5
80 2.93829799602463e-07 4
90 1.780320417310577e-06 4.5
100 6.72891746944515e-06 5
110 2.745275742199738e-05 5.5
120 0.000111197296064347 6
130 0.0003152762947138399 6.5
140 0.0007214766228571534 7
150 0.00145616615191102 7.5
160 0.002555516082793474 8
170 0.003799991216510534 8.5
180 0.004960913676768541 9
190 0.005921210628002882 9.5
200 0.006514782551676035 10
210 0.006681246217340231 10.5
220 0.006720045581459999 11
230 0.006714058574289083 11.5
240 0.006628516130149364 12
250 0.006556521635502577 12.5
260 0.006805556360632181 13
270 0.007141114678233862 13.5
280 0.007479708176106215 14
290 0.007770924363285303 14.5
300 0.007856946438550949 15
310 0.0076521928422153 15.5
320 0.00754387816414237 16
330 0.007620346266776323 16.5
340 0.007604737766087055 17
350 0.007531876210123301 17.5
360 0.007362803909927607 18
370 0.006834895815700293 18.5
380 0.006711137946695089 19
390 0.006584084592759609 19.5
400 0.006845343858003616 20
410 0.006873994134366512 20.5
420 0.006830824073404074 21
430 0.007907056249678135 21.5
440 0.009016091004014015 22
450 0.009907403960824013 22.5
460 0.0104610389098525 23
470 0.01109081879258156 23.5
480 0.01290206704288721 24
490 0.01410751603543758 24.5
500 0.01490237191319466 25
510 0.01536721736192703 25.5
520 0.01542216911911964 26
530 0.01530360337346792 26.5
540 0.01490418985486031 27
550 0.01539836172014475 27.5
560 0.01580400392413139 28
570 0.01608982123434544 28.5
580 0.01632332801818848 29
590 0.01651857234537601 29.5
600 0.01678773760795593 30
610 0.01721445098519325 30.5
620 0.01775720901787281 31
630 0.01825074292719364 31.5
640 0.0183683093637228 32
650 0.01785285398364067 32.5
660 0.01773024722933769 33
670 0.01748052984476089 33.5
680 0.01698498986661434 34
690 0.01657108590006828 34.5
700 0.01609352044761181 35
710 0.01576143130660057 35.5
720 0.01603550091385841 36
730 0.01770303957164288 36.5
740 0.01890021935105324 37
750 0.01940428093075752 37.5
760 0.01937908679246902 38
770 0.01924971491098404 38.5
780 0.01867359504103661 39
790 0.0177437998354435 39.5
800 0.01681012846529484 40
810 0.01624652929604053 40.5
820 0.01586824096739292 41
830 0.01548386458307505 41.5
840 0.01510879769921303 42
850 0.01485635340213776 42.5
860 0.01577560044825077 43
870 0.0170552022755146 43.5
880 0.01739801652729511 44
890 0.01737142540514469 44.5
900 0.01727809011936188 45
910 0.01732832565903664 45.5
920 0.01738800294697285 46
930 0.01732958666980267 46.5
940 0.01709673926234245 47
950 0.01711205206811428 47.5
960 0.01749629713594913 48
970 0.01805335469543934 48.5
980 0.01834558136761189 49
990 0.01842412911355495 49.5
1000 0.01839206740260124 50
1010 0.01822946034371853 50.5
1020 0.01797738671302795 51
1030 0.01778090931475163 51.5
1040 0.01772256009280682 52
1050 0.01762012392282486 52.5
1060 0.01747109927237034 53
1070 0.01727248728275299 53.5
1080 0.01702875271439552 54
1090 0.01674061454832554 54.5
1100 0.01640140078961849 55
1110 0.01618009060621262 55.5
1120 0.01600167714059353 56
1130 0.01580708660185337 56.5
1140 0.01558243948966265 57
1150 0.01532228849828243 57.5
1160 0.01547859143465757 58
1170 0.01579093933105469 58.5
1180 0.01569625549018383 59
1190 0.01495758071541786 59.5
1200 0.01475346088409424 60
1210 0.01469600759446621 60.5
1220 0.01456367317587137 61
1230 0.01437718793749809 61.5
1240 0.01422214042395353 62
1250 0.01409565843641758 62.5
1260 0.01398820802569389 63
1270 0.01389170717447996 63.5
1280 0.01377731002867222 64
1290 0.01364177465438843 64.5
1300 0.0135092930868268 65
1310 0.01335879694670439 65.5
1320 0.01323239225894213 66
1330 0.01312927436083555 66.5
1340 0.013013930991292 67
1350 0.01288476306945086 67.5
1360 0.01275601144880056 68
1370 0.01277252193540335 68.5
1380 0.0127998348325491 69
1390 0.01280819252133369 69.5
1400 0.0127604566514492 70
1410 0.01262832619249821 70.5
1420 0.01257295254617929 71
1430 0.01273224037140608 71.5
1440 0.01295298431068659 72
1450 0.01308876741677523 72.5
1460 0.01317695155739784 73
1470 0.01312421727925539 73.5
1480 0.01303129736334085 74
1490 0.01296835578978062 74.5
1500 0.01290490571409464 75
1510 0.01289342623203993 75.5
1520 0.01319947466254234 76
1530 0.01361847296357155 76.5
1540 0.0141351418569684 77
1550 0.01469484996050596 77.5
1560 0.01521602738648653 78
1570 0.01566420681774616 78.5
1580 0.01597374677658081 79
1590 0.01609845459461212 79.5
1600 0.01605753228068352 80
1610 0.01586012542247772 80.5
1620 0.01553665474057198 81
1630 0.01535949297249317 81.5
1640 0.01525856927037239 82
1650 0.01512911263853312 82.5
1660 0.01500761043280363 83
1670 0.01490859966725111 83.5
1680 0.01482313126325607 84
1690 0.01469546277076006 84.5
1700 0.01445141993463039 85
1710 0.01400435250252485 85.5
1720 0.01330819074064493 86
1730 0.01302380580455065 86.5
1740 0.01276211068034172 87
1750 0.01240337360650301 87.5
1760 0.01196519006043673 88
1770 0.01169016864150763 88.5
1780 0.0117031941190362 89
1790 0.01170359179377556 89.5
1800 0.01168323960155249 90
1810 0.01165420282632113 90.5
1820 0.01161285024136305 91
1830 0.01154078263789415 91.5
1840 0.01138815097510815 92
1850 0.0110721793025732 92.5
1860 0.01053040847182274 93
1870 0.009855450130999088 93.5
1880 0.009730685502290726 94
1890 0.009682801552116871 94.5
1900 0.009694164618849754 95
1910 0.009758094325661659 95.5
1920 0.01018072664737701 96
1930 0.0103925159201026 96.5
1940 0.01084950193762779 97
1950 0.01151707861572504 97.5
1960 0.01220145262777805 98
1970 0.0128581216558814 98.5
1980 0.01347550470381975 99
1990 0.01403699442744255 99.5
2000 0.01447408832609653 100
2010 0.01471674535423517 100.5
2020 0.01476800162345171 101
2030 0.01506335753947496 101.5
2040 0.01512059289962053 102
2050 0.01497182156890631 102.5
2060 0.01469289977103472 103
2070 0.01433523371815681 103.5
2080 0.01394596323370934 104
2090 0.01355582475662231 104.5
2100 0.01316052861511707 105
2110 0.01275874581187963 105.5
2120 0.01236078981310129 106
2130 0.01197092607617378 106.5
2140 0.01158297806978226 107
2150 0.01117848046123981 107.5
2160 0.01207724492996931 108
2170 0.01316358242183924 108.5
2180 0.01403927896171808 109
2190 0.01465289294719696 109.5
2200 0.01511960662901402 110
2210 0.01542418450117111 110.5
2220 0.01567083410918713 111
2230 0.01579781621694565 111.5
2240 0.0158274844288826 112
2250 0.01587190106511116 112.5
2260 0.01589402370154858 113
2270 0.0158645287156105 113.5
2280 0.01585500128567219 114
2290 0.01580381207168102 114.5
2300 0.01565642096102238 115
2310 0.01545246783643961 115.5
2320 0.01527318544685841 116
2330 0.01501445658504963 116.5
2340 0.01450717449188232 117
2350 0.0139732239767909 117.5
2360 0.01320273987948895 118
2370 0.01205897890031338 118.5
2380 0.01128270942717791 119
2390 0.01133334264159203 119.5
2400 0.01210087817162275 120
2410 0.01287821680307388 120.5
2420 0.01356683857738972 121
2430 0.01403963845223188 121.5
2440 0.01432179380208254 122
2450 0.01461792457848787 122.5
2460 0.01474895235151052 123
2470 0.01484132185578346 123.5
2480 0.01487904973328114 124
2490 0.01476760394871235 124.5
2500 0.01466761436313391 125
2510 0.01462530344724655 125.5
2520 0.01440267544239759 126
2530 0.01396890264004469 126.5
2540 0.01337113231420517 127
2550 0.0127470875158906 127.5
2560 0.01227303221821785 128
2570 0.01247928198426962 128.5
2580 0.01279806345701218 129
2590 0.0130477286875248 129.5
2600 0.01310362573713064 130
2610 0.01303048711270094 130.5
2620 0.01281105726957321 131
2630 0.01264251116663218 131.5
2640 0.01276693399995565 132
2650 0.01295495312660933 132.5
2660 0.01314096339046955 133
2670 0.0132758729159832 133.5
2680 0.01335613522678614 134
2690 0.01341764256358147 134.5
2700 0.01350805535912514 135
2710 0.01358562055975199 135.5
2720 0.01361503265798092 136
2730 0.01359786372631788 136.5
2740 0.01355996169149876 137
2750 0.0134992552921176 137.5
2760 0.01341493334621191 138
2770 0.01332909055054188 138.5
2780 0.01327526196837425 139
2790 0.01328402385115623 139.5
2800 0.01329204812645912 140
2810 0.01322574634104967 140.5
2820 0.01324404217302799 141
2830 0.01320026163011789 141.5
2840 0.01304359175264835 142
2850 0.01279584970325232 142.5
2860 0.01252504158765078 143
2870 0.01229538582265377 143.5
2880 0.01214107871055603 144
2890 0.01202620938420296 144.5
2900 0.0118808327242732 145
2910 0.01193238887935877 145.5
2920 0.01191138010472059 146
2930 0.01179834548383951 146.5
2940 0.01159352902323008 147
2950 0.0113051338121295 147.5
2960 0.0109601216390729 148
2970 0.01068175584077835 148.5
2980 0.01043978426605463 149
2990 0.01071074698120356 149.5
3000 0.01091632060706615 150
3010 0.01106272730976343 150.5
3020 0.01115127746015787 151
3030 0.01118484046310186 151.5
3040 0.01125729363411665 152
3050 0.01129402033984661 152.5
3060 0.01131466217339039 153
3070 0.01134499814361334 153.5
3080 0.0113993501290679 154
3090 0.01147277746349573 154.5
3100 0.01154380384832621 155
3110 0.0115788821130991 155.5
3120 0.01154988259077072 156
3130 0.01173712778836489 156.5
3140 0.01192236132919788 157
3150 0.01200063433498144 157.5
3160 0.01190760172903538 158
3170 0.01158746238797903 158.5
3180 0.01167210191488266 159
3190 0.01168769504874945 159.5
3200 0.01196165475994349 160
3210 0.01238441467285156 160.5
3220 0.01277224440127611 161
3230 0.01309867762029171 161.5
3240 0.01333349756896496 162
3250 0.01345760375261307 162.5
3260 0.01346667297184467 163
3270 0.01378485560417175 163.5
3280 0.01410714350640774 164
3290 0.01425715815275908 164.5
3300 0.01429608557373285 165
3310 0.01424028538167477 165.5
3320 0.01409508660435677 166
3330 0.01380991097539663 166.5
3340 0.01332305558025837 167
3350 0.01264399290084839 167.5
3360 0.01185597293078899 168
3370 0.01088803913444281 168.5
3380 0.01104685477912426 169
3390 0.01131895277649164 169.5
3400 0.01159455627202988 170
3410 0.01184237096458673 170.5
3420 0.01208925992250443 171
3430 0.01233111415058374 171.5
3440 0.01250873226672411 172
3450 0.01257590297609568 172.5
3460 0.012470499612391 173
3470 0.01231497060507536 173.5
3480 0.01226387079805136 174
3490 0.01235206611454487 174.5
3500 0.0125363739207387 175
3510 0.01275341957807541 175.5
3520 0.01297228969633579 176
3530 0.01316982507705688 176.5
3540 0.01336452458053827 177
3550 0.01359259989112616 177.5
3560 0.01385631877928972 178
3570 0.01402256358414888 178.5
3580 0.01403591595590115 179
3590 0.01385086122900248 179.5
3600 0.01352085266262293 180
3610 0.01316187158226967 180.5
3620 0.01291792560368776 181
3630 0.01298379618674517 181.5
3640 0.01332550123333931 182
3650 0.01386791281402111 182.5
3660 0.01443567499518394 183
3670 0.0147921135649085 183.5
3680 0.01461664214730263 184
3690 0.01376827619969845 184.5
3700 0.01432557497173548 185
3710 0.01451457757502794 185.5
3720 0.01436738390475512 186
3730 0.01408592239022255 186.5
3740 0.01379852183163166 187
3750 0.01356889307498932 187.5
3760 0.01343751139938831 188
3770 0.01342608314007521 188.5
3780 0.01350354216992855 189
3790 0.01360139343887568 189.5
3800 0.01365656964480877 190
3810 0.01363532803952694 190.5
3820 0.01353241223841906 191
3830 0.01338939648121595 191.5
3840 0.0132947126403451 192
3850 0.01337040960788727 192.5
3860 0.01367191690951586 193
3870 0.01415006071329117 193.5
3880 0.01465760171413422 194
3890 0.01507291290909052 194.5
3900 0.01575252041220665 195
3910 0.01625804416835308 195.5
3920 0.01656527072191238 196
3930 0.01666368916630745 196.5
3940 0.0165653433650732 197
3950 0.01634851098060608 197.5
3960 0.0161147341132164 198
3970 0.01594429276883602 198.5
3980 0.01586440391838551 199
3990 0.01585491746664047 199.5
4000 0.01588641665875912 200
4010 0.01593385636806488 200.5
4020 0.01596328802406788 201
4030 0.01595566049218178 201.5
4040 0.01591159589588642 202
4050 0.0158619862049818 202.5
4060 0.01581769064068794 203
4070 0.01582683436572552 203.5
4080 0.01617017947137356 204
4090 0.01646899804472923 204.5
4100 0.01669421046972275 205
4110 0.01686896942555904 205.5
4120 0.01701937802135944 206
4130 0.01715277694165707 206.5
4140 0.01726729609072208 207
4150 0.01735161803662777 207.5
4160 0.01738031394779682 208
4170 0.0173499695956707 208.5
4180 0.01725371740758419 209
4190 0.01702104136347771 209.5
4200 0.01653404533863068 210
4210 0.0159027986228466 210.5
4220 0.01591011136770248 211
4230 0.01582223549485207 211.5
4240 0.01565361581742764 212
4250 0.01545534934848547 212.5
4260 0.01529651787132025 213
4270 0.01551176328212023 213.5
4280 0.01578909158706665 214
4290 0.01595327444374561 214.5
4300 0.01604237593710423 215
4310 0.01610842533409595 215.5
4320 0.01618570275604725 216
4330 0.01621374674141407 216.5
4340 0.01620082557201385 217
4350 0.01624099910259247 217.5
4360 0.01629306748509407 218
4370 0.01635820977389812 218.5
4380 0.01642723567783833 219
4390 0.01649496331810951 219.5
4400 0.01655625551939011 220
4410 0.01660165563225746 220.5
4420 0.01662516966462135 221
4430 0.01662288419902325 221.5
4440 0.01658813655376434 222
4450 0.01652484573423862 222.5
4460 0.01643738150596619 223
4470 0.016315046697855 223.5
4480 0.01615331321954727 224
4490 0.0160461887717247 224.5
4500 0.01595133915543556 225
4510 0.01581227034330368 225.5
4520 0.01564152352511883 226
4530 0.01546168699860573 226.5
4540 0.01529186870902777 227
4550 0.01513808406889439 227.5
4560 0.01499005127698183 228
4570 0.01485390122979879 228.5
4580 0.01471795793622732 229
4590 0.01457769237458706 229.5
4600 0.01442766189575195 230
4610 0.01446675136685371 230.5
4620 0.01452558487653732 231
4630 0.01455217227339745 231.5
4640 0.01452510058879852 232
4650 0.01443409733474255 232.5
4660 0.01429657731205225 233
4670 0.01412609964609146 233.5
4680 0.01391911972314119 234
4690 0.01367756631225348 234.5
4700 0.01341702975332737 235
4710 0.01317008957266808 235.5
4720 0.01296953577548265 236
4730 0.01280742511153221 236.5
4740 0.01266265939921141 237
4750 0.01256215292960405 237.5
4760 0.0125648956745863 238
4770 0.01273128297179937 238.5
4780 0.01285243779420853 239
4790 0.01295755617320538 239.5
4800 0.01305273827165365 240
4810 0.01312590762972832 240.5
4820 0.01319807954132557 241
4830 0.0132415909320116 241.5
4840 0.01325779035687447 242
4850 0.01324348337948322 242.5
4860 0.01323788054287434 243
4870 0.01330200769007206 243.5
4880 0.01330814138054848 244
4890 0.01328074280172586 244.5
4900 0.013306207023561 245
4910 0.01331203617155552 245.5
4920 0.01330954302102327 246
4930 0.01327982265502214 246.5
4940 0.01320450101047754 247
4950 0.01309074833989143 247.5
4960 0.01295996177941561 248
4970 0.01284069009125233 248.5
4980 0.01275533903390169 249
4990 0.01271147094666958 249.5
5000 0.0127132898196578 250
