0 0 0
10 1.909933024333842e-23 0.5
20 1.259895807628471e-19 1
30 4.13861155626214e-19 1.5
40 4.946396811062314e-15 2
50 5.696898465719299e-13 2.5
60 1.190052344195957e-11 3
70 1.733924734752166e-10 3.5
80 1.874968103629959e-09 4
90 1.495897527295601e-08 4.5
100 9.587066264313002e-08 5
110 4.662948239536075e-07 5.5
120 1.726293130069687e-06 6
130 4.996467812617886e-06 6.5
140 1.224486432960194e-05 7
150 2.683511587473649e-05 7.5
160 5.238471960633007e-05 8
170 9.026920128536228e-05 8.5
180 0.0001399647221537396 9
190 0.0001993924288037163 9.5
200 0.0002661444018295962 10
210 0.0003372097387375342 10.5
220 0.0004094163219272422 11
230 0.0004801593357206247 11.5
240 0.0005494623485801957 12
250 0.0006188394589868983 12.5
260 0.0006906064962328496 13
270 0.0007652708779279947 13.5
280 0.0008412267153035212 14
290 0.0009143387266356983 14.5
300 0.0009791134578164291 15
310 0.001030795430496539 15.5
320 0.001068776263437351 16
330 0.001098577107546794 16.5
340 0.00112548858870763 17
350 0.001153377966445985 17.5
360 0.001184580444482227 18
370 0.001220410578533843 18.5
380 0.001259949030272 19
390 0.001298954490723966 19.5
400 0.001334951329151708 20
410 0.001371892861606902 20.5
420 0.001413284735346402 21
430 0.00145668346671173 21.5
440 0.001503753433992425 22
450 0.00156553368651502 22.5
460 0.001652448921884142 23
470 0.001769038203707867 23.5
480 0.00191633599917487 24
490 0.002080271132071342 24.5
500 0.00223988863724335 25
510 0.002388689650716193 25.5
520 0.00252729003848241 26
530 0.002655741438926918 26.5
540 0.002773166684988347 27
550 0.002878037591347188 27.5
560 0.002971994150010001 28
570 0.003060969391030471 28.5
580 0.003154969833982505 29
590 0.003261336168614364 29.5
600 0.003381602582846558 30
610 0.003516406419823757 30.5
620 0.003664398521460881 31
630 0.003821709537438791 31.5
640 0.003982273101949513 32
650 0.004139463322946645 32.5
660 0.004279281311574534 33
670 0.004385730247667878 33.5
680 0.004443186958891811 34
690 0.004448958830701533 34.5
700 0.004433157594576942 35
710 0.004423215964276908 35.5
720 0.004428489727591343 36
730 0.004442709851670923 36.5
740 0.004453953735047331 37
750 0.004444122510444901 37.5
760 0.004398663986096363 38
770 0.004320286078869168 38.5
780 0.004216584121051592 39
790 0.004100402033004574 39.5
800 0.003983860717307837 40
810 0.003874507918655329 40.5
820 0.003778928607972517 41
830 0.003700700185379585 41.5
840 0.003638900574985268 42
850 0.003601941458396556 42.5
860 0.003587552998749609 43
870 0.003588070349588048 43.5
880 0.003593110752005398 44
890 0.003601111020645628 44.5
900 0.00361587616459645 45
910 0.003642320102428612 45.5
920 0.003681356827203871 46
930 0.003740190932141227 46.5
940 0.003817410853850502 47
950 0.003903865269958051 47.5
960 0.003994917423389943 48
970 0.004081410270999198 48.5
980 0.004167063177407185 49
990 0.004251249728275044 49.5
1000 0.004328230248343288 50
1010 0.004392512251941084 50.5
1020 0.004443221932184872 51
1030 0.004481082547695728 51.5
1040 0.004512128866306249 52
1050 0.004541280271051227 52.5
1060 0.004569914009761 53
1070 0.004596542823179501 53.5
1080 0.004622904213016622 54
1090 0.004650453113382335 54.5
1100 0.004676764326617131 55
1110 0.004698660546480922 55.5
1120 0.004716280128234039 56
1130 0.004731233939172462 56.5
1140 0.004745245273421115 57
1150 0.004760066878600198 57.5
1160 0.004780074824231709 58
1170 0.00480849377565499 58.5
1180 0.004847423500808076 59
1190 0.004896729272484261 59.5
1200 0.004954674950608441 60
1210 0.005019340653692602 60.5
1220 0.005089992865390323 61
1230 0.005165082057269031 61.5
1240 0.005241252389295176 62
1250 0.005315069727060023 62.5
1260 0.005384222058850079 63
1270 0.005447758707937771 63.5
1280 0.00550387552342411 64
1290 0.005550329784976388 64.5
1300 0.005587304637716235 65
1310 0.005614971404284875 65.5
1320 0.005634472724500696 66
1330 0.005649084936354858 66.5
1340 0.005663661234976337 67
1350 0.005681637867766097 67.5
1360 0.005702583028942419 68
1370 0.005722627876841704 68.5
1380 0.005736042904296823 69
1390 0.005738176447372254 69.5
1400 0.005726546579773699 70
1410 0.005704500391120075 70.5
1420 0.005677458067156659 71
1430 0.005652172709573211 71.5
1440 0.005632157601795382 72
1450 0.00561540031821893 72.5
1460 0.005593672363194471 73
1470 0.005559660099402302 73.5
1480 0.005511473026385088 74
1490 0.005452647857234611 74.5
1500 0.005391071613601535 75
1510 0.005334571590944128 75.5
1520 0.005283820461870212 76
1530 0.005238683578909559 76.5
1540 0.005198539279618309 77
1550 0.005164944191193399 77.5
1560 0.005145181886051334 78
1570 0.005148691693274261 78.5
1580 0.00517472473969008 79
1590 0.005212964792179869 79.5
1600 0.005253476627860125 80
1610 0.005293956321385616 80.5
1620 0.005342008863848047 81
1630 0.005405650202130484 81.5
1640 0.005486681981985347 82
1650 0.005581439646017448 82.5
1660 0.00568298073079791 83
1670 0.005782021422540602 83.5
1680 0.005869598832116529 84
1690 0.005939145876623892 84.5
1700 0.005986493435568509 85
1710 0.006011422228847031 85.5
1720 0.006014785175904435 86
1730 0.005999659882375801 86.5
1740 0.00596924739160133 87
1750 0.005925415678495733 87.5
1760 0.00586878718479499 88
1770 0.005799151386597687 88.5
1780 0.00572080221017231 89
1790 0.005642404476024062 89.5
1800 0.005568509570343341 90
1810 0.00550003841991648 90.5
1820 0.005437511424166712 91
1830 0.005380208544896324 91.5
1840 0.005324991274691088 92
1850 0.005268998268807565 92.5
1860 0.00521193971848799 93
1870 0.005155746584883763 93.5
1880 0.005102891744525446 94
1890 0.005056095168503496 94.5
1900 0.005014386609925338 95
1910 0.004975278033720666 95.5
1920 0.004939759954546223 96
1930 0.00490682355930607 96.5
1940 0.004875823213605892 97
1950 0.004849798115983433 97.5
1960 0.004829782496201166 98
1970 0.004815893812097198 98.5
1980 0.004806980032759122 99
1990 0.004803252812736131 99.5
2000 0.004802521246848086 100
2010 0.004800748188682595 100.5
2020 0.004794794931593383 101
2030 0.004786737733658469 101.5
2040 0.004777418856070196 102
2050 0.004766382181452399 102.5
2060 0.004754616952320982 103
2070 0.004744882621149326 103.5
2080 0.004738079629869771 104
2090 0.004736788962549178 104.5
2100 0.004741088593119873 105
2110 0.004752394382245993 105.5
2120 0.004771174217727059 106
2130 0.004796220466523785 106.5
2140 0.004826373520359777 107
2150 0.004859252516319524 107.5
2160 0.004892127169530359 108
2170 0.004922981266041636 108.5
2180 0.004952552830371843 109
2190 0.004981063201922057 109.5
2200 0.005008546026596603 110
2210 0.005035336616449462 110.5
2220 0.005062436220961993 111
2230 0.005089102018301529 111.5
2240 0.005114408833319133 112
2250 0.005137469902990317 112.5
2260 0.005157617326329642 113
2270 0.005174568518623445 113.5
2280 0.005186950618111545 114
2290 0.005193421854493286 114.5
2300 0.005192280995155695 115
2310 0.005181851320545459 115.5
2320 0.005161185962913091 116
2330 0.005131677024255048 116.5
2340 0.005099793742382373 117
2350 0.005077359246059348 117.5
2360 0.005077798427291036 118
2370 0.005110860708004806 118.5
2380 0.005180626166119645 119
2390 0.005279169561508167 119.5
2400 0.005392544144983846 120
2410 0.00550697557174435 120.5
2420 0.005614172778331678 121
2430 0.005709954895173297 121.5
2440 0.005791205421133947 122
2450 0.005856277245983569 122.5
2460 0.005904748774913383 123
2470 0.005934424099214334 123.5
2480 0.00594009463691253 124
2490 0.00592262625799867 124.5
2500 0.005884169389628542 125
2510 0.005830803249125041 125.5
2520 0.005770061203913329 126
2530 0.005712315787916981 126.5
2540 0.005667815186798685 127
2550 0.005643831529568333 127.5
2560 0.00564214978752468 128
2570 0.0056572993448514 128.5
2580 0.00567672768504289 129
2590 0.005684903508409571 129.5
2600 0.005670445621541871 130
2610 0.005636162625409895 130.5
2620 0.005596407743262299 131
2630 0.00557206187088607 131.5
2640 0.005569859836890392 132
2650 0.005594887856258275 132.5
2660 0.005649179195460179 133
2670 0.005725679850150154 133.5
2680 0.0058125815969201 134
2690 0.005896809720496218 134.5
2700 0.005965899827247127 135
2710 0.006005109808288486 135.5
2720 0.006009084754254813 136
2730 0.005985102567172856 136.5
2740 0.005943907440128285 137
2750 0.005900235113063889 137.5
2760 0.005862278556807444 138
2770 0.005835085483813946 138.5
2780 0.005820888043362699 139
2790 0.005820884501065235 139.5
2800 0.005830719752879723 140
2810 0.0058438766773137 140.5
2820 0.005855084410950851 141
2830 0.005861141346676593 141.5
2840 0.005859653376406146 142
2850 0.005850949005230427 142.5
2860 0.005837651114820785 143
2870 0.005820512437375517 143.5
2880 0.005795677290353472 144
2890 0.005764846072383961 144.5
2900 0.005732392623764206 145
2910 0.005703955482790353 145.5
2920 0.005681086835470547 146
2930 0.005662176978734348 146.5
2940 0.005643192295559323 147
2950 0.005622550032322278 147.5
2960 0.005602741143794391 148
2970 0.005585017543195183 148.5
2980 0.005569445917928511 149
2990 0.00555894103628506 149.5
3000 0.005555379486772854 150
3010 0.005558115926495275 150.5
3020 0.005568488588747994 151
3030 0.005587527265317303 151.5
3040 0.005616597382510991 152
3050 0.005656677042041242 152.5
3060 0.005705906711343143 153
3070 0.005761359592864444 153.5
3080 0.005821223501891589 154
3090 0.005883576841872357 154.5
3100 0.005948373553185319 155
3110 0.00601506636355449 155.5
3120 0.00608284337661798 156
3130 0.006151841054755838 156.5
3140 0.006221895480264242 157
3150 0.006291903648633817 157.5
3160 0.00635932442397823 158
3170 0.006420334291219651 158.5
3180 0.006471538424779717 159
3190 0.006510220096653873 159.5
3200 0.006538777954398434 160
3210 0.006559827779919852 160.5
3220 0.00657611492211928 161
3230 0.006591924983739878 161.5
3240 0.006609971215193041 162
3250 0.006628556408029136 162.5
3260 0.006647019792028788 163
3270 0.006662941346821169 163.5
3280 0.006671911106452772 164
3290 0.006670855062378077 164.5
3300 0.006655485280166434 165
3310 0.006625832087165135 165.5
3320 0.006581115574931266 166
3330 0.00652115823326275 166.5
3340 0.006451844938634395 167
3350 0.006378912448514267 167.5
3360 0.006308295712314137 168
3370 0.006248914381560378 168.5
3380 0.006204883927955576 169
3390 0.006179610359891168 169.5
3400 0.006172946255229325 170
3410 0.006180408574909885 170.5
3420 0.006196294644150595 171
3430 0.006216300079576386 171.5
3440 0.00623708462818188 172
3450 0.006256559342674304 172.5
3460 0.006271483351818133 173
3470 0.006280729105778305 173.5
3480 0.006283412658705067 174
3490 0.006279469018383412 174.5
3500 0.006267867737884962 175
3510 0.006243589964495182 175.5
3520 0.006200365880087174 176
3530 0.006132549949354798 176.5
3540 0.006038116555999631 177
3550 0.005922295656933923 177.5
3560 0.005800411535409734 178
3570 0.005686497226910389 178.5
3580 0.005587662895365652 179
3590 0.005505269427687609 179.5
3600 0.005439861476953325 180
3610 0.00539245433365921 180.5
3620 0.005363165977990165 181
3630 0.005347894359285087 181.5
3640 0.005343199998165423 182
3650 0.005346039486846841 182.5
3660 0.005353985933078008 183
3670 0.00536838496559328 183.5
3680 0.0053923920864062 184
3690 0.005428569632714135 184.5
3700 0.005477456289261254 185
3710 0.005535680809928081 185.5
3720 0.005601450052889625 186
3730 0.0056746760722857 186.5
3740 0.005752790989823379 187
3750 0.005830598464116085 187.5
3760 0.005904267851574709 188
3770 0.00596981110627825 188.5
3780 0.006023243500173096 189
3790 0.006059366115894274 189.5
3800 0.0060736400898128 190
3810 0.006067869515351996 190.5
3820 0.006048234143806091 191
3830 0.006025432500153078 191.5
3840 0.006011634253924938 192
3850 0.006014228109300932 192.5
3860 0.006034886145566297 193
3870 0.006071904073340433 193.5
3880 0.006123140804379299 194
3890 0.006181155173557783 194.5
3900 0.006235181921655795 195
3910 0.006276892826645813 195.5
3920 0.006298933081451281 196
3930 0.006297680204892445 196.5
3940 0.006279468605367002 197
3950 0.006255708474745976 197.5
3960 0.006235859037347621 198
3970 0.006222965090917233 198.5
3980 0.006215836061900904 199
3990 0.006211995684336166 199.5
4000 0.006210510808658042 200
4010 0.006211429170416369 200.5
4020 0.006214709867528931 201
4030 0.006220550559224245 201.5
4040 0.006229793895937021 202
4050 0.006241933306198756 202.5
4060 0.006256480661450484 203
4070 0.006272523092429012 203.5
4080 0.006288032547983069 204
4090 0.006302849765579373 204.5
4100 0.006317340013934513 205
4110 0.006332357248554368 205.5
4120 0.00634775032641561 206
4130 0.006361283219879401 206.5
4140 0.006369722359024554 207
4150 0.006370541692089817 207.5
4160 0.006361298978512107 208
4170 0.006340859415725411 208.5
4180 0.006310945168475633 209
4190 0.006272788309337406 209.5
4200 0.006229104086454097 210
4210 0.006184920506587889 210.5
4220 0.006142853860426798 211
4230 0.006103706159796343 211.5
4240 0.006070356024716224 212
4250 0.006045811135609878 212.5
4260 0.006030237436081772 213
4270 0.006023000267616182 213.5
4280 0.00602074082121039 214
4290 0.006020512925407602 214.5
4300 0.00602155567481725 215
4310 0.006023714110791938 215.5
4320 0.006029977313911021 216
4330 0.006043862950726329 216.5
4340 0.006069180073799618 217
4350 0.006105546062831572 217.5
4360 0.006150516485916952 218
4370 0.00620339195994425 218.5
4380 0.006262799108755952 219
4390 0.006326550532689833 219.5
4400 0.0063935422515539 220
4410 0.006460199180545434 220.5
4420 0.006522730369439513 221
4430 0.006578673136412748 221.5
4440 0.006625415311031045 222
4450 0.006662112298307531 222.5
4460 0.006689329158389376 223
4470 0.006706715780674907 223.5
4480 0.00671616641987462 224
4490 0.006719916055804707 224.5
4500 0.00671760263287772 225
4510 0.006707775506086686 225.5
4520 0.00669047008965843 226
4530 0.006668157776034473 226.5
4540 0.006643637697945412 227
4550 0.006618214033439184 227.5
4560 0.006593127462629255 228
4570 0.00656959956591515 228.5
4580 0.006548013432257528 229
4590 0.006529394929813642 229.5
4600 0.006515098080921176 230
4610 0.006505499666175118 230.5
4620 0.006499695088938132 231
4630 0.006495934093674477 231.5
4640 0.006492238398295998 232
4650 0.006487408785187658 232.5
4660 0.006479485528923922 233
4670 0.006467742616688663 233.5
4680 0.00645318225067906 234
4690 0.006437804691665761 234.5
4700 0.006423995468860236 235
4710 0.006412866295897574 235.5
4720 0.00640336280445388 236
4730 0.00639336956146542 236.5
4740 0.006379684895126861 237
4750 0.006361008651438362 237.5
4760 0.006335766342011455 238
4770 0.006303797876663207 238.5
4780 0.006266719564134784 239
4790 0.006228007401958389 239.5
4800 0.006190368437241378 240
4810 0.006156010408147932 240.5
4820 0.006128027763113766 241
4830 0.006107072239961343 241.5
4840 0.006091137839030136 242
4850 0.006078105526345458 242.5
4860 0.00606704827634989 243
4870 0.006056227901925055 243.5
4880 0.006043235494431462 244
4890 0.006026536028686571 244.5
4900 0.006005805212068692 245
4910 0.005980691273975504 245.5
4920 0.005950551766655637 246
4930 0.005914036359479104 246.5
4940 0.005870682318914868 247
4950 0.005822214849130015 247.5
4960 0.005770763397645093 248
4970 0.005720635700985448 248.5
4980 0.005676131585859467 249
4990 0.00564014533328652 249.5
5000 0.005614361251051419 250
