0 0 0
10 4.912347738586633e-23 0.5
20 3.240452017220423e-19 1
30 1.06445089227062e-18 1.5
40 1.272213259805225e-14 2
50 1.465242285383001e-12 2.5
60 3.060814629271997e-11 3
70 4.459654417782563e-10 3.5
80 4.822417962536246e-09 4
90 3.84744844020428e-08 4.5
100 2.465793443181299e-07 5
110 1.199310287208676e-06 5.5
120 4.440025930539228e-06 6
130 1.285091521405318e-05 6.5
140 3.149379105573614e-05 7
150 6.901991802982211e-05 7.5
160 0.0001347334988274807 8
170 0.0002321723857059513 8.5
180 0.0003599892653794177 9
190 0.0005128373268831573 9.5
200 0.0006845234015057201 10
210 0.0008673034480329363 10.5
220 0.001053018779996865 11
230 0.001234969811473444 11.5
240 0.00141321716054826 12
250 0.0015916550885143 12.5
260 0.001776239908310886 13
270 0.001968276698030799 13.5
280 0.002163635111760653 14
290 0.002351679204907012 14.5
300 0.002518279813503851 15
310 0.002651205847237092 15.5
320 0.002748892549560863 16
330 0.002825540320610348 16.5
340 0.002894756650156019 17
350 0.002966488129699067 17.5
360 0.003046740903208281 18
370 0.003138896007989039 18.5
380 0.003240588905859577 19
390 0.003340910950142034 19.5
400 0.003433494818578186 20
410 0.003528508440052945 20.5
420 0.003634968339310939 21
430 0.003746589876382562 21.5
440 0.00386765383222851 22
450 0.004026552641716623 22.5
460 0.004250098627086005 23
470 0.004549966259936625 23.5
480 0.004928816189877757 24
490 0.005350457351687482 24.5
500 0.005760993574989886 25
510 0.006143709781642037 25.5
520 0.006500189978976745 26
530 0.006830566980920021 26.5
540 0.007132584713790015 27
550 0.007402312684944954 27.5
560 0.00764396895382571 28
570 0.007872813273730357 28.5
580 0.008114582413002988 29
590 0.00838815662567613 29.5
600 0.00869748184308133 30
610 0.009044197311786687 30.5
620 0.009424832997197369 31
630 0.009829436930292552 31.5
640 0.01024240641821413 32
650 0.01064669966661875 32.5
660 0.01100631153336968 33
670 0.01128009819700176 33.5
680 0.01142787685826972 34
690 0.01144272211256432 34.5
700 0.01140208133325188 35
710 0.01137651146012019 35.5
720 0.01139007557936491 36
730 0.01142664973849759 36.5
740 0.01145556900654171 37
750 0.01143028309686426 37.5
760 0.01131336377223983 38
770 0.01111177579485148 38.5
780 0.01084505435934468 39
790 0.01054623402888775 39.5
800 0.01024648976491574 40
810 0.009965234366781489 40.5
820 0.009719404379705296 41
830 0.009518200876796275 41.5
840 0.009359252278862092 42
850 0.009264193430995923 42.5
860 0.009227186312783976 43
870 0.009228516939140442 43.5
880 0.009241480854157866 44
890 0.009262057545100538 44.5
900 0.009300033495342051 45
910 0.009368047303446371 45.5
920 0.009468449759568337 46
930 0.009619771077467219 46.5
940 0.009818380716103473 47
950 0.01004074147433209 47.5
960 0.01027492761295891 48
970 0.01049738721700992 48.5
980 0.01071768649229126 49
990 0.01093421430112339 49.5
1000 0.01113220819873891 50
1010 0.01129754151199245 50.5
1020 0.01142796680957947 51
1030 0.01152534431267339 51.5
1040 0.01160519544413965 52
1050 0.01168017285714374 52.5
1060 0.01175381883310527 53
1070 0.01182230814121766 53.5
1080 0.01189010963587873 54
1090 0.01196096540761934 54.5
1100 0.01202863784805924 55
1110 0.01208495492554891 55.5
1120 0.01213027248981793 56
1130 0.01216873369155155 56.5
1140 0.01220477084323908 57
1150 0.01224289201175969 57.5
1160 0.01229435244792393 58
1170 0.01236744599098461 58.5
1180 0.01246757324407835 59
1190 0.0125943876888295 59.5
1200 0.01274342397296489 60
1210 0.01290974416129735 60.5
1220 0.01309146164978389 61
1230 0.01328459105129592 61.5
1240 0.01348050114526717 62
1250 0.01367035933799835 62.5
1260 0.01384821913536238 63
1270 0.01401163539681592 63.5
1280 0.01415596784624678 64
1290 0.01427544820695924 64.5
1300 0.01437054752820613 65
1310 0.01444170645182067 65.5
1320 0.01449186384741576 66
1330 0.01452944645630467 66.5
1340 0.01456693669635911 67
1350 0.01461317259589438 67.5
1360 0.01466704355043987 68
1370 0.01471859889923683 68.5
1380 0.0147531023498514 69
1390 0.01475858982264141 69.5
1400 0.01472867780317793 70
1410 0.01467197500596081 70.5
1420 0.0146024221487269 71
1430 0.01453738820902227 71.5
1440 0.0144859093518177 72
1450 0.01444280961845906 72.5
1460 0.01438692531813615 73
1470 0.01429944577566269 73.5
1480 0.01417550862386242 74
1490 0.01402421028880739 74.5
1500 0.01386583619018312 75
1510 0.01372051813190827 75.5
1520 0.01358998622793016 76
1530 0.01347389416495536 76.5
1540 0.01337064302717826 77
1550 0.0132842364597494 77.5
1560 0.01323340781092401 78
1570 0.01324243503510138 78.5
1580 0.01330939203048286 79
1590 0.0134077454454866 79.5
1600 0.01351194188685622 80
1610 0.01361605565860378 80.5
1620 0.01373964679781715 81
1630 0.01390333231987958 81.5
1640 0.01411174605766629 82
1650 0.01435546276955685 82.5
1660 0.0146166264396122 83
1670 0.0148713590987744 83.5
1680 0.01509660819620368 84
1690 0.01527548319467662 84.5
1700 0.01539726111628218 85
1710 0.01546137797259453 85.5
1720 0.01547002747242618 86
1730 0.01543112521747053 86.5
1740 0.01535290429119859 87
1750 0.015240169125091 87.5
1760 0.01509452063929269 88
1770 0.01491541736632922 88.5
1780 0.01471390328456315 89
1790 0.01451226431233386 89.5
1800 0.01432220661492305 90
1810 0.01414609881602516 90.5
1820 0.01398527938295676 91
1830 0.01383789637747332 91.5
1840 0.01369587755850545 92
1850 0.01355186354737303 92.5
1860 0.01340510895595109 93
1870 0.01326058021632101 93.5
1880 0.01312463756691942 94
1890 0.01300427677339097 94.5
1900 0.01289700236072794 95
1910 0.01279641510272953 95.5
1920 0.01270506260309286 96
1930 0.01262035019453519 96.5
1940 0.01254061730539433 97
1950 0.01247368075430937 97.5
1960 0.01242220058022938 98
1970 0.01238647888471397 98.5
1980 0.01236355264425644 99
1990 0.01235396623435731 99.5
2000 0.01235208464689325 100
2010 0.01234752434129161 100.5
2020 0.01233221256405816 101
2030 0.01231148945096956 101.5
2040 0.01228752129781252 102
2050 0.01225913497069555 102.5
2060 0.01222887480136954 103
2070 0.01220383810159604 103.5
2080 0.01218634080802503 104
2090 0.01218302121167646 104.5
2100 0.01219407986150429 105
2110 0.01222315835113667 105.5
2120 0.01227146008799397 106
2130 0.01233587903989915 106.5
2140 0.01241343269436532 107
2150 0.01249799747197379 107.5
2160 0.01258255108003206 108
2170 0.01266190781625906 108.5
2180 0.01273796587971636 109
2190 0.01281129455534351 109.5
2200 0.01288198038040644 110
2210 0.01295088577750799 110.5
2220 0.01302058596031422 111
2230 0.01308917039107151 111.5
2240 0.01315425951929679 112
2250 0.01321357259049107 112.5
2260 0.01326539176331981 113
2270 0.01330899022989948 113.5
2280 0.01334083698978287 114
2290 0.01335748100975671 114.5
2300 0.01335454671954042 115
2310 0.0133277215964429 115.5
2320 0.01327457029661245 116
2330 0.01319867330638396 116.5
2340 0.01311666950540744 117
2350 0.01305896798086462 117.5
2360 0.01306009755499252 118
2370 0.01314513374098834 118.5
2380 0.0133245704992597 119
2390 0.01357802411219898 119.5
2400 0.01386962354089843 120
2410 0.01416394117052644 120.5
2420 0.01443965238586905 121
2430 0.01468600399038569 121.5
2440 0.01489498034315648 122
2450 0.01506234507666971 122.5
2460 0.01518701384907719 123
2470 0.01526333878317924 123.5
2480 0.015277923406139 124
2490 0.01523299473557255 124.5
2500 0.01513408367012458 125
2510 0.01499682595674958 125.5
2520 0.01484059741646505 126
2530 0.01469207620652245 126.5
2540 0.01457762066044619 127
2550 0.01451593469404973 127.5
2560 0.01451160925351345 128
2570 0.01455057391495777 128.5
2580 0.01460054360593029 129
2590 0.01462157182362939 129.5
2600 0.01458438613860566 130
2610 0.01449621027255422 130.5
2620 0.01439396071567061 131
2630 0.01433134313191895 131.5
2640 0.01432567950048206 132
2650 0.01439005156629626 132.5
2660 0.01452968889072355 133
2670 0.01472644857458617 133.5
2680 0.01494995986727847 134
2690 0.01516659460111625 134.5
2700 0.01534429435567958 135
2710 0.01544514242691796 135.5
2720 0.01545536598794335 136
2730 0.01539368380276856 136.5
2740 0.01528772993600992 137
2750 0.0151754047108003 137.5
2760 0.01507778044810872 138
2770 0.01500783986436944 138.5
2780 0.01497132404752883 139
2790 0.01497131493673976 139.5
2800 0.01499661120440662 140
2810 0.01503045081405081 140.5
2820 0.01505927710496556 141
2830 0.01507485554365217 141.5
2840 0.01507102848411658 142
2850 0.01504864084145263 142.5
2860 0.01501443866731903 143
2870 0.0149703579889298 143.5
2880 0.0149064819907891 144
2890 0.01482718409817152 144.5
2900 0.01474371382832151 145
2910 0.01467057350173676 145.5
2920 0.01461175534083022 146
2930 0.01456311918930472 146.5
2940 0.01451429058417855 147
2950 0.01446119868313287 147.5
2960 0.01441025022183915 148
2970 0.01436466512109798 148.5
2980 0.0143246149009121 149
2990 0.01429759634532515 149.5
3000 0.01428843603997975 150
3010 0.01429547416294582 150.5
3020 0.01432215265025981 151
3030 0.01437112012639608 151.5
3040 0.01444588846781824 152
3050 0.01454897335213005 152.5
3060 0.01467559206157454 153
3070 0.01481821687284732 153.5
3080 0.01497218684686514 154
3090 0.01513255963729567 154.5
3100 0.01529921677879261 155
3110 0.01547075068706212 155.5
3120 0.01564507316466142 156
3130 0.01582253519283199 156.5
3140 0.0160027151752396 157
3150 0.01618277618428614 157.5
3160 0.01635618241847198 158
3170 0.01651309979701691 158.5
3180 0.0166447968285334 159
3190 0.01674428608859373 159.5
3200 0.01681773689871274 160
3210 0.01687187704995383 160.5
3220 0.01691376757969076 161
3230 0.01695443105817894 161.5
3240 0.01700084596547647 162
3250 0.01704864708145091 162.5
3260 0.01709613490509801 163
3270 0.01713708514402401 163.5
3280 0.0171601553657965 164
3290 0.01715743922043638 164.5
3300 0.01711790814058804 165
3310 0.0170416401281887 165.5
3320 0.01692662925872318 166
3330 0.01677241897595176 166.5
3340 0.01659414518216763 167
3350 0.01640656281757866 167.5
3360 0.01622493657207193 168
3370 0.01607220778937326 168.5
3380 0.01595896146270171 169
3390 0.01589395784564005 169.5
3400 0.01587681776844979 170
3410 0.01589601085466819 170.5
3420 0.0159368698247553 171
3430 0.01598832380467043 171.5
3440 0.01604178166368377 172
3450 0.01609187062935828 172.5
3460 0.01613025518087621 173
3470 0.01615403526006177 173.5
3480 0.0161609373581894 174
3490 0.01615079431528211 174.5
3500 0.01612095582184009 175
3510 0.01605851338868158 175.5
3520 0.01594734104358418 176
3530 0.01577291846974051 176.5
3540 0.01553003578203102 177
3550 0.01523214442963402 177.5
3560 0.01491865846907381 178
3570 0.01462567086761349 178.5
3580 0.01437146896688043 179
3590 0.01415955296801251 179.5
3600 0.01399132371872392 180
3610 0.01386939254617146 180.5
3620 0.01379406289539068 181
3630 0.01375478429208122 181.5
3640 0.01374271039528144 182
3650 0.01375001356017005 182.5
3660 0.01377045181987661 183
3670 0.01380748613150589 183.5
3680 0.01386923244623672 184
3690 0.01396228109534073 184.5
3700 0.01408801757597992 185
3710 0.014237771043135 185.5
3720 0.01440692953603209 186
3730 0.01459526685791879 186.5
3740 0.0147961784258257 187
3750 0.01499629924970654 187.5
3760 0.01518577691425012 188
3770 0.01535435416534763 188.5
3780 0.01549178228244517 189
3790 0.01558468965008004 189.5
3800 0.01562140231099849 190
3810 0.01560656039348531 190.5
3820 0.01555605821786924 191
3830 0.01549741239039369 191.5
3840 0.01546192330109491 192
3850 0.01546859469712197 192.5
3860 0.01552172716639649 193
3870 0.01561693727663156 193.5
3880 0.01574871814886353 194
3890 0.01589793110639059 194.5
3900 0.01603688790249868 195
3910 0.016144168350133 195.5
3920 0.01620085588549267 196
3930 0.01619763348698334 196.5
3940 0.0161507932530039 197
3950 0.01608968219704662 197.5
3960 0.01603862944405805 198
3970 0.0160054662138391 198.5
3980 0.0159871303512091 199
3990 0.01597725290011259 199.5
4000 0.01597343379986845 200
4010 0.01597579582631087 200.5
4020 0.01598423377928438 201
4030 0.01599925603832473 201.5
4040 0.01602302990034999 202
4050 0.01605425246354317 202.5
4060 0.01609166826125061 203
4070 0.01613292939372739 203.5
4080 0.01617281971341242 204
4090 0.01621092959707012 204.5
4100 0.01624819851583954 205
4110 0.0162868228432818 205.5
4120 0.01632641383954092 206
4130 0.01636122044152979 206.5
4140 0.01638292590741112 207
4150 0.01638503323205498 207.5
4160 0.01636126097273311 208
4170 0.01630869041724572 208.5
4180 0.0162317509733193 209
4190 0.01613361153161578 209.5
4200 0.01602125571035991 210
4210 0.01590761554294402 210.5
4220 0.01579942012901769 211
4230 0.01569873224299616 211.5
4240 0.0156129556955701 212
4250 0.01554982624078858 212.5
4260 0.01550977068560229 213
4270 0.01549115668830879 213.5
4280 0.01548534539215309 214
4290 0.01548475924414832 214.5
4300 0.01548744119562994 215
4310 0.01549299269295683 215.5
4320 0.01550910165137912 216
4330 0.01554481550926809 216.5
4340 0.01560993114981259 217
4350 0.01570346447360278 217.5
4360 0.01581912840177837 218
4370 0.01595512412097658 218.5
4380 0.01610791930772028 219
4390 0.01627188797007822 219.5
4400 0.0164441906709966 220
4410 0.01661563229236283 220.5
4420 0.0167764625101984 221
4430 0.01692034730685356 221.5
4440 0.01704056817997181 222
4450 0.01713495283124694 222.5
4460 0.01720495459537744 223
4470 0.01724967298789583 223.5
4480 0.01727398003191749 224
4490 0.01728362409552967 224.5
4500 0.01727767397176146 225
4510 0.01725239860165493 225.5
4520 0.01720788907060145 226
4530 0.01715050179996063 226.5
4540 0.01708743615911557 227
4550 0.01702204649400555 227.5
4560 0.01695752383388241 228
4570 0.01689701008353373 228.5
4580 0.01684149054776633 229
4590 0.01679360375948066 229.5
4600 0.01675683226412923 230
4610 0.01673214514140237 230.5
4620 0.01671721576874884 231
4630 0.01670754248893072 231.5
4640 0.01669803716041728 232
4650 0.01668561539550262 232.5
4660 0.0166652367803923 233
4670 0.01663503401012321 233.5
4680 0.01659758474874651 234
4690 0.01655803366696431 234.5
4700 0.0165225163459085 235
4710 0.01649389211304853 235.5
4720 0.01646944913305535 236
4730 0.01644374651208903 236.5
4740 0.01640854955026625 237
4750 0.01636051425149944 237.5
4760 0.01629559103165343 238
4770 0.01621336813877774 238.5
4780 0.01611800271895463 239
4790 0.01601843503783695 239.5
4800 0.01592162762058479 240
4810 0.01583325876975645 240.5
4820 0.01576128740672858 241
4830 0.01570738980118054 241.5
4840 0.01566640652198548 242
4850 0.01563288741376049 242.5
4860 0.01560444816677189 243
4870 0.01557661816375121 243.5
4880 0.01554320169167769 244
4890 0.01550025066578183 244.5
4900 0.01544693100544065 245
4910 0.01538233795666497 245.5
4920 0.01530481914383827 246
4930 0.01521090151658023 246.5
4940 0.01509939492424901 247
4950 0.01497473659196237 247.5
4960 0.01484240345874315 248
4970 0.01471347502293454 248.5
4980 0.01459901043883052 249
4990 0.0145064537972129 249.5
5000 0.01444013713770422 250
