0 0 0
10 0.08945392629107794 0.5
20 0.09186948143556849 1
30 0.09197894022120556 1.5
40 0.09199812708460356 2
50 0.09201110809018993 2.5
60 0.09208888788805292 3
70 0.09202843866443812 3.5
80 0.09219732445125543 4
90 0.09223904725042409 4.5
100 0.09211462298967417 5
110 0.09208134920933031 5.5
120 0.09213370778628216 6
130 0.09215434151625471 6.5
140 0.09210453297924041 7
150 0.09206371865432246 7.5
160 0.09207068104361361 8
170 0.09206552322627652 8.5
180 0.09204416616125072 9
190 0.09207020452271258 9.5
200 0.09208182909697646 10
210 0.09208429195469026 10.5
220 0.09209455467950967 11
230 0.09211188302827354 11.5
240 0.09235621620814696 12
250 0.09236415472465678 12.5
260 0.09210060213570018 13
270 0.09214386622990738 13.5
280 0.09212397623424882 14
290 0.09212447843413542 14.5
300 0.09233270846401481 15
310 0.09264322580374573 15.5
320 0.09275910905779103 16
330 0.09268504590180081 16.5
340 0.09269141544654404 17
350 0.09217703483681156 17.5
360 0.09218909350995833 18
370 0.09206769541737829 18.5
380 0.09208969194727519 19
390 0.09215547238911828 19.5
400 0.09247713984654277 20
410 0.09266551892755751 20.5
420 0.09215910326268886 21
430 0.09235723012461822 21.5
440 0.09360995440040776 22
450 0.09354227810789185 22.5
460 0.09329692393623631 23
470 0.09314861542942975 23.5
480 0.09312173469512178 24
490 0.09338566484853726 24.5
500 0.0925841986135172 25
510 0.09210723972752925 25.5
520 0.09219883811648596 26
530 0.09212143286723078 26.5
540 0.09210359652461389 27
550 0.09259836018541728 27.5
560 0.09388950877709829 28
570 0.09422357897732596 28.5
580 0.09367360079060283 29
590 0.09246593011556457 29.5
600 0.09212298553653904 30
610 0.09208826450750081 30.5
620 0.09207028645787167 31
630 0.0920717031593911 31.5
640 0.09207153971304088 32
650 0.0920863257148157 32.5
660 0.09211279586760339 33
670 0.09212455132941205 33.5
680 0.0920938078494008 34
690 0.09211778607043715 34.5
700 0.09211256537403938 35
710 0.0920615085026345 35.5
720 0.0920418572865228 36
730 0.09205225554005045 36.5
740 0.09209556232286582 37
750 0.09216618602406905 37.5
760 0.09206023932549631 38
770 0.09205320818903438 38.5
780 0.0920447226562531 39
790 0.0920560641667429 39.5
800 0.09208955492226358 40
810 0.09218321651628007 40.5
820 0.09206317220683249 41
830 0.09209450494095454 41.5
840 0.09213703048460219 42
850 0.09209939043035413 42.5
860 0.09214939757637938 43
870 0.09315613043366049 43.5
880 0.09588285524462381 44
890 0.09576777387966365 44.5
900 0.09247710793925328 45
910 0.09250391967343832 45.5
920 0.09250256638431439 46
930 0.09248189789389077 46.5
940 0.09242987839204529 47
950 0.09237266593779868 47.5
960 0.09231141970215131 48
970 0.09222613877481506 48.5
980 0.09210004201115453 49
990 0.09205556078337497 49.5
1000 0.09204349438591809 50
1010 0.09205741402871787 50.5
1020 0.0920678039459721 51
1030 0.09210305756766687 51.5
1040 0.09215009825861578 52
1050 0.09203980666281046 52.5
1060 0.09204347524539591 53
1070 0.09205882741409384 53.5
1080 0.09221125654675127 54
1090 0.09207541284096735 54.5
1100 0.09209519252555895 55
1110 0.09209437489306507 55.5
1120 0.0920628157187898 56
1130 0.09209925583640841 56.5
1140 0.0921076725604309 57
1150 0.09209879344185901 57.5
1160 0.09215573375946186 58
1170 0.09235650367067706 58.5
1180 0.09249305284294421 59
1190 0.09247618616613822 59.5
1200 0.09238901900942666 60
1210 0.09214404362284205 60.5
1220 0.0921347661225537 61
1230 0.09211264443534173 61.5
1240 0.09209499724022824 62
1250 0.09207183457100658 62.5
1260 0.09206619077746697 63
1270 0.09206364430069477 63.5
1280 0.09206132839344942 64
1290 0.09205817841772641 64.5
1300 0.09205279081692992 65
1310 0.09205367600944331 65.5
1320 0.09211574411036468 66
1330 0.09211571502643046 66.5
1340 0.09209208509437544 67
1350 0.09207611568682476 67.5
1360 0.09206624882072988 68
1370 0.09205555262493967 68.5
1380 0.09205072503672698 69
1390 0.09204096016090257 69.5
1400 0.09202960585055521 70
1410 0.09202839578946352 70.5
1420 0.09203569675880618 71
1430 0.09204174729739231 71.5
1440 0.09204554460083808 72
1450 0.09205630859215559 72.5
1460 0.09207077553623189 73
1470 0.0920872400724939 73.5
1480 0.09210481908685844 74
1490 0.09212116791311983 74.5
1500 0.0921341078435684 75
1510 0.09214542006409179 75.5
1520 0.09215618346035109 76
1530 0.09216983005159674 76.5
1540 0.09219059314635225 77
1550 0.09218410614143843 77.5
1560 0.09206083681609246 78
1570 0.09238470681776739 78.5
1580 0.09254614978664258 79
1590 0.09269157726229516 79.5
1600 0.09278974955247875 80
1610 0.09285896381407817 80.5
1620 0.09215140803934907 81
1630 0.09214302591876114 81.5
1640 0.09213964299476221 82
1650 0.09213531167733247 82.5
1660 0.09212846023943516 83
1670 0.09212420602885343 83.5
1680 0.0924479387638009 84
1690 0.0925160741539563 84.5
1700 0.09246136689612845 85
1710 0.09224008857971028 85.5
1720 0.09208216627181114 86
1730 0.09215446857818228 86.5
1740 0.09218835495384842 87
1750 0.09212846333975687 87.5
1760 0.09214372371886084 88
1770 0.09215952599622572 88.5
1780 0.09217066608668538 89
1790 0.09217424142498137 89.5
1800 0.09238275730043094 90
1810 0.09213607214204808 90.5
1820 0.09210650470815858 91
1830 0.09210009300816172 91.5
1840 0.09207905939490085 92
1850 0.09205914817213488 92.5
1860 0.09204985813713834 93
1870 0.09208869425011899 93.5
1880 0.09209325871866493 94
1890 0.09215371266927756 94.5
1900 0.09213028038952223 95
1910 0.09331878938337254 95.5
1920 0.09402835717200975 96
1930 0.09208605007077759 96.5
1940 0.09209599520395877 97
1950 0.09206894796802124 97.5
1960 0.09205381059042954 98
1970 0.0920409297633305 98.5
1980 0.09207515930294576 99
1990 0.09211668567317347 99.5
2000 0.09216819555792632 100
2010 0.09223310688866697 100.5
2020 0.09223982226180977 101
2030 0.09229317731673009 101.5
2040 0.0921997583272394 102
2050 0.09209296677627644 102.5
2060 0.09210280151287639 103
2070 0.09214003592539925 103.5
2080 0.09216909513678732 104
2090 0.09218397300838342 104.5
2100 0.09218562781454429 105
2110 0.0921790604857206 105.5
2120 0.09216935008038095 106
2130 0.09225707809033204 106.5
2140 0.09230572680478334 107
2150 0.09229210808996707 107.5
2160 0.09225056892539539 108
2170 0.09219811556024007 108.5
2180 0.09217427913794828 109
2190 0.0921758063479078 109.5
2200 0.09218026476621514 110
2210 0.09217589467052228 110.5
2220 0.09216282564552974 111
2230 0.09215277874387792 111.5
2240 0.09213703812851184 112
2250 0.09211489743794425 112.5
2260 0.0920328075647551 113
2270 0.0920327726932859 113.5
2280 0.09204689430948984 114
2290 0.09206254472970649 114.5
2300 0.09208061653245582 115
2310 0.0920985892083265 115.5
2320 0.09211019577102884 116
2330 0.0920774650284067 116.5
2340 0.09206235655703028 117
2350 0.09206494079491823 117.5
2360 0.09206078544982031 118
2370 0.09206827892930326 118.5
2380 0.09207227739705602 119
2390 0.09214253274901306 119.5
2400 0.09230662653825766 120
2410 0.09231030080185089 120.5
2420 0.09215543497166424 121
2430 0.09212806020703503 121.5
2440 0.09208198081200877 122
2450 0.09209115115620646 122.5
2460 0.09209655135709265 123
2470 0.09210184444284707 123.5
2480 0.09220434016259732 124
2490 0.09214369069092135 124.5
2500 0.09215401195960453 125
2510 0.09206302273407709 125.5
2520 0.09204472381543172 126
2530 0.09206054519994598 126.5
2540 0.0920601726253535 127
2550 0.09211155682583824 127.5
2560 0.09299293165337692 128
2570 0.0936988836818808 128.5
2580 0.09349401553507292 129
2590 0.09240069537625618 129.5
2600 0.09209827055730906 130
2610 0.09210645637069623 130.5
2620 0.09208329540072915 131
2630 0.09206350029614582 131.5
2640 0.09205443343004117 132
2650 0.09207277331219632 132.5
2660 0.09211663617517062 133
2670 0.09213652564284369 133.5
2680 0.09208271645899477 134
2690 0.0920824797032898 134.5
2700 0.09207977990745139 135
2710 0.09207082929271272 135.5
2720 0.09205141987308514 136
2730 0.0920556244443179 136.5
2740 0.09205136673646379 137
2750 0.09205406669192918 137.5
2760 0.09206202672738908 138
2770 0.09206410327257716 138.5
2780 0.09207038807025315 139
2790 0.09234517799402636 139.5
2800 0.09315337480695801 140
2810 0.09207077877451607 140.5
2820 0.09209582371290978 141
2830 0.09213072089736996 141.5
2840 0.0937980420288895 142
2850 0.09314977766939599 142.5
2860 0.09209795612878315 143
2870 0.09204676873561023 143.5
2880 0.09205065499263837 144
2890 0.09210199270137753 144.5
2900 0.09215396570589968 145
2910 0.09215030908625059 145.5
2920 0.0921026101655051 146
2930 0.09211030508179807 146.5
2940 0.09218597982594334 147
2950 0.09221829097017911 147.5
2960 0.09222109158619796 148
2970 0.0922029042054506 148.5
2980 0.09216146870116669 149
2990 0.09213352542551249 149.5
3000 0.09217195113331375 150
3010 0.09224522802400045 150.5
3020 0.09213230907357346 151
3030 0.0921334128378562 151.5
3040 0.09213565854183434 152
3050 0.09216080489499441 152.5
3060 0.09221577242594621 153
3070 0.09230780078536058 153.5
3080 0.09233402728638146 154
3090 0.09228256427920367 154.5
3100 0.09233356676087484 155
3110 0.09226921901638671 155.5
3120 0.09219708746206529 156
3130 0.09214645327888162 156.5
3140 0.09212169462559304 157
3150 0.09370367457933615 157.5
3160 0.09430191573289576 158
3170 0.09445545934981381 158.5
3180 0.09451311860604959 159
3190 0.09457391405133277 159.5
3200 0.09483056217180018 160
3210 0.09514792815255516 160.5
3220 0.09338186982567884 161
3230 0.09208864087588071 161.5
3240 0.09212573048850731 162
3250 0.09212659089214791 162.5
3260 0.0922748605060761 163
3270 0.09335922066684813 163.5
3280 0.09415504559998344 164
3290 0.0936112946537651 164.5
3300 0.09304861178993264 165
3310 0.09216244287795006 165.5
3320 0.09216709151618915 166
3330 0.0921609168920739 166.5
3340 0.09219771053113254 167
3350 0.09222761981566376 167.5
3360 0.09224114351371704 168
3370 0.09222564659775197 168.5
3380 0.09218766007609232 169
3390 0.09213445702713331 169.5
3400 0.09209842948487283 170
3410 0.09211571420158356 170.5
3420 0.09213943308044632 171
3430 0.09215953329290329 171.5
3440 0.09217606749380347 172
3450 0.09217919085791468 172.5
3460 0.09216428601968729 173
3470 0.09214066164576437 173.5
3480 0.09219105952740163 174
3490 0.09224518029957136 174.5
3500 0.09222236121977075 175
3510 0.0920836782913437 175.5
3520 0.0920857712727557 176
3530 0.09209189938667378 176.5
3540 0.09214003537524744 177
3550 0.09216465486708741 177.5
3560 0.09215834733128897 178
3570 0.09213269003345606 178.5
3580 0.09211169859386924 179
3590 0.09210004334225801 179.5
3600 0.09209098276711854 180
3610 0.09208779724042548 180.5
3620 0.09209431378971467 181
3630 0.0920803129403175 181.5
3640 0.09206545813788825 182
3650 0.09205599196975404 182.5
3660 0.0920566729928402 183
3670 0.09206492541176001 183.5
3680 0.09205703367928134 184
3690 0.09208220530643589 184.5
3700 0.09205601675356505 185
3710 0.09205547692673159 185.5
3720 0.09205540234459252 186
3730 0.0920556850782048 186.5
3740 0.09205601761017101 187
3750 0.09205619906889648 187.5
3760 0.09205575691949465 188
3770 0.09205323894529256 188.5
3780 0.09205302809495744 189
3790 0.09205082470285329 189.5
3800 0.09205925756251272 190
3810 0.09211125147675686 190.5
3820 0.09218881874579142 191
3830 0.0922832474334838 191.5
3840 0.09238897619985456 192
3850 0.09250867763911935 192.5
3860 0.09262678806783604 193
3870 0.09270779587153337 193.5
3880 0.09274131332695805 194
3890 0.0927333156837714 194.5
3900 0.09264383665905714 195
3910 0.09253705605843872 195.5
3920 0.09253774093929053 196
3930 0.09260495167553043 196.5
3940 0.09266922465390889 197
3950 0.0926934698491636 197.5
3960 0.09273260241125289 198
3970 0.09276282620620255 198.5
3980 0.09278299848006777 199
3990 0.0928102963456678 199.5
4000 0.09285468449000937 200
4010 0.09291839052252847 200.5
4020 0.09298873795203859 201
4030 0.09305296654977849 201.5
4040 0.09310410550794557 202
4050 0.09312065026958383 202.5
4060 0.09309225665947339 203
4070 0.09301867682956572 203.5
4080 0.09289070738012258 204
4090 0.09271958083189379 204.5
4100 0.09255881891842876 205
4110 0.09240367850253396 205.5
4120 0.09224801173595415 206
4130 0.092112159257961 206.5
4140 0.09211699856888136 207
4150 0.09210512153750988 207.5
4160 0.09210594778421345 208
4170 0.0921415679074352 208.5
4180 0.09217335012493547 209
4190 0.09217146974789209 209.5
4200 0.0921224057152754 210
4210 0.09214123966637031 210.5
4220 0.09218328652911827 211
4230 0.09219089485457298 211.5
4240 0.09215703184877914 212
4250 0.0920904345871266 212.5
4260 0.09204986959823108 213
4270 0.09205450278027198 213.5
4280 0.09205761419571797 214
4290 0.09209747931568837 214.5
4300 0.09205639056120127 215
4310 0.09203502288241426 215.5
4320 0.09204011550524376 216
4330 0.09204513004744842 216.5
4340 0.09206469512483738 217
4350 0.09208149393107055 217.5
4360 0.09210612448219091 218
4370 0.09210309032385051 218.5
4380 0.09209339949957435 219
4390 0.09207694834327729 219.5
4400 0.09209406990638168 220
4410 0.09216662064564182 220.5
4420 0.0921803134003846 221
4430 0.0921547379401937 221.5
4440 0.09213931095751973 222
4450 0.09210978227058651 222.5
4460 0.09210474543356996 223
4470 0.0921239391503836 223.5
4480 0.09222145350264266 224
4490 0.0928632381307514 224.5
4500 0.09301072040223478 225
4510 0.09235443045159772 225.5
4520 0.09207873659151669 226
4530 0.09207085086218536 226.5
4540 0.09206791826921357 227
4550 0.09207184424239712 227.5
4560 0.09216112163457101 228
4570 0.09225791644032119 228.5
4580 0.09247437358249741 229
4590 0.09249883073234134 229.5
4600 0.09243321022187515 230
4610 0.09241211666024156 230.5
4620 0.0924105555450437 231
4630 0.0924268614163528 231.5
4640 0.0924635548940145 232
4650 0.09252601669090089 232.5
4660 0.0925941049947934 233
4670 0.09258035416164612 233.5
4680 0.09248077303899402 234
4690 0.09247325936773904 234.5
4700 0.09245755429320814 235
4710 0.09243618509123994 235.5
4720 0.09240998792805277 236
4730 0.09237749866731741 236.5
4740 0.09233873996732482 237
4750 0.09237225423292876 237.5
4760 0.09248074528797542 238
4770 0.09256990803095476 238.5
4780 0.09259651132977732 239
4790 0.0925931092926178 239.5
4800 0.09261547980191723 240
4810 0.0926544711929079 240.5
4820 0.09223063947102542 241
4830 0.09212190526396367 241.5
4840 0.09217957632994106 242
4850 0.09222120846513303 242.5
4860 0.09223668635294406 243
4870 0.09222758883541168 243.5
4880 0.09220591508114158 244
4890 0.09218384986225452 244.5
4900 0.09216833422711783 245
4910 0.0921621481880469 245.5
4920 0.09216141445259182 246
4930 0.09215507392352039 246.5
4940 0.09213935147465363 247
4950 0.09210660105637015 247.5
4960 0.09209533338967062 248
4970 0.09213540898939475 248.5
4980 0.09278820011648733 249
4990 0.09426723430934809 249.5
5000 0.09501139283306367 250
