0 0 0
10 3.019258015204882e-46 0.5
20 1.345515804719393e-39 1
30 1.38158210769638e-37 1.5
40 1.525231148904015e-36 2
50 3.396382097561222e-38 2.5
60 9.627599632661335e-34 3
70 6.820912389773299e-33 3.5
80 3.68601601797453e-32 4
90 1.00477856993501e-26 4.5
100 1.412201582517475e-24 5
110 1.18205389555366e-22 5.5
120 1.529012969351372e-21 6
130 3.502400658539636e-21 6.5
140 4.49743448292174e-20 7
150 3.725247466622516e-19 7.5
160 1.943213319853651e-18 8
170 9.666053243828987e-18 8.5
180 3.068155222427921e-17 9
190 8.097719735384529e-17 9.5
200 1.527873764071784e-16 10
210 4.742174632806644e-16 10.5
220 1.747871702915665e-15 11
230 6.465707212469835e-15 11.5
240 1.839479038353943e-14 12
250 4.363105145910214e-14 12.5
260 9.028389043244339e-14 13
270 1.692781762576651e-13 13.5
280 3.045989969110118e-13 14
290 5.814219035919917e-13 14.5
300 1.288665270626475e-12 15
310 3.313755384605786e-12 15.5
320 8.374071748035167e-12 16
330 2.136475376518045e-11 16.5
340 5.321045493378119e-11 17
350 1.393253599045598e-10 17.5
360 4.026264069498894e-10 18
370 1.281397988607647e-09 18.5
380 4.284964639626783e-09 19
390 1.392201734580607e-08 19.5
400 4.234048576639104e-08 20
410 1.16567697421616e-07 20.5
420 2.890121244383296e-07 21
430 6.43004790203891e-07 21.5
440 1.297713239732175e-06 22
450 2.404382059004104e-06 22.5
460 4.158634783549613e-06 23
470 6.763671914562119e-06 23.5
480 1.043495510938504e-05 24
490 1.54259215744243e-05 24.5
500 2.203800054899938e-05 25
510 3.061729283152727e-05 25.5
520 4.161192467390212e-05 26
530 5.561563165801889e-05 26.5
540 7.340785131801154e-05 27
550 9.592075140534335e-05 27.5
560 0.0001240022409427858 28
570 0.0001581056987901065 28.5
580 0.0001979611745358995 29
590 0.0002426540559298883 29.5
600 0.0002905655481760451 30
610 0.0003399059075795994 30.5
620 0.0003894090549548812 31
630 0.0004386159663997473 31.5
640 0.0004874961685206062 32
650 0.0005359254900475712 32.5
660 0.0005836799967097308 33
670 0.0006307731708916285 33.5
680 0.0006772323091368393 34
690 0.0007231875916727988 34.5
700 0.0007690747259667211 35
710 0.0008150514827769836 35.5
720 0.0008616626417474619 36
730 0.0009098484283627572 36.5
740 0.0009600161541674597 37
750 0.001012412263088703 37.5
760 0.00106715393143057 38
770 0.001124131994067714 38.5
780 0.00118261445736042 39
790 0.001241896491282521 39.5
800 0.00130120212959461 40
810 0.001359732389345722 40.5
820 0.001416779298208659 41
830 0.001471501740430145 41.5
840 0.001523425396140855 42
850 0.001572229168156139 42.5
860 0.001617787183066097 43
870 0.001659729870268269 43.5
880 0.001697859099809646 44
890 0.001732171359212506 44.5
900 0.001762536051388481 45
910 0.001788914540729488 45.5
920 0.001811612608325279 46
930 0.001831172531940676 46.5
940 0.001848245302476094 47
950 0.001863102783085975 47.5
960 0.001875927801851418 48
970 0.001887222029642352 48.5
980 0.001897216549177697 49
990 0.001905918420038772 49.5
1000 0.001914165052043565 50
1010 0.001922396898083619 50.5
1020 0.001931409465926848 51
1030 0.001942426832341715 51.5
1040 0.001956050667934822 52
1050 0.001972971936870423 52.5
1060 0.001993705536106597 53
1070 0.002018039431219315 53.5
1080 0.002045778699641091 54
1090 0.002076593887970731 54.5
1100 0.002110458378420082 55
1110 0.002146719434056922 55.5
1120 0.002186100729852169 56
1130 0.002229455739946488 56.5
1140 0.002276943867130017 57
1150 0.002328107170353079 57.5
1160 0.002381419963920896 58
1170 0.002435649789299137 58.5
1180 0.002489507445614585 59
1190 0.002541222255978122 59.5
1200 0.002589247325449483 60
1210 0.002632524332199103 60.5
1220 0.002670218464771691 61
1230 0.002702337328699832 61.5
1240 0.002728357312135011 62
1250 0.002747611028058188 62.5
1260 0.002759836557453681 63
1270 0.002765133746897146 63.5
1280 0.002764325503008174 64
1290 0.002758697248817382 64.5
1300 0.002749848607182224 65
1310 0.002739318290369084 65.5
1320 0.002727851936367721 66
1330 0.002716645791641502 66.5
1340 0.002707079753969072 67
1350 0.002699727940603758 67.5
1360 0.002694237597283834 68
1370 0.002690116823470118 68.5
1380 0.002686744497352007 69
1390 0.002683329452954973 69.5
1400 0.002679565061677341 70
1410 0.002675006191201706 70.5
1420 0.002669267615797068 71
1430 0.002662480000200342 71.5
1440 0.002655074709920991 72
1450 0.002648596704388292 72.5
1460 0.002644242792353782 73
1470 0.00264273888074187 73.5
1480 0.002644104895405046 74
1490 0.002647189515475494 74.5
1500 0.002650942058051256 75
1510 0.002654777110051366 75.5
1520 0.002658249732570303 76
1530 0.002660856696057514 76.5
1540 0.002662492575220324 77
1550 0.00266338627562456 77.5
1560 0.002663576442097632 78
1570 0.002663034858892811 78.5
1580 0.002662039823377498 79
1590 0.002661320062913892 79.5
1600 0.002661102776500249 80
1610 0.002661252804499623 80.5
1620 0.002661531993231713 81
1630 0.002661901268278845 81.5
1640 0.002662486851553481 82
1650 0.002663265093729837 82.5
1660 0.002664416594774456 83
1670 0.002666174644504437 83.5
1680 0.00266917056537164 84
1690 0.002673710108722672 84.5
1700 0.002680008895930387 85
1710 0.002687967836514869 85.5
1720 0.002697349745190163 86
1730 0.002707905479959794 86.5
1740 0.002719384199246078 87
1750 0.002731760492738622 87.5
1760 0.002744966146674484 88
1770 0.00275882766388992 88.5
1780 0.002773111248008178 89
1790 0.002787455079364466 89.5
1800 0.002801514902210242 90
1810 0.002815155796113611 90.5
1820 0.002828267416075132 91
1830 0.002840638765059776 91.5
1840 0.002852083222582603 92
1850 0.002862368930234051 92.5
1860 0.002871208680486687 93
1870 0.002878476177137394 93.5
1880 0.00288431405191758 94
1890 0.002888998736173179 94.5
1900 0.002892784713693831 95
1910 0.002895810411555806 95.5
1920 0.002898361001683035 96
1930 0.002900581287193142 96.5
1940 0.002902478210225603 97
1950 0.002903988375010538 97.5
1960 0.002905077323479481 98
1970 0.002905636713609388 98.5
1980 0.002905578762871652 99
1990 0.002904887444386317 99.5
2000 0.002903513840523999 100
2010 0.002901435818161023 100.5
2020 0.002898538675222431 101
2030 0.002894713311294752 101.5
2040 0.002889864933302399 102
2050 0.002883724143498826 102.5
2060 0.002876116797911095 103
2070 0.002867102825869526 103.5
2080 0.002856750160681741 104
2090 0.002845172682152407 104.5
2100 0.002832449154795018 105
2110 0.002818657480344308 105.5
2120 0.002803850075130722 106
2130 0.002788107225715165 106.5
2140 0.002771390154441185 107
2150 0.00275366125603038 107.5
2160 0.002734731813348486 108
2170 0.002714472140822731 108.5
2180 0.002692992434982544 109
2190 0.002670476473500801 109.5
2200 0.002647259846298769 110
2210 0.002623722319844715 110.5
2220 0.002600655832752069 111
2230 0.002578729064564451 111.5
2240 0.002558355638961159 112
2250 0.002540043920337701 112.5
2260 0.002524384929833349 113
2270 0.002512361080525576 113.5
2280 0.002504804763019308 114
2290 0.002502258965445007 114.5
2300 0.002504991561962785 115
2310 0.002513005633532833 115.5
2320 0.002526010724897439 116
2330 0.00254348832874054 116.5
2340 0.002565330496645948 117
2350 0.002591538153347517 117.5
2360 0.002622328801316197 118
2370 0.002658010692193532 118.5
2380 0.002698152517935782 119
2390 0.00274212350875496 119.5
2400 0.002787746061766522 120
2410 0.002832323886192915 120.5
2420 0.002873556087035594 121
2430 0.002910549497697667 121.5
2440 0.002941479825817981 122
2450 0.002965079609737505 122.5
2460 0.002980919256561982 123
2470 0.002990040361501094 123.5
2480 0.002993061186250031 124
2490 0.002990445840575171 124.5
2500 0.002982142102261826 125
2510 0.00296789160770745 125.5
2520 0.002948393083705191 126
2530 0.002923089938221715 126.5
2540 0.002893270897340619 127
2550 0.002861240650769228 127.5
2560 0.002829820222209433 128
2570 0.002800657352370178 128.5
2580 0.002773736284107102 129
2590 0.002748629388822251 129.5
2600 0.00272556287504902 130
2610 0.002705491486066549 130.5
2620 0.002689440225781717 131
2630 0.002679021141993306 131.5
2640 0.002674466817486849 132
2650 0.002675610496896571 132.5
2660 0.002681464122492323 133
2670 0.002691079286971126 133.5
2680 0.002702834591070972 134
2690 0.002714725504634506 134.5
2700 0.002725147265385203 135
2710 0.002732888266164062 135.5
2720 0.002737405052710684 136
2730 0.002738804746529555 136.5
2740 0.002737383163493859 137
2750 0.002734425772898538 137.5
2760 0.002730112319198048 138
2770 0.002725438240735972 138.5
2780 0.002720877622431528 139
2790 0.002716193674986245 139.5
2800 0.002711716857609693 140
2810 0.002708307229024781 140.5
2820 0.002706495141489578 141
2830 0.002707301958609062 141.5
2840 0.002711527662058126 142
2850 0.002719092575703768 142.5
2860 0.002729264537213511 143
2870 0.002740941835218542 143.5
2880 0.002753195279805677 144
2890 0.002765298366179454 144.5
2900 0.002776736214551199 145
2910 0.002787338829347561 145.5
2920 0.002797688571943718 146
2930 0.002808784624947214 146.5
2940 0.002821504980209922 147
2950 0.002836319706424748 147.5
2960 0.002853180329777886 148
2970 0.002871472923934453 148.5
2980 0.002889955405292332 149
2990 0.002907239810688782 149.5
3000 0.002922132053115723 150
3010 0.002933708455262846 150.5
3020 0.002941493409217962 151
3030 0.002945025989835896 151.5
3040 0.002943785250354732 152
3050 0.002936866299557994 152.5
3060 0.002923397521838957 153
3070 0.002902480550665357 153.5
3080 0.002873288048467773 154
3090 0.002838332070305699 154.5
3100 0.00280122145172707 155
3110 0.002765738660901866 155.5
3120 0.002734281702865029 156
3130 0.002707897901051503 156.5
3140 0.002687967965464959 157
3150 0.002676196902054315 157.5
3160 0.002671650038043927 158
3170 0.002673137014279104 158.5
3180 0.002681638470048844 159
3190 0.002695929431159007 159.5
3200 0.002714681117412114 160
3210 0.002736146490041613 160.5
3220 0.00275722241585358 161
3230 0.002776611587203335 161.5
3240 0.002793708581188077 162
3250 0.002809792084180548 162.5
3260 0.002826559609896509 163
3270 0.002847701051491954 163.5
3280 0.002874655799503399 164
3290 0.002907913320700843 164.5
3300 0.002946102012189536 165
3310 0.002987507264139503 165.5
3320 0.003030060738827524 166
3330 0.003073026103190128 166.5
3340 0.003115133975946338 167
3350 0.003154965214566691 167.5
3360 0.003192089003146711 168
3370 0.003227393020866104 168.5
3380 0.003261976066564434 169
3390 0.003296128405033487 169.5
3400 0.003330161306609207 170
3410 0.003364340774607035 170.5
3420 0.003398387356146832 171
3430 0.003431679648060753 171.5
3440 0.003463771508810573 172
3450 0.003493989008000959 172.5
3460 0.003521623450960837 173
3470 0.003545539095489853 173.5
3480 0.003565267960996263 174
3490 0.003581114686627098 174.5
3500 0.003593557703068522 175
3510 0.00360261646747107 175.5
3520 0.003608823741670952 176
3530 0.003613192881778478 176.5
3540 0.00361646493848215 177
3550 0.003619481688380254 177.5
3560 0.00362300320822445 178
3570 0.003627963224352635 178.5
3580 0.003635586422838524 179
3590 0.003646998687600377 179.5
3600 0.003662338036142743 180
3610 0.003681331227570861 180.5
3620 0.00370341810335308 181
3630 0.003727585146154162 181.5
3640 0.003752503025418324 182
3650 0.003776651491530307 182.5
3660 0.003798783256959997 183
3670 0.003818195313932719 183.5
3680 0.003834986051968779 184
3690 0.003849398903129519 184.5
3700 0.00386216503308394 185
3710 0.003872766503081286 185.5
3720 0.003880826012085466 186
3730 0.003886187258471734 186.5
3740 0.003889168289724675 187
3750 0.003890304085287912 187.5
3760 0.003889696726306709 188
3770 0.00388736295606559 188.5
3780 0.003883242531699659 189
3790 0.003877014387032897 189.5
3800 0.003867646539690554 190
3810 0.003854646574782373 190.5
3820 0.00383806422429262 191
3830 0.00381784350268797 191.5
3840 0.003794707448797868 192
3850 0.003769551959189638 192.5
3860 0.003743181215196574 193
3870 0.003716806038894535 193.5
3880 0.003691395114224995 194
3890 0.003667640544105582 194.5
3900 0.003645778918737272 195
3910 0.003626032790184865 195.5
3920 0.00360837928753753 196
3930 0.003592905033381845 196.5
3940 0.003579566184712999 197
3950 0.003568026768909633 197.5
3960 0.003557837496641321 198
3970 0.003548431495727412 198.5
3980 0.003539496004664277 199
3990 0.003530413114222994 199.5
4000 0.003520700779481278 200
4010 0.003509999169251818 200.5
4020 0.003498332567480493 201
4030 0.003485901246847081 201.5
4040 0.003473164148704808 202
4050 0.003460102543394384 202.5
4060 0.003446764257707383 203
4070 0.00343298103145465 203.5
4080 0.003418656739271655 204
4090 0.003403924629110654 204.5
4100 0.00338918168692038 205
4110 0.003374922917547369 205.5
4120 0.003361745738755559 206
4130 0.003350419135744883 206.5
4140 0.003341606596067048 207
4150 0.00333617699977462 207.5
4160 0.003334729619260618 208
4170 0.003338041558936933 208.5
4180 0.003346287333463599 209
4190 0.003359342904703916 209.5
4200 0.003375989586230475 210
4210 0.003394672491321924 210.5
4220 0.003413671977222222 211
4230 0.003431833929878898 211.5
4240 0.003448716049867731 212
4250 0.003464319656637458 212.5
4260 0.003478337961399615 213
4270 0.003490728421822028 213.5
4280 0.00350110715935295 214
4290 0.003509089030863878 214.5
4300 0.003514129716434781 215
4310 0.003514940886133146 215.5
4320 0.003510746129590001 216
4330 0.003501120210058544 216.5
4340 0.003485983480686909 217
4350 0.003465333994617199 217.5
4360 0.00343986204920641 218
4370 0.003410359758993566 218.5
4380 0.003377795992585237 219
4390 0.003342752945803566 219.5
4400 0.003305583622895854 220
4410 0.003266825718327819 220.5
4420 0.003226913368760152 221
4430 0.003186471427618066 221.5
4440 0.00314631358754783 222
4450 0.00310703733550728 222.5
4460 0.003069302570192928 223
4470 0.003033656208409237 223.5
4480 0.003000751065734228 224
4490 0.002971546248178319 224.5
4500 0.002947072784349522 225
4510 0.002928056794573807 225.5
4520 0.002915278772778358 226
4530 0.00290918853021336 226.5
4540 0.002910006042202686 227
4550 0.002917291728164622 227.5
4560 0.002929386319515849 228
4570 0.002945109399873079 228.5
4580 0.002962688962546722 229
4590 0.002980170769241235 229.5
4600 0.002996299007764916 230
4610 0.003010707867907551 230.5
4620 0.00302201318610001 231
4630 0.003029670296529154 231.5
4640 0.003032496989345317 232
4650 0.003031120884223505 232.5
4660 0.003027654106041087 233
4670 0.003023027162250193 233.5
4680 0.003016088433915894 234
4690 0.003006486527354084 234.5
4700 0.002993302058209324 235
4710 0.00297617656436376 235.5
4720 0.002956273040833821 236
4730 0.002935210545394013 236.5
4740 0.002914548708502488 237
4750 0.00289622512596574 237.5
4760 0.002881876262992328 238
4770 0.002870985238039138 238.5
4780 0.002862451019620198 239
4790 0.002855989152752635 239.5
4800 0.002851429981883074 240
4810 0.002848229001304186 240.5
4820 0.002845824613692574 241
4830 0.00284546635513432 241.5
4840 0.002848082601942396 242
4850 0.00285314012240738 242.5
4860 0.002859075643465138 243
4870 0.002865937841771818 243.5
4880 0.002873315337313899 244
4890 0.002880418582581991 244.5
4900 0.002886786228601041 245
4910 0.002892525215418915 245.5
4920 0.002898019993133171 246
4930 0.002903731426926212 246.5
4940 0.002909602634995968 247
4950 0.002915960042539756 247.5
4960 0.002922970136063925 248
4970 0.002930653043966638 248.5
4980 0.002939195116945401 249
4990 0.00294843361689661 249.5
5000 0.002957745903075231 250
