0 0 0
10 7.76553161510695e-46 0.5
20 3.460666649738274e-39 1
30 3.553429180995087e-37 1.5
40 3.922894514981123e-36 2
50 8.735494754927453e-38 2.5
60 2.476218625520493e-33 3
70 1.754338666649691e-32 3.5
80 9.480433198230482e-32 4
90 2.584290481872844e-26 4.5
100 3.632182470234943e-24 5
110 3.04024261936401e-22 5.5
120 3.932621357171725e-21 6
130 9.008174493763935e-21 6.5
140 1.15674014900747e-19 7
150 9.581336484153102e-19 7.5
160 4.997944658663585e-18 8
170 2.486108894312813e-17 8.5
180 7.891295232084604e-17 9
190 2.082733515940899e-16 9.5
200 3.929691321192625e-16 10
210 1.219687315557868e-15 10.5
220 4.495526019899085e-15 11
230 1.66297989504724e-14 11.5
240 4.731140086646336e-14 12
250 1.122190643528106e-13 12.5
260 2.322101661922442e-13 13
270 4.353834693347142e-13 13.5
280 7.834286200551216e-13 14
290 1.495417136038601e-12 14.5
300 3.31444707605129e-12 15
310 8.522978849206074e-12 15.5
320 2.153811253594643e-11 16
330 5.495014668404407e-11 16.5
340 1.368572900896851e-10 17
350 3.583448256745273e-10 17.5
360 1.035555118675115e-09 18
370 3.295755626698866e-09 18.5
380 1.102092905312008e-08 19
390 3.580742861341316e-08 19.5
400 1.088997293911576e-07 20
410 2.998121177683959e-07 20.5
420 7.433391840553829e-07 21
430 1.653808320404406e-06 21.5
440 3.337718452591151e-06 22
450 6.184070655758549e-06 22.5
460 1.06960086632896e-05 23
470 1.739616416425375e-05 23.5
480 2.683870454133831e-05 24
490 3.967547028941926e-05 24.5
500 5.668173741202635e-05 25
510 7.874767716268806e-05 25.5
520 0.0001070258702612761 26
530 0.0001430434046244244 26.5
540 0.0001888049935899255 27
550 0.0002467081726145428 27.5
560 0.0003189337637048447 28
570 0.0004066478572881536 28.5
580 0.000509156140906333 29
590 0.0006241062318516721 29.5
600 0.0007473345899087872 30
610 0.0008742379942947287 30.5
620 0.001001560089343953 31
630 0.001128120265580149 31.5
640 0.001253840145434998 32
650 0.001378400360402352 32.5
660 0.001501224951537426 33
670 0.001622348595533267 33.5
680 0.001741841499099949 34
690 0.001860038485782436 34.5
700 0.001978060195186405 35
710 0.0020963124137024 35.5
720 0.00221619631457447 36
730 0.002340130157749009 36.5
740 0.002469161548518704 37
750 0.002603924340664142 37.5
760 0.002744719911639423 38
770 0.002891267488742157 38.5
780 0.003041684384330996 39
790 0.003194157775578642 39.5
800 0.003346691877317333 40
810 0.003497231705397193 40.5
820 0.003643956354992666 41
830 0.003784702476386329 41.5
840 0.003918250118874274 42
850 0.004043773420497585 42.5
860 0.004160948634845997 43
870 0.004268825226329983 43.5
880 0.004366893604710404 44
890 0.00445514473589456 44.5
900 0.00453324272417117 45
910 0.004601088198756238 45.5
920 0.004659467628612614 46
930 0.004709775752151414 46.5
940 0.00475368691796851 47
950 0.004791900358097123 47.5
960 0.004824886306361843 48
970 0.004853935060240126 48.5
980 0.004879640964485033 49
990 0.004902022176339718 49.5
1000 0.004923232513856045 50
1010 0.004944404821871063 50.5
1020 0.004967585146363849 51
1030 0.004995921812782887 51.5
1040 0.005030962317928357 52
1050 0.005074483821630723 52.5
1060 0.005127810638866162 53
1070 0.005190397417096072 53.5
1080 0.005261742815476879 54
1090 0.005340999479860715 54.5
1100 0.005428098949296445 55
1110 0.005521362384394398 55.5
1120 0.005622651077179774 56
1130 0.00573416016314236 56.5
1140 0.005856299626258398 57
1150 0.005987891642148114 57.5
1160 0.006125012147204538 58
1170 0.006264491258077374 58.5
1180 0.006403013150120707 59
1190 0.006536023642375722 59.5
1200 0.006659544121056063 60
1210 0.006770852582416085 60.5
1220 0.006867801891392781 61
1230 0.00695041160941596 61.5
1240 0.00701733500681124 62
1250 0.007066855564165652 62.5
1260 0.007098299625770861 63
1270 0.007111923997019454 63.5
1280 0.007109845193737015 64
1290 0.007095369323958298 64.5
1300 0.007072610617672673 65
1310 0.007045526642829276 65.5
1320 0.007016035180337772 66
1330 0.006987212976101935 66.5
1340 0.006962609127208446 67
1350 0.006943700263232858 67.5
1360 0.006929579100214014 68
1370 0.006918980469965137 68.5
1380 0.006910306847189355 69
1390 0.006901523353000184 69.5
1400 0.006891841338634114 70
1410 0.00688011592377078 70.5
1420 0.006865356307830051 71
1430 0.006847898560515274 71.5
1440 0.006828852153916782 72
1450 0.006812190723686679 72.5
1460 0.00680099246193392 73
1470 0.006797124401268083 73.5
1480 0.006800637790981771 74
1490 0.006808571433802963 74.5
1500 0.006818222973307823 75
1510 0.006828086727052107 75.5
1520 0.006837018312170811 76
1530 0.006843723422259919 76.5
1540 0.006847930903466667 77
1550 0.006850229500906361 77.5
1560 0.006850718609075102 78
1570 0.006849325657072304 78.5
1580 0.006846766425726917 79
1590 0.006844915201814524 79.5
1600 0.006844356341158635 80
1610 0.006844742213173024 80.5
1620 0.00684546028659196 81
1630 0.006846410062013183 81.5
1640 0.006847916182195546 82
1650 0.006849917821073134 82.5
1660 0.006852879481759895 83
1670 0.006857401185665405 83.5
1680 0.006865106694135851 84
1690 0.006876782399634705 84.5
1700 0.006892982880332949 85
1710 0.006913453275516236 85.5
1720 0.006937583544629093 86
1730 0.006964732894456584 86.5
1740 0.006994256160460904 87
1750 0.007026087987323729 87.5
1760 0.007060052929246765 88
1770 0.007095704751524866 88.5
1780 0.007132442129877028 89
1790 0.007169334464125399 89.5
1800 0.007205496328484736 90
1810 0.007240580707604199 90.5
1820 0.007274303794145232 91
1830 0.007306122903733736 91.5
1840 0.007335558048482448 92
1850 0.007362012888561972 92.5
1860 0.00738474872621175 93
1870 0.00740344072759737 93.5
1880 0.007418455741532009 94
1890 0.007430504749437409 94.5
1900 0.007440242283620525 95
1910 0.007448024378521526 95.5
1920 0.007454584496328758 96
1930 0.007460295070660754 96.5
1940 0.007465173956700244 97
1950 0.007469058100527096 97.5
1960 0.007471858875989218 98
1970 0.007473297627403338 98.5
1980 0.007473148578105882 99
1990 0.007471370506961601 99.5
2000 0.007467837597827718 100
2010 0.007462492924310144 100.5
2020 0.007455041472672085 101
2030 0.007445202636650095 101.5
2040 0.007432732608453762 102
2050 0.007416938497078973 102.5
2060 0.007397372404227328 103
2070 0.007374188468136414 103.5
2080 0.007347561413273431 104
2090 0.007317784138495982 104.5
2100 0.007285059226132778 105
2110 0.007249587039445553 105.5
2120 0.007211502393236209 106
2130 0.007171011784539397 106.5
2140 0.007128015477222721 107
2150 0.00708241675051013 107.5
2160 0.007033730223932297 108
2170 0.006981622346196056 108.5
2180 0.006926376542775097 109
2190 0.006868465489844053 109.5
2200 0.006808752324680426 110
2210 0.0067482138066406 110.5
2220 0.006688886801838315 111
2230 0.006632491154059761 111.5
2240 0.006580090703408093 112
2250 0.00653299296310856 112.5
2260 0.006492718039531367 113
2270 0.006461792699111775 113.5
2280 0.006442357850485653 114
2290 0.006435810059124552 114.5
2300 0.006442838297368277 115
2310 0.006463450489446439 115.5
2320 0.006496899584436206 116
2330 0.006541851981520664 116.5
2340 0.006598030037373372 117
2350 0.006665436130409806 117.5
2360 0.006744629676985252 118
2370 0.006836403500321758 118.5
2380 0.006939648276130825 119
2390 0.00705274166451775 119.5
2400 0.007170082870863488 120
2410 0.00728473703528817 120.5
2420 0.00739078625585554 121
2430 0.007485933308078394 121.5
2440 0.007565486112003838 122
2450 0.007626184756244854 122.5
2460 0.00766692432787741 123
2470 0.007690383809780807 123.5
2480 0.007698153371035073 124
2490 0.007691426701959332 124.5
2500 0.00767006948701741 125
2510 0.007633417215023554 125.5
2520 0.007583267011289744 126
2530 0.007518187321106245 126.5
2540 0.007441492747960065 127
2550 0.007359110953778447 127.5
2560 0.007278297611522656 128
2570 0.00720329071029609 128.5
2580 0.007134049722723458 129
2590 0.007069474788050823 129.5
2600 0.007010147714626073 130
2610 0.006958524102163156 130.5
2620 0.006917240260710569 131
2630 0.006890442377206776 131.5
2640 0.006878728654576168 132
2650 0.006881670198017974 132.5
2660 0.006896725723050248 133
2670 0.006921455926089728 133.5
2680 0.006951690568234532 134
2690 0.006982273997919942 134.5
2700 0.007009078766570735 135
2710 0.007028988620573961 135.5
2720 0.007040605795571871 136
2730 0.007044205808074009 136.5
2740 0.007040549496506199 137
2750 0.007032943087895033 137.5
2760 0.007021848884977372 138
2770 0.007009827155172912 138.5
2780 0.006998097244893882 139
2790 0.006986050132064616 139.5
2800 0.006974535757772124 140
2810 0.006965766193051731 140.5
2820 0.006961105503911187 141
2830 0.006963180637542502 141.5
2840 0.006974049146813493 142
2850 0.006993506104710084 142.5
2860 0.007019668389713143 143
2870 0.007049702400182083 143.5
2880 0.007081218259660194 144
2890 0.007112347397813547 144.5
2900 0.007141765543825676 145
2910 0.007169035469081921 145.5
2920 0.007195655007039236 146
2930 0.007224194055364227 146.5
2940 0.007256910809099912 147
2950 0.007295014284924444 147.5
2960 0.007338379808188715 148
2970 0.007385428360359405 148.5
2980 0.007432965302411871 149
2990 0.007477420793091541 149.5
3000 0.007515723640613632 150
3010 0.007545498146936033 150.5
3020 0.007565521048508592 151
3030 0.007574606845857916 151.5
3040 0.007571415663912362 152
3050 0.007553620122463153 152.5
3060 0.00751897842616979 153
3070 0.00746517997631129 153.5
3080 0.007390096860659104 154
3090 0.007300190084826249 154.5
3100 0.007204741573842017 155
3110 0.007113479835839593 155.5
3120 0.007032572539768848 156
3130 0.00696471340150446 156.5
3140 0.006913453607175868 157
3150 0.006883178432083691 157.5
3160 0.006871483897848973 158
3170 0.006875308400725848 158.5
3180 0.00689717414496562 159
3190 0.006933930496940958 159.5
3200 0.00698215983398395 160
3210 0.007037368772387022 160.5
3220 0.007091576053575401 161
3230 0.007141445002286969 161.5
3240 0.007185418470815727 162
3250 0.007226785240512363 162.5
3260 0.007269911316653815 163
3270 0.007324287104437299 163.5
3280 0.007393614716322734 164
3290 0.00747915306084256 164.5
3300 0.007577374375351479 165
3310 0.007683868683366793 165.5
3320 0.007793316220264383 166
3330 0.007903823137405001 166.5
3340 0.008012124586133974 167
3350 0.008114570531865522 167.5
3360 0.008210052916093332 168
3370 0.00830085484966761 168.5
3380 0.008389802443203717 169
3390 0.008477642257746118 169.5
3400 0.008565174880598872 170
3410 0.008653084472289284 170.5
3420 0.008740652280009644 171
3430 0.008826280054812247 171.5
3440 0.008908820320660784 172
3450 0.008986539728578456 172.5
3460 0.009057615515871264 173
3470 0.009119126553599893 173.5
3480 0.009169869195682381 174
3490 0.009210626974004887 174.5
3500 0.00924263041229223 175
3510 0.009265929554335584 175.5
3520 0.00928189466357768 176
3530 0.009293132091934237 176.5
3540 0.00930154782177608 177
3550 0.009309306902514004 177.5
3560 0.009318364251553277 178
3570 0.009331121413034969 178.5
3580 0.009350728279540674 179
3590 0.009380080624508159 179.5
3600 0.009419533428959126 180
3610 0.009468383917312244 180.5
3620 0.009525191361824113 181
3630 0.009587348995908495 181.5
3640 0.009651437781375921 182
3650 0.009713547636215941 182.5
3660 0.009770470536901103 183
3670 0.009820398347434943 183.5
3680 0.009863584125663691 184
3690 0.009900653978849113 184.5
3700 0.009933488465091882 185
3710 0.009960755445925059 185.5
3720 0.00998148450308381 186
3730 0.00999527362878929 186.5
3740 0.01000294084117185 187
3750 0.0100058621073605 187.5
3760 0.01000429998006085 188
3770 0.009998297523000688 188.5
3780 0.009987699791531511 189
3790 0.009971681003448602 189.5
3800 0.009947586900084095 190
3810 0.009914150990340254 190.5
3820 0.009871501184880609 191
3830 0.00981949348891345 191.5
3840 0.009759987558308108 192
3850 0.00969528763903574 192.5
3860 0.00962746208548558 193
3870 0.009559625132036734 193.5
3880 0.009494268233786678 194
3890 0.009433171479439546 194.5
3900 0.009376943378992255 195
3910 0.009326156336355465 195.5
3920 0.009280751527546519 196
3930 0.009240951745858096 196.5
3940 0.009206644227081824 197
3950 0.009176964849635566 197.5
3960 0.009150758041361468 198
3970 0.009126565807010895 198.5
3980 0.00910358372399651 199
3990 0.00908022252978153 199.5
4000 0.009055242404825838 200
4010 0.009027717863315668 200.5
4020 0.008997711363559818 201
4030 0.008965738006890682 201.5
4040 0.008932978190468756 202
4050 0.008899383741610346 202.5
4060 0.008865077670823378 203
4070 0.008829627212901352 203.5
4080 0.008792785133406688 204
4090 0.008754894146072594 204.5
4100 0.008716975298759208 205
4110 0.008680301743931824 205.5
4120 0.008646410040079289 206
4130 0.00861727801713583 206.5
4140 0.008594612165084439 207
4150 0.008580647243420315 207.5
4160 0.008576924580738301 208
4170 0.008585442889585782 208.5
4180 0.008606651021668368 209
4190 0.008640229950898463 209.5
4200 0.008683045215784772 210
4210 0.008731097647679979 210.5
4220 0.008779964325415545 211
4230 0.008826676867648516 211.5
4240 0.008870097680259795 212
4250 0.008910230156871531 212.5
4260 0.008946285236719802 213
4270 0.008978153500926248 213.5
4280 0.009004847613855777 214
4290 0.009025376987381886 214.5
4300 0.009038341630670247 215
4310 0.009040427959134442 215.5
4320 0.009029639045305474 216
4330 0.009004881180270567 216.5
4340 0.008965949512326722 217
4350 0.008912839034155427 217.5
4360 0.008847325190558877 218
4370 0.008771445300131443 218.5
4380 0.00868769129292922 219
4390 0.008597560576606763 219.5
4400 0.008501961078088127 220
4410 0.008402275747539142 220.5
4420 0.008299621184451104 221
4430 0.008195604511833657 221.5
4440 0.008092318547173011 222
4450 0.007991300026924716 222.5
4460 0.007894246210536204 223
4470 0.00780256376802855 223.5
4480 0.007717931741068427 224
4490 0.007642816950314629 224.5
4500 0.007579871201346962 225
4510 0.007530962075643822 225.5
4520 0.00749809700358593 226
4530 0.007482432899708754 226.5
4540 0.007484535540545302 227
4550 0.007503274324839399 227.5
4560 0.007534381613794756 228
4570 0.007574821376473551 228.5
4580 0.007620036011670161 229
4590 0.007664999218488448 229.5
4600 0.007706481047971355 230
4610 0.007743540636258214 230.5
4620 0.007772617914649217 231
4630 0.007792312002672976 231.5
4640 0.007799582256596147 232
4650 0.007796042914222846 232.5
4660 0.007787126360737668 233
4670 0.007775225861307488 233.5
4680 0.007757379452031673 234
4690 0.007732683348354696 234.5
4700 0.007698772893714375 235
4710 0.007654726123543584 235.5
4720 0.00760353426102458 236
4730 0.007549361522753394 236.5
4740 0.007496219278268393 237
4750 0.007449091023983876 237.5
4760 0.00741218574841626 238
4770 0.007384174032236655 238.5
4780 0.007362224022463143 239
4790 0.007345604100879768 239.5
4800 0.00733387791340326 240
4810 0.007325644991354358 240.5
4820 0.007319460906417294 241
4830 0.007318539465405464 241.5
4840 0.007325268452195834 242
4850 0.007338276394831774 242.5
4860 0.007353542554992328 243
4870 0.007371192129037109 243.5
4880 0.00739016704757134 244
4890 0.007408436594400873 244.5
4900 0.00742481417996187 245
4910 0.007439574854057442 245.5
4920 0.007453707422338508 246
4930 0.007468397230054208 246.5
4940 0.007483497977209621 247
4950 0.007499849229412246 247.5
4960 0.007517879189956408 248
4970 0.007537639629082184 248.5
4980 0.007559609840783563 249
4990 0.007583371262658074 249.5
5000 0.007607322462709487 250
